0.169780
0.860836
0.026647
0.913700
0.475974
0.623555
0.290569
0.216651
0.780532
0.408301
0.525415
0.217861
0.062106
0.997086
0.937631
0.348837
0.427246
0.834911
0.399955
0.121420
0.760424
0.093824
0.467431
0.179048
0.149611
0.319834
0.904385
0.294007
0.092428
0.151542
0.178178
0.699547
0.782077
0.267404
0.490745
0.405110
0.929337
0.199370
0.016993
0.060932
0.638847
0.785597
0.897703
0.529617
0.503601
0.217096
0.176450
0.893864
0.529958
0.094859
0.744045
0.651186
0.131010
0.576225
0.884773
0.651067
0.894536
0.826664
0.732312
0.940570
0.389571
0.019546
0.304497
0.407502
0.240784
0.564112
0.892936
0.892683
0.632799
0.366780
0.754537
0.513787
0.374502
0.723624
0.749873
0.954503
0.470126
0.872359
0.161565
0.784828
0.122087
0.477931
0.270184
0.491186
0.418269
0.346940
0.745190
0.716408
0.928297
0.409302
0.625687
0.344152
0.392688
0.967836
0.348837
0.074366
0.831772
0.425913
0.035036
0.018662
