0.775769
0.487884
0.180687
0.173566
0.017423
0.291525
0.026082
0.997244
0.650355
0.558431
0.803911
0.756691
0.885384
0.299747
0.315421
0.510307
0.049482
0.344780
0.094387
0.996142
0.482731
0.348656
0.415335
0.774658
0.836825
0.230062
0.119708
0.439869
0.957707
0.622489
0.764592
0.390933
0.675957
0.215003
0.105535
0.001945
0.816293
0.136500
0.051386
0.993580
0.380217
0.267478
0.329571
0.417256
0.275732
0.887726
0.091600
0.067011
0.838631
0.864130
0.646677
0.234427
0.725133
0.619056
0.529049
0.883197
0.970364
0.029855
0.974007
0.865345
0.483388
0.704595
0.673116
0.856076
0.537943
0.418472
0.827075
0.749303
0.768408
0.901152
0.905425
0.762792
0.599336
0.055690
0.087118
0.642050
0.465602
0.984053
0.775658
0.037965
0.512214
0.130509
0.787351
0.435812
0.522923
0.183558
0.069378
0.158393
0.936330
0.647982
0.370722
0.806684
0.197239
0.911240
0.885384
0.492509
0.149471
0.688598
0.694490
0.485359
