0.627346
0.613734
0.830041
0.296342
0.056772
0.489754
0.205814
0.974477
0.275349
0.494056
0.674182
0.880371
0.848916
0.065866
0.663165
0.782738
0.562139
0.491296
0.615034
0.495383
0.528253
0.870069
0.270108
0.145172
0.893864
0.515586
0.355027
0.364540
0.726525
0.563880
0.395723
0.771426
0.881346
0.315844
0.911627
0.093108
0.173672
0.720950
0.824194
0.671222
0.478911
0.508963
0.195419
0.152920
0.904305
0.648220
0.315928
0.027658
0.744847
0.066918
0.444786
0.614088
0.865904
0.034332
0.609125
0.417053
0.114103
0.346850
0.557505
0.817444
0.292644
0.617518
0.721880
0.949510
0.045981
0.563416
0.112554
0.740719
0.478802
0.735542
0.503378
0.057691
0.234156
0.537714
0.950998
0.386953
0.332102
0.158639
0.124067
0.624029
0.033677
0.615034
0.251890
0.986303
0.296423
0.763017
0.384539
0.022855
0.507956
0.867484
0.833800
0.953517
0.107350
0.831467
0.722927
0.550575
0.081639
0.984968
0.705181
0.587228
