0.36491271918486723
0.044373294777303014
0.55496049068645092
0.59451016614012619
0.74255542875553782
0.39660627606184656
0.49118587188885243
0.12398732972444779
0.32661960080849906
0.89428443301759342
0.62699058788021256
0.31643573073676418
0.26988193753948142
0.76098803622479783
0.5819541442486651
0.47869337285833113
0.67134041756249418
0.61420646433617565
0.44815075406501848
0.93125691563035085
0.36987523422850982
0.86478448005094677
0.60617395553035913
0.16367506449987193
0.29200447859802453
0.49660075629295075
0.89662496370670652
0.14389877629480199
0.41654738377241562
0.72327514063423104
0.9275296771592082
0.67702139186462484
0.043854129224324953
0.54298387800823478
0.58207121521998251
0.037138528888638105
0.23287486046095046
0.67003772236286574
0.65237225448282743
0.43705817895738408
0.2489709516699519
0.89411633603859419
0.91093036511951997
0.099198918180989734
0.15368546918824424
0.79530095362532005
0.57214071980225156
0.99136210140201986
0.87679750565943082
0.20863591973147358
0.51953179177008502
0.41412388749786039
0.37735231386967677
0.39533037890100847
0.038460962155384366
0.82809996669514818
0.70072208858863116
0.20080140998184678
0.059466783501659529
0.60287112056222059
0.31719805149181679
0.263015294291988
0.94782037641941408
0.48185700876419546
0.42663060154959043
0.44091302653319597
0.33079115764358624
0.4788022987536209
0.21671417042584404
0.58429659899171527
0.60688208071816829
0.16387725526897018
0.39190775096798131
0.34549923525917248
0.35456908174424812
0.1864665893555075
0.69331217781449039
0.91829490235936395
0.34856537890088335
0.57085877873704116
0.15962550303905537
0.81932173407691367
0.40650411491203209
0.73335084335267109
0.83349627241294866
0.70857888379646483
0.63398437188977996
0.72490078967569782
0.11932152366039252
0.62319988360228418
0.14004686786921602
0.85115541030203012
0.39093321043381618
0.54367249500275494
0.058094751512051346
0.33368032259154812
0.28276642157135995
0.61952975060519977
0.3697812011498593
0.70775927188707233
