0.79757171009386929
0.34164752437566148
0.75476360928549191
0.97236441352717029
0.67299798262569133
0.15163685423660334
0.7522638457687274
0.82656177848766044
0.72176422044264776
0.050434994088695471
0.22068453104076893
0.70213116807424636
0.52916223174072519
0.85684147104719477
0.81702577068334314
0.3659391097878732
0.70107443218934151
0.76683845433211917
0.73968565596522695
0.32731231761923063
0.74198197562855417
0.9121664877880189
0.68198679208368151
0.29192459671324539
0.28597887957803875
0.8837234760697017
0.41543559301461103
0.63647481719435317
0.17203256371481737
0.1973573429169479
0.059965406162529995
0.54688991596578496
0.13637001410367838
0.33959927874799206
0.18890011663707729
0.81387954675999508
0.39523233677252828
0.84012955724300953
0.90510537197865504
0.091722396034736933
0.34129070781700482
0.22004026980932628
0.53611428597806321
0.58969222326141457
0.5868757605212358
0.83298979470450019
0.43633096752241396
0.44300439519589274
0.83207675423843563
0.85482755615400652
0.81660729204853788
0.62817558435693921
0.84567964544235252
0.12295461196363972
0.93737209372467689
0.74140827007534549
0.27298511086993871
0.23748621089857938
0.3666867500723674
0.3614740617666945
0.96518491662223527
0.2674784039224582
0.54023239247526011
0.37859185786094124
0.54413173700974704
0.4218263979676844
0.78548678338840294
0.2995846101191465
0.91799738304375078
0.53086867202056054
0.40282481864133723
0.5902793471516361
0.14049018836486463
0.93023173374050261
0.083336520097970032
0.53177960336053498
0.12259887505632987
0.36230853884403397
0.9495674747652928
0.38136625482264669
0.14494412469680493
0.79789549072583477
0.11729310922897264
0.83268564477236851
0.97790552624949012
0.044199612016585697
0.44101746764258587
0.53497234909954561
0.30375625636227299
0.33508734538565038
0.99716091960481867
0.094136158822889227
0.36398126091233723
0.50493951372010315
0.65106720465429468
0.56480925038841034
0.90709299556579137
0.66067511252740008
0.94404542108779332
0.72234549992776886
