0.98708220704526195
0.24975157597591952
0.078019137260358862
0.24762702585834176
0.24348943213403748
0.86729843838222809
0.20937704587380762
0.93580558818255066
0.90874709318874958
0.77643519691569385
0.63339148393613121
0.47912914741181023
0.88703408767930314
0.91940582308664776
0.67418165944176445
0.7098662242020447
0.8958752681700779
0.035819536907540778
0.61066085292317185
0.88275729392304425
0.12885164779143915
0.72629294152990909
0.2603646119770015
0.38299855574282365
0.13671658824082772
0.71990283441445069
0.30905002675802323
0.10419231754543595
0.059384048399886188
0.32722567237034889
0.78658364920514423
0.93593690877579017
0.80348281368435825
0.22681393671060526
0.46893913091360895
0.19919212457525987
0.8472518393481141
0.65355861296415796
0.39307916917906371
0.7616648349048738
0.66411325233520913
0.32558243390935454
0.24016291187420957
0.92058246715167757
0.76695062039895223
0.1833359926978452
0.085466601466545569
0.61278788768473547
0.20152001993668978
0.85636297342376555
0.6856479141075551
0.032307585347377717
0.7925880132755152
0.78778839087566699
0.20987230328296938
0.34965188325176338
0.41583968076518885
0.44783475834971476
0.16894850015971458
0.95133845365003278
0.28456523848932697
0.65830333644939087
0.28222062548797638
0.80112473859506572
0.81723489163891516
0.41110612588667339
0.092922314346547782
0.56876271435811421
0.70424328171776052
0.32403097901144379
0.38627626013659838
0.014060145949902006
0.64584671771509772
0.28953555379136875
0.8222298143923088
0.004147675882699365
0.13602419395239615
0.55496049068645115
0.50784420322401003
0.5179522021529841
0.044357479422517318
0.85798728518002854
0.46281268381219276
0.36519245836442371
0.27366985485627715
0.41695209912051756
0.69801919903443999
0.18096161825846563
0.11207898476988032
0.98414010187241563
0.89595869044577825
0.60652800203682067
0.18107148914109084
0.51772670246132679
0.34191530248253249
0.98519113006453196
0.039741217923000831
0.55970465427234761
0.78789781815324622
0.73634904182105476
