0.04896010097937023
0.52439517566263261
0.58078373909287584
0.57389003535625149
0.45683342967626872
0.32085807539751604
0.10145095806205622
0.91695185392020562
0.67358985304257735
0.81786177968930507
0.78438836460102246
0.21211260269306073
0.25955873966571913
0.33315373512786506
0.91331773869847743
0.40750194331427281
0.61775471769355939
0.55877800674022327
0.3914202940239111
0.28346930433329492
0.2067923261125266
0.43301507592951743
0.91687692300133417
0.58136887223290801
0.94144934695063121
0.013316401739711959
0.16591069425940311
0.99928200186789773
0.17866701319124023
0.24600765822102724
0.14151438029031829
0.56260334606744533
0.55947294950770377
0.2845652384893273
0.43945226287715922
0.18986935809197641
0.73311995553282616
0.32540979544952159
0.15225375086570425
0.38937705522870281
0.86234545414908514
0.30697436320650295
0.041683578286208514
0.16276779181291998
0.39171272340639257
0.15426133552626842
0.43311848559495147
0.16755260328897298
0.94758496364006162
0.89762068115968519
0.41755959929407416
0.78152531027446104
0.60711815091794818
0.29296430511707716
0.16946795519692079
0.088857010711001536
0.92689865366997259
0.72513289656820357
0.17150656679015627
0.27973547555120565
0.82993947523478451
0.78163561705398266
0.594392561900982
0.54688991596578496
0.1864665893555075
0.68765410055905818
0.01317423885015032
0.64489753746754297
0.23878732749021603
0.58828362985990545
0.5606317574966303
0.18998365360781913
0.76177759102719778
0.72176422044264776
0.81356396224704675
0.59745172429288895
0.21099006947207016
0.92815790454277958
0.44227180705995939
0.28818813010738908
0.35219584249492519
0.3337681426554272
0.18680459918563305
0.46937056608496053
0.20140010728407692
0.10323739340826135
0.28890089843565214
0.23126416837204461
0.25941242132981607
0.39542843586881382
0.8131429132474679
0.12406708007740898
0.30342756743659227
0.53462993833049577
0.23026193392491515
0.58980963823721155
0.11233479583592988
0.29553507225004449
0.068737840562858282
0.14984574515212221
