0.081777178204722217
0.14111285227601236
0.45576990903261505
0.17645029960047401
0.0030424617981311426
0.92175047020009193
0.9422596597859999
0.954503377601156
0.19653324366806599
0.050935629626758218
0.77887347549694219
0.53508650353152531
0.60511201167565076
0.61077899457160267
0.58546863084381573
0.037855766460792736
0.044818244901682812
0.4208082305118922
0.66885322212511455
0.14640927659592667
0.61621683415325423
0.47066604789715272
0.48503047278754585
0.87135339372199416
0.90701387498475583
0.0045011559954013644
0.69790161971019682
0.56922832667955592
0.8212968076313798
0.054455140198507314
0.090053626309292714
0.13184864296070928
0.10532774191822018
0.72292658432669477
0.13885587514398123
0.20624181175914685
0.25715250281837582
0.8440025426622374
0.19800681721793917
0.82584233402180152
0.35851722267550779
0.5775096112546485
0.56271938451949488
0.73669458217673012
0.66956394805846764
0.016529442552559673
0.051368375111323555
0.10031935642071506
0.58218829169343411
0.1710343146086932
0.50683793688846146
0.72895788967715092
0.18523151364350987
0.65142313229079618
0.74724800290177285
0.11870597891670615
0.44405208422642817
0.23510389596841938
0.016529442552559663
0.63493305519185228
0.96841307493739037
0.16729516363827146
0.80742904480797018
0.48415406017821561
0.74827569909329372
0.95915638764208488
0.89819946352591828
0.80369675669816643
0.15546691424948603
0.36249414884521108
0.41958829373833612
0.15050352947321566
0.77986891462643071
0.82830469814065977
0.29723101788242096
0.89030215575207761
0.36267982087572365
0.11454848936970671
0.31881163694355397
0.41654738377241562
0.68529376558764632
0.3177069829575882
0.42847867826901137
0.78910046935709133
0.76380504823760098
0.5517277333746603
0.035586797576550179
0.56016814917992619
0.20611963566343364
0.84052840524863803
0.29104694836304268
0.71943718477789953
0.048357357207055605
0.68080506696445942
0.72803145673846625
0.84508850545233039
0.45715273577770543
0.68115961965416671
0.79465079807955907
0.10745523707990841
