0.558894
0.022991
0.314999
0.070433
0.481092
0.581135
0.287398
0.527458
0.572024
0.306643
0.643118
0.474129
0.602871
0.387922
0.407901
0.501708
0.307389
0.349289
0.987635
0.424685
0.753287
0.938534
0.958694
0.968192
0.503490
0.946041
0.230729
0.704478
0.027193
0.531666
0.410504
0.149893
0.567483
0.296019
0.155806
0.205083
0.719204
0.194311
0.751923
0.770980
0.671696
0.056042
0.116309
0.150692
0.520322
0.017077
0.805406
0.075669
0.427862
0.762792
0.755558
0.314072
0.137151
0.248758
0.237076
0.622489
0.577977
0.348565
0.148212
0.475323
0.649643
0.381462
0.811033
0.041208
0.064049
0.862440
0.474021
0.828305
0.320346
0.154935
0.051896
0.769079
0.291446
0.825431
0.050151
0.460459
0.477170
0.644779
0.558662
0.978959
0.543902
0.409903
0.526436
0.110375
0.492399
0.721532
0.809022
0.649762
0.507173
0.412111
0.250249
0.973810
0.175752
0.343525
0.731849
0.594040
0.374028
0.683050
0.002321
0.214309
