0.42971322720203353
0.56411238260431329
0.62438425627500083
0.65806613418159277
0.66233505615567945
0.5818370787883087
0.41170864288251291
0.73161830722967058
0.56434464470417955
0.62592424767086263
0.094606757207128966
0.39347011873863535
0.060111554333602858
0.39995505506619433
0.39298146901934
0.82840703194362864
0.42817035287005017
0.77209580659247556
0.94752601986802287
0.4122111363302528
0.74358700280193124
0.58253955403825131
0.92247606892105671
0.72013561413356919
0.21550890261208708
0.093792375034896611
0.57821083092391412
0.47553969190217116
0.84479261642707704
0.15923015562111451
0.82367786224550088
0.82553368622120971
0.18085180239049306
0.6856479141075551
0.49770908633412225
0.046938542841735098
0.36649974733964186
0.65996362935439601
0.91301146080007944
0.0096205463809068293
0.56887910773713024
0.22999524850875144
0.83319245168490674
0.064404532890260657
0.74838983347491284
0.97895904604028505
0.22347192406125169
0.98221396668776406
0.26294138923958604
0.24223782587466364
0.41472898960088589
0.61077899457160267
0.50572085143154566
0.85076680045373554
0.26680532154601544
0.85396106992453791
0.054627256446683641
0.46840011340413557
0.23666730473227451
0.11507046818357225
0.4730456575048908
0.63991470007483053
0.51098014811712311
0.97293218193457753
0.099395835195559321
0.058889839497826169
0.81377437121156126
0.85597972169207515
0.33009335649669613
0.77599112230368816
0.098871489525878528
0.63967744548556604
0.49162690187235092
0.77588006785343366
0.071014229207564464
0.1562912429843103
0.59533352248796823
0.61349712209101226
0.15378132052552837
0.55935710782575454
0.50282134045325155
0.84042872768449262
0.39552650767351299
0.45811134439168066
0.22986199686228734
0.76986227835104726
0.53189351011724506
0.56585500801385136
0.18035831135790645
0.71652419922463451
0.25239112253440321
0.75021449620518044
0.20931520472492393
0.27222578784161344
0.59603943124750947
0.865624615454338
0.20679232611252654
0.5002623686189458
0.65106720465429468
0.058542049222964208
