0.31247571622396081
0.86683435304422396
0.15638846481488902
0.57879533998665667
0.036473487867023334
0.48371613150965886
0.48185700876419546
0.49405576139908713
0.18731255655092147
0.99417548170937775
0.67299798262569155
0.080000060818933807
0.55623210910629939
0.36175208113412777
0.71500766933669269
0.14549208706457917
0.9020460969296108
0.82088160901292251
0.82129680763137969
0.94119880194670891
0.55241996706699126
0.013234987885425285
0.236735462661329
0.94250776770592037
0.13554992024366758
0.6029890279122081
0.50226456187872148
0.73335084335267109
0.076757900948511856
0.59662781022950639
0.6058199414604879
0.62782006676335611
0.5056092003246464
0.6022816421085011
0.66778699319388768
0.64549077384952291
0.47782239227049439
0.2715437498288778
0.03857195830259811
0.12567144589924856
0.89361131535973626
0.021634938400992818
0.4230500582464381
0.56946117156201903
0.59180643664621191
0.37072222395158971
0.20152001993668986
0.95362694810120385
0.40133891628601853
0.95638794648117031
0.72582902187248743
0.59451016614012619
0.34066688652400723
0.16041867477766336
0.97478681496761765
0.87553614641029076
0.56864632746058796
0.49604700146041425
0.67051146139753759
0.87616751120405612
0.052631391756552244
0.21862815427913262
0.93769587988124081
0.82470970674981714
0.062256713160200393
0.84311191485750736
0.25060531105148171
0.12192936369134851
0.93756647188276199
0.13806670597464368
0.43809820561479773
0.37906929051477672
0.86234545414908514
0.65284680431731346
0.88152255619785846
0.35741251562619175
0.67631160931769019
0.06420451149003141
0.87814285946661541
0.55438277951459014
0.70834474005705927
0.96532503918018842
0.25138986930055396
0.49959574355443825
0.9085901728453416
0.17287694948704621
0.72269417408366277
0.31796166395503872
0.24106033988802134
0.70647070151280134
0.54321338412489872
0.56876271435811432
0.36286555492374895
0.50482793601552545
0.75021449620518044
0.12402719934567215
0.19176244144250953
0.89276718717815728
0.44447153279798546
0.83410331940525106
