0.316859
0.333593
0.988578
0.169884
0.971249
0.913011
0.115332
0.211488
0.532121
0.519645
0.808810
0.264942
0.666365
0.196064
0.664587
0.875626
0.474780
0.934152
0.210182
0.469910
0.949740
0.059198
0.640745
0.050417
0.956918
0.243072
0.942011
0.142141
0.572141
0.773211
0.625332
0.068832
0.353199
0.719088
0.533147
0.754537
0.066757
0.483388
0.869701
0.698842
0.606174
0.535772
0.074189
0.920142
0.950771
0.008250
0.958020
0.611133
0.179866
0.880371
0.585820
0.495383
0.599336
0.292644
0.698960
0.799835
0.760762
0.580199
0.369123
0.467108
0.253180
0.287951
0.034232
0.583594
0.010564
0.892683
0.778984
0.081501
0.061527
0.611606
0.453647
0.192512
0.586641
0.235307
0.964668
0.258609
0.212738
0.416345
0.025747
0.355027
0.162215
0.789210
0.720252
0.462170
0.034407
0.231666
0.921823
0.814615
0.554383
0.540805
0.751809
0.169104
0.835113
0.744045
0.045187
0.382230
0.090024
0.618465
0.653440
0.619648
