0.153638
0.337471
0.060763
0.126116
0.677613
0.445941
0.452799
0.181456
0.721880
0.781636
0.903823
0.450260
0.262056
0.537371
0.260952
0.369687
0.826254
0.382710
0.900009
0.868594
0.383961
0.692252
0.739801
0.387534
0.799189
0.380983
0.901152
0.095808
0.351650
0.748846
0.084438
0.759181
0.726641
0.978541
0.911163
0.339777
0.675838
0.476409
0.603579
0.773990
0.573423
0.906221
0.242585
0.227606
0.076576
0.806791
0.649999
0.801339
0.422744
0.488104
0.068479
0.162667
0.523263
0.541378
0.818071
0.899270
0.790410
0.861969
0.598747
0.390447
0.122205
0.783839
0.316774
0.377162
0.503267
0.907014
0.049851
0.626872
0.967836
0.159873
0.119437
0.298609
0.791064
0.971082
0.660794
0.945078
0.263977
0.365752
0.024391
0.388503
0.764592
0.539889
0.802090
0.803269
0.537371
0.296100
0.380408
0.729305
0.603107
0.221524
0.322056
0.379165
0.901559
0.740030
0.482950
0.858464
0.712555
0.077570
0.624858
0.163019
