0.75589801124748512
0.60924340812671529
0.041297088458955973
0.93091605973881464
0.56109547870720966
0.0091172850849672426
0.023880400291890314
0.47196328763165507
0.44070418460742344
0.11581975354652274
0.91822057274210001
0.30457909649103743
0.86159143298631546
0.68434920501336749
0.0078124182103050735
0.29448872779779639
0.27306113021467521
0.48251278541290554
0.11740711796228344
0.34218322258016398
0.72455256864956408
0.95235070729995297
0.66186081403276464
0.020615383037074653
0.27734349506113992
0.19682724311204175
0.21155073958607373
0.69519591502630551
0.46937056608496019
0.17287694948704621
0.91866604793736184
0.14084570810286434
0.31440919195071559
0.16504391714138494
0.76537910448557733
0.92225874560944765
0.56341576005962624
0.00074242705205198342
0.72246173246754186
0.82522485029828485
0.41897908958276864
0.91007568741709388
0.11026654582363582
0.83106019367735395
0.71978643326028435
0.67595667959436256
0.86309780900141542
0.48251278541290554
0.54953748817126868
0.53348914030133421
0.089933322218074804
0.38821245530192333
0.5483858566918185
0.80326879904702975
0.52280981515862812
0.61609855449819784
0.23947435136907985
0.7961668853958721
0.58359363532226616
0.14526355542066244
0.6868281605388582
0.97585418804160085
0.19343876212864547
0.13854851823705677
0.76470481775942822
0.43737004463431972
0.43612331514112368
0.31974844840714889
0.57155792507840741
0.19257021300897709
0.17425642166104682
0.3130632716858685
0.87245016513496132
0.48920346485904953
0.60027815580688437
0.22806903520992028
0.45534486031306576
0.47564827244104624
0.98646127724438226
0.16688394757792424
0.79247928020421965
0.29626104429771549
0.82056999723231372
0.13197481039062334
0.9165017687593815
0.57412338192691581
0.8864274155936398
0.093543051045986078
0.51513628289751767
0.32974483700337298
0.28268840300125153
0.64110101188032353
0.73150273332758164
0.66991928206374718
0.29755485315220725
0.28433013294566162
0.02292290154815917
0.097409860449817726
0.16362454948666488
0.35649364062289329
