0.99892917811874993
0.35851722267550762
0.50115180412314797
0.5331470729915383
0.16637111573449617
0.19130210160907155
0.36949919422643684
0.83187361612644883
0.12279639627396832
0.15421327711637223
0.45492001746255439
0.1740436020852838
0.8516406219956304
0.065368027504593126
0.62225254094636129
0.038641481830638882
0.15272973114198146
0.84241789668098066
0.68198679208368163
0.67216925932975502
0.25635421297938882
0.86243958977050239
0.87948185928511191
0.36240133609021857
0.59674549918834685
0.48054671873945187
0.14636330055766944
0.0036407627600806782
0.4397650615403681
0.20987230328296938
0.29658411346640584
0.518516122315553
0.96972193473917234
0.58125183445962869
0.51862893559866063
0.91544691460858685
0.96774637628082316
0.098252007248275278
0.81335347622091458
0.25181860402941109
0.88910312120558177
0.71465753250439223
0.14049018836486463
0.65652422318296688
0.54183684302236146
0.936264591605247
0.303017065573848
0.53326108657420135
0.93071112773792053
0.18652288943826273
0.68765410055905851
0.8583684107617926
0.33685182610901326
0.67773106971330566
0.088797553613259209
0.45396487519577633
0.72698857306049436
0.19848025134254366
0.35833294908666685
0.16131494982507671
0.71045112398564547
0.45195190507474703
0.56086360402243018
0.058951409665484775
0.11149618724265221
0.017213096445652304
0.7262929415299092
0.59545116280817445
0.7338125099686138
0.68552986838097496
0.31281136644401969
0.86140266812683353
0.2080199260266333
0.30007323648482032
0.043635577650278944
0.84301283931867654
0.70283540945808887
0.8701607897839323
0.044120873110132845
0.70682220281694408
0.89885907101388707
0.48262212234390667
0.8509611542580966
0.97909713665940179
0.83095841822841432
0.44909945110507998
0.15022132272736494
0.93166479087468479
0.82748526265973121
0.93646077684773499
0.99467578397659739
0.32722567237034905
0.29128611567230334
0.46088644903039289
0.99380410186041579
0.78383857730487083
0.94281709507597333
0.68269566391871617
0.91620104632424737
0.91185824164993778
