0.249681
0.605820
0.993629
0.112958
0.795193
0.442690
0.209253
0.980215
0.666484
0.895207
0.164384
0.578445
0.021076
0.485688
0.432498
0.509523
0.878947
0.279890
0.145081
0.374786
0.545510
0.413117
0.636712
0.415234
0.115820
0.567948
0.742097
0.060279
0.151969
0.394253
0.717457
0.551036
0.132692
0.476843
0.646677
0.710568
0.098219
0.867298
0.716408
0.458538
0.065233
0.280433
0.184561
0.491296
0.650711
0.357137
0.695667
0.768184
0.958694
0.109120
0.045445
0.831569
0.925344
0.959718
0.251461
0.246570
0.570393
0.200323
0.451106
0.098285
0.132649
0.864223
0.486456
0.221783
0.537486
0.311638
0.308884
0.451846
0.221201
0.311554
0.804872
0.464421
0.520661
0.363237
0.484592
0.338179
0.381270
0.683050
0.299178
0.010556
0.665536
0.903823
0.990943
0.284017
0.556810
0.298366
0.634577
0.871170
0.290330
0.548271
0.649525
0.762679
0.543213
0.866184
0.801661
0.886167
0.447624
0.493614
0.701309
0.824607
