0.109120
0.838631
0.502710
0.492509
0.304497
0.207774
0.484045
0.631613
0.765604
0.849794
0.924418
0.339066
0.097798
0.322742
0.762792
0.919184
0.961970
0.523829
0.214877
0.443842
0.305899
0.802841
0.269581
0.675010
0.858844
0.398771
0.890558
0.744961
0.004901
0.475974
0.578912
0.638135
0.889189
0.211925
0.409202
0.003700
0.629124
0.660675
0.403817
0.335440
0.854924
0.043682
0.335175
0.679741
0.559589
0.639322
0.632680
0.809234
0.722462
0.957550
0.026334
0.874813
0.171087
0.288346
0.345859
0.929060
0.628768
0.679978
0.911472
0.987808
0.660557
0.955263
0.251962
0.761890
0.535772
0.196886
0.639559
0.275732
0.629953
0.422642
0.897869
0.022374
0.740605
0.123987
0.020841
0.185176
0.922621
0.324978
0.041728
0.859699
0.709866
0.237281
0.031344
0.924204
0.406105
0.123510
0.513899
0.388019
0.420198
0.398870
0.765491
0.903420
0.001256
0.281442
0.815140
0.979508
0.138680
0.007889
0.437266
0.396213
