0.355576
0.538401
0.200264
0.396312
0.328614
0.995920
0.943310
0.242168
0.085639
0.319578
0.082693
0.089483
0.907725
0.431156
0.385697
0.295938
0.803055
0.843310
0.234427
0.149097
0.560400
0.626635
0.665891
0.807004
0.726757
0.573657
0.554498
0.179975
0.756011
0.535429
0.051532
0.388116
0.799512
0.461207
0.558315
0.480438
0.012845
0.609125
0.044421
0.439661
0.653321
0.666247
0.645728
0.143401
0.836926
0.974282
0.478367
0.495383
0.031298
0.308219
0.939556
0.452058
0.844990
0.909764
0.574007
0.401240
0.578678
0.040013
0.730809
0.820050
0.878322
0.836524
0.721183
0.856459
0.356585
0.441644
0.756125
0.884074
0.536000
0.898777
0.882493
0.923845
0.830551
0.387728
0.478802
0.649525
0.344152
0.664824
0.238925
0.598629
0.562371
0.335704
0.293285
0.504159
0.312979
0.540118
0.936395
0.055690
0.721997
0.123549
0.681869
0.694254
0.916727
0.031608
0.644898
0.314662
0.376876
0.013159
0.314662
0.844694
