0.259412
0.311889
0.469802
0.456940
0.326447
0.399955
0.948756
0.448783
0.466355
0.275808
0.104227
0.003823
0.114586
0.349108
0.326014
0.967207
0.913700
0.688598
0.735427
0.692723
0.280510
0.659964
0.136717
0.184784
0.294167
0.489534
0.661387
0.115108
0.836020
0.675720
0.717690
0.769303
0.500151
0.256427
0.244466
0.232001
0.980711
0.856171
0.698489
0.159378
0.209068
0.759633
0.550690
0.627228
0.398476
0.794109
0.956121
0.135120
0.974979
0.776102
0.158049
0.539889
0.663758
0.276345
0.531438
0.150645
0.068596
0.759746
0.072959
0.540576
0.691427
0.723507
0.613852
0.627939
0.679859
0.515812
0.208883
0.780421
0.448572
0.745762
0.058603
0.339777
0.419791
0.564925
0.577159
0.779316
0.854346
0.354020
0.072338
0.371759
0.891325
0.585234
0.978436
0.522244
0.114660
0.147887
0.216905
0.158639
0.227474
0.651423
0.904705
0.624384
0.908433
0.375355
0.820674
0.063674
0.322142
0.787131
0.825842
0.848622
