0.251176
0.871262
0.630665
0.523829
0.393763
0.790519
0.525189
0.245306
0.455557
0.106195
0.266283
0.737846
0.876887
0.229463
0.532121
0.872450
0.671104
0.029702
0.747476
0.996142
0.004933
0.075361
0.144762
0.085870
0.129430
0.106091
0.914233
0.839930
0.071625
0.586993
0.273365
0.436227
0.035075
0.726873
0.872906
0.408201
0.708930
0.215889
0.367716
0.237213
0.552766
0.853961
0.068197
0.525189
0.641101
0.610306
0.903742
0.512102
0.246289
0.289853
0.027405
0.465817
0.407302
0.823471
0.462277
0.284408
0.508180
0.762904
0.980048
0.528026
0.168897
0.774324
0.192281
0.500596
0.851058
0.680805
0.701779
0.231130
0.587110
0.066162
0.488983
0.425094
0.781305
0.604404
0.330878
0.730347
0.689187
0.788226
0.135292
0.650237
0.983878
0.912551
0.580199
0.864878
0.108800
0.729305
0.505833
0.377352
0.078444
0.611370
0.460673
0.305651
0.227078
0.104124
0.631850
0.783729
0.034532
0.695431
0.382806
0.019059
