0.071453149039711006
0.82357456400132889
0.075104799756143481
0.44678229575695816
0.9256991107240311
0.77231885750327733
0.11008672200137125
0.45789823087384673
0.78064231665498307
0.55034409537622908
0.67666651351596974
0.61621683415325412
0.32826646448282393
0.40730226140279485
0.61680827371392932
0.49560419514195142
0.015065556371480916
0.95547817919243017
0.21907668006344255
0.1307595367066727
0.24071486750865534
0.31013331553556928
0.67915010090163275
0.51941890079122843
0.11145985063953875
0.37062805249022013
0.61515241802822862
0.20128025238153005
0.67157724134721375
0.68859779140577548
0.24064581920543682
0.45992486522332299
0.3070571981378587
0.11570709004939744
0.69307662676022974
0.12506771589446322
0.99023641213608138
0.41211060886382489
0.890728963435236
0.7795372342927489
0.82378113984247459
0.54332814952494912
0.22210717488463169
0.42111353263121126
0.38792164286997838
0.07908436533686268
0.63351005903490054
0.65925210252061395
0.13486260222275159
0.4819662756867702
0.16051805379263764
0.18041308874213752
0.88161093874088947
0.58382793509228725
0.63777951660065924
0.062733123436752136
0.67181405569846264
0.30121559993576641
0.61633511657406093
0.81587419732901922
0.57879533998665667
0.045331802076264645
0.87805336642971166
0.73945580607704375
0.25563013712721699
0.56887910773713024
0.98793029650777386
0.20728266469037826
0.86739117531286936
0.69448965491405157
0.88608009920534814
0.31872656790454817
0.22036221348698087
0.81713034103649984
0.59063168004397804
0.60534797360927628
0.71372353016664025
0.57879533998665678
0.3500145535123303
0.8594144015606201
0.54665989060304332
0.91605048562315472
0.99331820459972886
0.53440170832815226
0.88328473655003392
0.95665351296210677
0.22543306671735749
0.027023424468763307
0.70154414749416349
0.88116873907701421
0.8108216747177367
0.060299936343980093
0.01440812712576596
0.81050443028005803
0.93750171464583099
0.25548550954302007
0.54723501388152962
0.95145150928198796
0.80965761672614667
0.70060462990921213
