0.081584
0.232942
0.802733
0.952686
0.502265
0.620358
0.984429
0.270863
0.339599
0.419284
0.900009
0.678914
0.068056
0.155515
0.684822
0.140712
0.532691
0.492730
0.812405
0.914993
0.519983
0.876438
0.600632
0.889618
0.516938
0.580199
0.734735
0.038628
0.856459
0.479238
0.707525
0.229197
0.311136
0.899435
0.013868
0.189869
0.577042
0.283391
0.224582
0.707057
0.250748
0.415739
0.693665
0.367342
0.506950
0.408201
0.734159
0.066094
0.747705
0.372042
0.289536
0.146409
0.603932
0.329136
0.445521
0.644660
0.084723
0.630546
0.156097
0.799189
0.874722
0.184449
0.639559
0.776768
0.241199
0.160270
0.558894
0.181952
0.998364
0.267179
0.929957
0.911627
0.384925
0.232337
0.538630
0.710217
0.019031
0.261025
0.323601
0.377829
0.240370
0.477387
0.987610
0.058156
0.283626
0.008150
0.551612
0.547120
0.007500
0.006419
0.694019
0.446362
0.463027
0.227342
0.203265
0.360363
0.282532
0.658303
0.702601
0.324634
