0.68352252207120301
0.54252496471653389
0.40401591360309047
0.24161389632653726
0.41291523114118511
0.2904098703372226
0.18366933160524704
0.47902018603551366
0.78515742016441104
0.080000060818933905
0.94113607621077189
0.065052903851126179
0.79983491757723013
0.041415653496659245
0.77398996733872916
0.81963407150209422
0.60853486561277093
0.85066958692543093
0.70635352234445858
0.73865102360235113
0.2591199728121138
0.90866864917544699
0.27580837358563881
0.17769100078998584
0.67808586856272857
0.089723134423887865
0.80625844451529771
0.017462276116464604
0.18590435550712042
0.063081684625994255
0.59698089019368328
0.46152807371485105
0.79530095362532005
0.60098513627670069
0.66126798002495923
0.42888997296097331
0.84012955724300953
0.33605702606059396
0.74781905316846986
0.42663060154959026
0.6171631701168353
0.25411466402799771
0.22366742895768554
0.026334155697929278
0.99214362822442825
0.72432038099605123
0.2158255587369233
0.42101175114306466
0.67134041756249418
0.43924379784645329
0.48360667832073068
0.48546895604351425
0.35814873778230272
0.940127601144092
0.30146079925946384
0.080624886690972786
0.60051379973188301
0.074977011783024877
0.64288058266110371
0.98731028593084447
0.90622090491611018
0.91777389225908435
0.70447784676035119
0.61266969258538939
0.58934000788645025
0.27888496215229114
0.57260706790743787
0.59674549918834652
0.64643995992820225
0.012403516355011988
0.79703173354076928
0.83802960791538095
0.80615191635074013
0.29674574380842045
0.46495771381217676
0.31838645116565772
0.40282481864133746
0.73173387225798725
0.45163449607716322
0.45566362756774004
0.02338833661253575
0.39005740174221198
0.38155806303157502
0.50449326598796651
0.90269395036182676
0.21386826386631366
0.66340201534763499
0.087322608211756678
0.67216925932975502
0.92014223639503701
0.59674549918834652
0.34956125490634105
0.081226639135110509
0.70436056713588036
0.44352807306278941
0.71978643326028435
0.0021297035234091577
0.42961027198749763
0.49195779201831924
0.089095194085937898
