0.80090994366360835
0.70283540945808864
0.76773541364870934
0.18389183455575148
0.023388336612535688
0.32679268461004274
0.43633096752241396
0.96747740347470568
0.67572004575838074
0.95718190122155478
0.6902486144162252
0.30905002675802323
0.13680334972051267
0.1754843300450957
0.2906486550350843
0.35137680143324174
0.96885299414008363
0.99971976180436073
0.07929897221253196
0.61196058670190356
0.68222309649335633
0.085466601466545611
0.8021976555189716
0.77920542112147839
0.19303304236248123
0.2490418398421895
0.69531360830617017
0.86497136178749634
0.46270556381694639
0.45078864513616257
0.64999940348307772
0.25999807107158524
0.001465854105556669
0.68552986838097496
0.38290241694793087
0.057189532567277594
0.95002784794029849
0.40143787374217488
0.95099841272033392
0.020809357943465581
0.77532458152876826
0.69684317810529106
0.17623525975220106
0.72292658432669477
0.27849900022169244
0.17219062424321854
0.99205090920326655
0.13828553333660645
0.75032844395938003
0.49019421169257871
0.62225254094636151
0.24642931179756308
0.91385245827415496
0.83602037469782964
0.34316681067713212
0.9101535480491908
0.4307435393023592
0.10378211581659909
0.26331107175543533
0.31424072851987894
0.38415340039322443
0.53965977319173863
0.00034254444391144283
0.60440421476921302
0.61349712209101226
0.33579237766464831
0.0915084904093586
0.92204111679563117
0.15201623195058361
0.88214063046903457
0.70787637790613445
0.31331532055919775
0.61491591226980646
0.22314638313533916
0.11676234321265022
0.81208894817185673
0.98258565533944375
0.406404412026588
0.94776157757775525
0.0014364174203002357
0.67098516440531841
0.52054824549685508
0.55357429846204576
0.81880077089114256
0.69872456731012433
0.81145565307635903
0.054838297327994126
0.19262801710380908
0.73115595851348525
0.18641030322373492
0.18567985215397045
0.069473297192347766
0.092891373791275503
0.32748565580948635
0.03458188247677401
0.28660882003464516
0.14349147982774885
0.7250168471766637
0.49228878284629374
0.19588770179224985
