0.31660502370901178
0.32540979544952153
0.587579603705779
0.59110152504048541
0.48975376676560578
0.36091844220272284
0.45587620334688128
0.29152542647590945
0.052225629491578815
0.9793032263095488
0.019073633146798635
0.22230173379674373
0.73819093418508086
0.53588582894769754
0.78008996086040161
0.5884009852039509
0.031183616617384009
0.97875086255799781
0.15726575857874078
0.94447193501019744
0.71255541341747497
0.36621935905568365
0.57085877873704116
0.50159677906025257
0.16286839116687549
0.86581102109627128
0.45662062296247885
0.3617520811341276
0.36771636859818063
0.74163778247821555
0.37811480561483857
0.3939591405818042
0.81534997057181602
0.56202325774364748
0.36027092610729083
0.81071594544649839
0.95340637995386834
0.56969404216968922
0.75010053736219606
0.88363578613731164
0.76762333998513732
0.92626483948551919
0.93814768929844439
0.96924581452824088
0.91046466545281357
0.010281098018052388
0.36827876529203896
0.21882029010960827
0.72849474129312575
0.41543559301461103
0.95992123273355123
0.74094912503599797
0.92940594971513157
0.69260546981843274
0.73358169486732761
0.73853601576515049
0.29618031690348789
0.4648503436253375
0.031343551507902141
0.2450259669059901
0.70764215970130306
0.70494690706528362
0.10525861964947497
0.10088375643313724
0.25469117497791671
0.76121368558581171
0.27245341859839234
0.32610073106762028
0.60074945991379758
0.35539304964202578
0.30722291590472478
0.10692861113703968
0.91392871502595474
0.069497139743667363
0.72745216086246911
0.21437200954138536
0.75010053736219584
0.55634775509325074
0.16156466025656374
0.19871731269603449
0.81261616991955921
0.3463090926439622
0.69319440458250292
0.10883513781330374
0.48240346013679847
0.047222549966380839
0.32077262387002181
0.55866220804397926
0.43737004463431972
0.63552601928615249
0.95936115213720974
0.22602405329548286
0.41020332358750905
0.17926564458272773
0.0013046852067812008
0.36799749757424249
0.31155399488388785
0.37317607084711191
0.67796760528025501
0.71594105979021205
