0.50092938087975891
0.3701574257534434
0.50616756041539313
0.39415485344714407
0.5393163030079019
0.57879533998665678
0.41583968076518885
0.5729568941537444
0.96588224213418383
0.48404456063479984
0.57330677600297308
0.25253440796778959
0.64371108238899266
0.7124385646855661
0.54183684302236146
0.81524506663872476
0.28331299683475403
0.062972570454673582
0.28771366812623289
0.63422153564411654
0.6339843718897803
0.19871731269603457
0.9275296771592082
0.85396106992453791
0.89495560229668092
0.21286361139179749
0.85893933451024362
0.93186825687149111
0.48087413298279091
0.22464698385199575
0.89234398838354667
0.20906798678228375
0.07605654525154916
0.99380410186041579
0.092459166185839603
0.27298511086993871
0.71220484717832178
0.02871566596437284
0.64252466004946995
0.11653551375339946
0.12749779064788072
0.087527776063749868
0.56097953784898202
0.025481624253007693
0.87025269168504149
0.53840075597911252
0.98751085082721934
0.46174204952612219
0.12757949132959559
0.81587419732901922
0.42786215239208603
0.47445454651509666
0.93314956045124908
0.31205651255870676
0.95274117161932981
0.022685013674752456
0.2518186040294107
0.1585894733377762
0.27919401745440775
0.88651417126982524
0.16853389301854815
0.73138715056520209
0.29352526454562727
0.72141535980007576
0.31830146183685842
0.25224789943241649
0.85309256999026339
0.41766089911748039
0.18629777280526694
0.95019988802362254
0.70436056713588058
0.24586723089686793
0.4390353867805471
0.62473960878128265
0.16817180857725986
0.48218484457036503
0.80026513783910291
0.88512256147556878
0.64442295221024315
0.40900140710233085
0.35962417156931631
0.31906693970552819
0.21715956849929649
0.70001725599054343
0.73231156382095564
0.73046217111266598
0.79562580456114396
0.10299987066183935
0.43872287143238575
0.030462151887346911
0.72490078967569793
0.72617697396655467
0.29280417454593599
0.41462810346315149
0.60204587811034382
0.18719957932366496
0.067636236102742706
0.75714449185813826
0.65427040011751858
0.04811817815853036
