0.95853857813699983
0.71885495469989413
0.85559606766256679
0.02602458947259495
0.17937466455623274
0.38184588900263522
0.64632131129344361
0.57284027921553782
0.88363578613731164
0.80679081087732929
0.86683435304422396
0.098512422181073867
0.16362454948666474
0.58289086558407111
0.15590286535483158
0.086709677409274724
0.84813351095059231
0.81765289625596227
0.98034808570149901
0.56271938451949488
0.15335038718429692
0.295132312957397
0.88125723637514841
0.80785416557006118
0.21217510562212694
0.96082816829071072
0.064783896677582165
0.35842507809620827
0.77387865783153864
0.62308145808018878
0.57354006134619739
0.86766922559736903
0.56283542988167556
0.5309825069977222
0.90748811650516126
0.9285057095943331
0.98574043968570113
0.94991297274773201
0.29048944929566367
0.35484359713282565
0.52938963921486992
0.27086299280375953
0.58640663434305718
0.14608770219355016
0.63730506750199645
0.66103083696388576
0.60251742179249401
0.63540742427394725
0.24050776876154698
0.020973627330148233
0.43643481410997154
0.51874175861669725
0.09596739331311524
0.60475809648241141
0.14774793482347487
0.56573878585637893
0.6541517705215163
0.54069063945480822
0.15633984752516003
0.76492963165722849
0.094795580293730544
0.63896569882364462
0.73773069042715633
0.3688417167761644
0.75827640313984468
0.47315396112271102
0.93724233091140041
0.42499165543744777
0.027223446161173503
0.0074733941933975276
0.27527257932920779
0.86887132040404236
0.39259081737194101
0.070191802732731429
0.30080725373919603
0.44825611228444684
0.34983318700852495
0.52564210887965268
0.99561362181226565
0.96743244719546773
0.12538939200650223
0.88001567074761144
0.9188142715026042
0.44846686817013059
0.72976806910506709
0.27389838783786269
0.87025269168504138
0.51659979227621133
0.94306391059168659
0.115857329307824
0.1553701760867601
0.5529970380309952
0.40960210509810507
0.40322161618667135
0.25613682605418647
0.22074903943393229
0.81890500354287743
0.13422096250720231
0.4630269614586523
0.87399715326343752
