0.52077423012540369
0.80902171923289068
0.11698955747027905
0.64359243850070658
0.18742558969993794
0.98888133187417782
0.29352526454562777
0.74415974001906049
0.27252932716251299
0.74804739778292806
0.9686774626779191
0.0098169930104329908
0.52167855249887563
0.14084570810286434
0.91665193035003634
0.10904880461135842
0.0046234714178254024
0.1907852991418906
0.011216545659095346
0.17409678673646434
0.010600711420889076
0.6003959757325259
0.85636297342376544
0.53189351011724506
0.069975548387327002
0.66707608425979492
0.25678940912364556
0.58242246111140672
0.35083147903061862
0.8675765689334034
0.38415340039322415
0.94562071241545831
0.31923722124759785
0.50048466308034434
0.28582155367157847
0.94764387118465665
0.60063162779546975
0.63611901026227247
0.2455865619941108
0.35860938282320221
0.63849121617006466
0.38840640530468401
0.27873052975714802
0.42642553795849086
0.78559654008937074
0.72942090103172297
0.13324221138393494
0.48678550948732036
0.94817240828752059
0.26286749991082498
0.0011764068205711443
0.14376290142333711
0.66375764096453771
0.16822349513805815
0.66600959272950699
0.21349107584669058
0.57505701123999908
0.67358985304257735
0.40481114630797643
0.76706277330763439
0.48240346013679825
0.61408823323103057
0.58113480225018987
0.50773235439020536
0.65771032308964572
0.037434703216719503
0.68068687612775491
0.0065752830325719056
0.0083112918470287771
0.18850219670650301
0.85144661082898065
0.56783180136047406
0.95285240456923725
0.3193223859278343
0.015925961152623846
0.86581102109627128
0.75555781375275199
0.41523363484648845
0.5782108309239139
0.83873070642622338
0.75567122467805259
0.68340441010730468
0.98995713489894865
0.68954121953892766
0.014973997632117087
0.71465753250439223
0.83893081591840668
0.61302428703887379
0.47804006624983808
0.90645913246732668
0.50538592952036199
0.28198695136414054
0.50304412625626782
0.57225729749345899
0.41000285963002553
0.69601966640844082
0.78152531027446104
0.67938656290653698
0.24671072394570326
0.40114104543295825
