0.147331
0.487994
0.879571
0.720019
0.627583
0.834103
0.306974
0.894788
0.205875
0.773879
0.667313
0.478693
0.983254
0.019886
0.084837
0.989248
0.524055
0.488543
0.364820
0.371570
0.323085
0.547465
0.942817
0.853865
0.862440
0.821919
0.546890
0.368560
0.629479
0.898612
0.054512
0.269581
0.050062
0.291845
0.544936
0.668498
0.106056
0.602046
0.926899
0.934617
0.452799
0.144125
0.843805
0.439140
0.787351
0.099758
0.988317
0.954176
0.052502
0.702366
0.086216
0.830958
0.899763
0.316097
0.389183
0.588870
0.703070
0.116347
0.903420
0.681278
0.246640
0.152634
0.126521
0.667787
0.760311
0.355851
0.766838
0.007538
0.780532
0.084694
0.347481
0.865997
0.600632
0.340667
0.254403
0.221266
0.662216
0.728379
0.271468
0.170930
0.726757
0.620950
0.074569
0.861025
0.347933
0.185120
0.744961
0.136413
0.773433
0.191820
0.977511
0.504493
0.848720
0.549192
0.679859
0.222886
0.287793
0.943494
0.099956
0.899270
