0.7512396251343485
0.096510085807701776
0.13294555160000904
0.55357429846204598
0.54183684302236146
0.29966600793295767
0.1114235244044551
0.087909943424285805
0.5933343296953959
0.32360093441488391
0.26154017973255717
0.63315433755096051
0.086332171651801015
0.81324820434546119
0.75680468506439103
0.79659944537989547
0.49184748410863199
0.21773329426958937
0.012731903459837639
0.010782819442869447
0.91116277499117115
0.13469124116497475
0.52235719584235385
0.8350123980494919
0.019663471538018645
0.47196328763165507
0.11156889156191467
0.46721535894141564
0.5460849673375322
0.83903083653345389
0.51558641528354765
0.55970465427234783
0.094011017330723784
0.57447344745804341
0.47782239227049417
0.56713389140176995
0.85444270039909642
0.26912909658227424
0.87171942201843766
0.1907852991418906
0.94782037641941408
0.63019047001932571
0.21894845524599982
0.49195779201831902
0.95744472275990744
0.64952481794509953
0.06509783688755047
0.99871642615427525
0.2551242140458797
0.18411455926484516
0.62391048186834319
0.91178109830628595
0.86469099960943663
0.56562257039613162
0.54735006245560358
0.68671015333047269
0.83802960791538095
0.4900840835328184
0.59921796135618
0.74232607790547833
0.41776221315957462
0.56167528819076373
0.759294091121687
0.88037097523750241
0.79128213421238347
0.29464952835689856
0.070360418291013374
0.17282407461990731
0.81952997910078718
0.43022821062308558
0.89554127261936944
0.43084664643040294
0.30252499029798996
0.76560376319086876
0.20838934656939753
0.98071084299075828
0.48964368376567635
0.97463205169603229
0.84390367769826058
0.17893891317862329
0.23947435136907985
0.38059962851024637
0.97847132650902713
0.90155888487290825
0.10272900601235947
0.69872456731012456
0.79908136204884572
0.15225375086570431
0.57342341560255483
0.75703123484538593
0.84911086144448678
0.16905228478991854
0.45152871910611658
0.33579237766464831
0.19782951596901902
0.064226708177292743
0.84330999589565658
0.89861195079207479
0.91062002894416927
0.60004252821466242
