0.091936746207035042
0.77265333005955183
0.69531360830616995
0.33924391501016743
0.32783252294463833
0.54069063945480822
0.54665989060304332
0.2657608428108903
0.39122541576921988
0.56864632746058819
0.30080725373919603
0.42683572086699484
0.68871573441956957
0.47261256408118679
0.2036278548460991
0.73173387225798747
0.36314427225265705
0.7212990575068452
0.74998656744427417
0.59239399382569657
0.43043430068847477
0.33570419320081618
0.27619155931451356
0.8624395897705025
0.2201046286441998
0.59521588664536984
0.43311848559495142
0.2376912822439978
0.65237225448282721
0.41553659353004274
0.056850929018506129
0.5564634084314064
0.49637922147562097
0.73323540397413733
0.53817195441480603
0.55034409537622908
0.35676913940673211
0.84498989937695623
0.38088699961915351
0.5056092003246464
0.54413173700974693
0.88363578613731164
0.85569201883830659
0.93002575704875523
0.9474670398719981
0.50762051590783652
0.84449651521128855
0.55507605528950354
0.80187596599646671
0.67323473837912839
0.14830489730645008
0.84122550394199336
0.12021123320204427
0.22946260603175667
0.58453096297870366
0.77365599672623797
0.61432469837712356
0.56097953784898202
0.6980191990344401
0.99106397251134459
0.97971164542481648
0.71990283441445091
0.89268260785342157
0.35246913804351582
0.4352932500778971
0.43249823338483845
0.57435675286904742
0.29763585187374081
0.80891567095710104
0.27283311966333501
0.85665014769728964
0.051151582035609676
0.83106019367735395
0.14102375614720652
0.13193274303489735
0.50694970273850259
0.90139622949857112
0.83481053570830532
0.028463496947397998
0.43643481410997154
0.89545769717535995
0.33105309501494917
0.060383834320850746
0.93685219157279753
0.66517999782762116
0.7583895280760532
0.72246173246754186
0.84852474044385751
0.39650804121263677
0.72246173246754186
0.98834061124890271
0.54965269440229059
0.0091528891834055919
0.66233505615567945
0.79951206943384268
0.074900433073863001
0.93091605973881464
0.29577691931046241
0.089393723288762841
0.3617520811341276
