0.816712
0.775102
0.249184
0.529503
0.717923
0.678559
0.578562
0.096895
0.441226
0.916727
0.397983
0.780753
0.747591
0.155225
0.803911
0.247698
0.772542
0.520435
0.042726
0.395330
0.383095
0.142051
0.682932
0.884511
0.648220
0.397294
0.251318
0.814405
0.060826
0.006651
0.817966
0.219141
0.007285
0.910542
0.501708
0.271392
0.372420
0.755671
0.376115
0.139693
0.726061
0.469694
0.443947
0.059405
0.540805
0.318132
0.979372
0.985191
0.918072
0.766838
0.146824
0.169156
0.006859
0.764143
0.938212
0.626161
0.956068
0.015129
0.292644
0.329745
0.996422
0.988507
0.674063
0.235307
0.541608
0.353199
0.632680
0.150315
0.225630
0.785487
0.274890
0.560168
0.382902
0.286136
0.109513
0.728379
0.792262
0.483388
0.524508
0.663521
0.717340
0.765491
0.636949
0.593687
0.810504
0.996831
0.213805
0.545395
0.415335
0.883373
0.254980
0.473371
0.341023
0.903017
0.791391
0.573307
0.867947
0.109370
0.042482
0.636238
