0.50438173036101697
0.074747487073750535
0.95008523099831832
0.49981790880886734
0.29731195275774341
0.83551666491927989
0.33429539589405782
0.36696736995478141
0.080162638532095751
0.66363910065965048
0.27306113021467554
0.15760804683237617
0.57973085291485815
0.41583968076518885
0.44941591971185768
0.85817789887463758
0.18428174840238173
0.064093632597277239
0.99059395063765687
0.15908211287615565
0.56922832667955581
0.05373389049702023
0.6125515005510811
0.029876536013774053
0.32420310827076665
0.097862526810693684
0.96872140005999985
0.57074227645428444
0.85645872339686813
0.38531041936048571
0.47034201231037576
0.077123853429791236
0.0129935814157821
0.55034409537622908
0.91725124420089443
0.74060466148301407
0.79486758367212484
0.15363756246317639
0.60924340812671551
0.69272326587678079
0.88187591400582943
0.38637292703926812
0.96894054183646439
0.64655860863690806
0.51705043848750432
0.18924173820684623
0.29529336880449775
0.41180911278929877
0.59580411054137361
0.81775734789077936
0.24982263505502023
0.87135339372199405
0.61881966848187397
0.6694454990601133
0.094324148296397792
0.86896360095023262
0.12350976006760679
0.11507046818357225
0.26837783475019927
0.64086374462772322
0.93494856141549187
0.42796487199887323
0.88555824487824808
0.082497877886656287
0.19349677882776434
0.82501885535955721
0.63884707698830989
0.56318360734762019
0.48546895604351425
0.67903186520483794
0.99340087922500586
0.8672984383822282
0.69566665919925552
0.1657574574552243
0.23267304439165865
0.11951445004410094
0.19021241351829807
0.62213413312478805
0.48557860564846611
0.64359243850070635
0.29216429020717855
0.79746374896169581
0.7076421597013034
0.84989100147046392
0.92878333048292128
0.62343674113526415
0.99201362158975304
0.60039597573252623
0.87006886075319845
0.14263485963308462
0.67358985304257724
0.16206505482311384
0.058889839497826169
0.93981057724142048
0.92087527935150515
0.19187766767869072
0.081418948673862998
0.44510110445914908
0.2442567646643049
0.67051146139753759
