0.81345872885953918
0.043108994306313757
0.29658411346640584
0.37716184330750807
0.032272263758280899
0.85134956847666232
0.84410138415990454
0.75974608022681589
0.058033998787019848
0.3883094227999685
0.052779657324365098
0.23789649158205395
0.18952680911630915
0.11612065753933529
0.38772784298928964
0.65474491173930938
0.50315553507093591
0.13824174411312531
0.095871905302797308
0.60039597573252623
0.86794703484858826
0.036844533893219115
0.4772784152826357
0.87625759441029982
0.69660791375863573
0.44028666203611
0.51919314790703108
0.60605594722342238
0.41503173384899589
0.82861163563933959
0.35695288323417851
0.097539004181698141
0.0042795419776246058
0.37811480561483868
0.7454188480013908
0.070722971455997305
0.70998321700975375
0.8023048499109916
0.35612652728656063
0.26449669863831438
0.60581994146048768
0.74232607790547833
0.72466865039881845
0.38801856533471463
0.47304565750489092
0.62509497957889137
0.5009293808797588
0.36240133609021818
0.76717491304406249
0.79983491757723024
0.10078395316035643
0.58699305492974063
0.98116650258838956
0.58312510049715027
0.84231865813647033
0.29820328986803196
0.35658545795477525
0.11410272596740577
0.91446158867801031
0.90558422389501569
0.92682836758415488
0.59980691703101208
0.3138198491786291
0.87796384516515458
0.75997200128304976
0.63849121617006444
0.42683572086699501
0.92933690856533524
0.077754853358861106
0.89327402769190578
0.30416747681632117
0.70060462990921191
0.89654178707770271
0.71570775438075329
0.21286361139179774
0.67690310197396775
0.16868927109975981
0.17335342861085856
0.13615378822459923
0.24854594873263247
0.80058761958704538
0.14089020209289771
0.22126564543114774
0.099330157831465718
0.66826089303233749
0.64311786644119928
0.89064366178236876
0.016336237555073369
0.23653103481095059
0.21741440890685976
0.17812423810023401
0.034770632567795598
0.74759066536038543
0.91977445050524143
0.21576219783594758
0.21677775411694009
0.43830637346248702
0.19848025134254349
0.036937842230009094
0.96087820563794135
