0.080870573162088136
0.65759171738735778
0.079837779107254148
0.44973250626232475
0.5902793471516361
0.7795372342927489
0.45396487519577633
0.91446158867801031
0.26494234748268608
0.45036603274507725
0.70142672686645802
0.71278909077271213
0.80753535268797727
0.51434893400670023
0.46613960724657011
0.39778624852766592
0.27695911997634248
0.81135003738200173
0.82769024884158404
0.16281808497341246
0.86896360095023273
0.24237664643753495
0.53029963233352628
0.05333907152927924
0.54505061250124698
0.92021569249608337
0.83207675423843563
0.96743244719546773
0.12173305357689054
0.11160525928253737
0.50817981177237792
0.32852702010904172
0.060594045020750033
0.91415728743874602
0.49748733301955916
0.90906054587673368
0.59886463789566546
0.25353915199333282
0.62296303473472925
0.48524969137201046
0.13598101939068852
0.74896034209468665
0.19836180676074283
0.66280927517990573
0.037259426890092914
0.26021794854461155
0.91278140735790847
0.17462937574875076
0.50215323808588574
0.92933690856533513
0.50326695448638081
0.54654488991868433
0.44888853761346503
0.61479766369947897
0.51975760276841532
0.96828039014250422
0.89420039974419507
0.84052840524863814
0.41503173384899589
0.45502620885974421
0.61598027761892848
0.49405576139908713
0.82563658974278198
0.57050929091389646
0.011264303138594446
0.33614527385818382
0.32878771874393647
0.5029327280483753
0.55623210910629939
0.093823581983192211
0.92065572085388958
0.12434655648365227
0.82108924890609414
0.61385177986800898
0.81723489163891516
0.90622090491611029
0.91665193035003645
0.89251335852989422
0.46840011340413534
0.019737475653848157
0.19559484446204661
0.37289240546877778
0.8849480836188004
0.032272263758280899
0.38127037345577286
0.21292629137352889
0.077596669648699462
0.49582557632462332
0.29909655850253741
0.95649428284823745
0.64121964636395434
0.86487793411466196
0.19536081523090723
0.45449538075902829
0.94531966516527632
0.43841047767632835
0.43342879683922925
0.90237027573301687
0.74747645529324491
0.5902793471516361
