0.615980
0.372798
0.060742
0.575057
0.864130
0.292164
0.704361
0.391713
0.600043
0.784168
0.136327
0.628294
0.516938
0.170145
0.658422
0.153111
0.302033
0.848818
0.530869
0.813985
0.268753
0.131261
0.570393
0.788882
0.927390
0.475648
0.632443
0.549192
0.264274
0.582540
0.211925
0.091386
0.197889
0.597569
0.902451
0.593687
0.843211
0.216969
0.627228
0.984714
0.513899
0.006054
0.659845
0.295454
0.766614
0.625332
0.956494
0.141470
0.363609
0.571558
0.282299
0.605938
0.119129
0.788991
0.620240
0.604050
0.147794
0.266283
0.662098
0.181071
0.729768
0.133200
0.721880
0.474563
0.999116
0.249894
0.061655
0.271998
0.213742
0.050382
0.359532
0.975286
0.420605
0.346489
0.240232
0.085266
0.852222
0.784388
0.504940
0.729652
0.545051
0.768967
0.646203
0.176289
0.259852
0.258828
0.844299
0.924775
0.093605
0.172402
0.771873
0.515924
0.633510
0.297960
0.631494
0.397491
0.627820
0.824916
0.528026
0.057329
