0.281598
0.128112
0.209253
0.493724
0.105466
0.590162
0.078390
0.788226
0.595804
0.388697
0.699782
0.920216
0.646677
0.543672
0.050471
0.708813
0.318897
0.640982
0.757597
0.997076
0.474021
0.782518
0.478693
0.996931
0.953682
0.692488
0.173406
0.157902
0.535886
0.388406
0.830958
0.260585
0.367061
0.079838
0.235443
0.113695
0.311805
0.130176
0.246148
0.861874
0.214183
0.314325
0.440391
0.044946
0.132946
0.109800
0.000427
0.344780
0.366219
0.739801
0.786584
0.167295
0.563880
0.960778
0.008539
0.945259
0.453223
0.021611
0.697784
0.723856
0.922476
0.632206
0.793566
0.944776
0.411106
0.156973
0.090688
0.621069
0.048770
0.872359
0.920216
0.851155
0.899106
0.079031
0.081777
0.134905
0.360548
0.436227
0.652491
0.018018
0.273213
0.784608
0.789319
0.529845
0.621069
0.136717
0.201460
0.733466
0.937242
0.540576
0.351923
0.290330
0.123232
0.491296
0.831467
0.532577
0.870987
0.939874
0.983789
0.966754
