0.74415974001906038
0.77964780918268917
0.37185347965183468
0.13303025350104733
0.49107564244413338
0.77676810212846747
0.93685219157279753
0.40223006175677556
0.34245128464367192
0.43064044596699946
0.27527257932920779
0.55207381583710724
0.49538285795830783
0.25174710931183936
0.0017256054959162268
0.66897168173188626
0.48492088079137807
0.89992669221629762
0.49549352104738409
0.25196164018848521
0.15206371062228879
0.92878333048292128
0.22806903520992028
0.63706784839549746
0.90220824931103616
0.95105517723895905
0.79832695791630859
0.33543973482437667
0.73277355596738047
0.70857888379646505
0.52552870457331835
0.79821911691011405
0.52564210887965268
0.11974631981192789
0.52088723685761829
0.93105250674595141
0.043901093123388045
0.62722757282654218
0.32713904301968916
0.90164016545740777
0.5213393597513678
0.96972193473917234
0.9298882653524897
0.33632181694717866
0.91866604793736184
0.75055630614602431
0.94201097794340127
0.73300449804225398
0.099856652435006368
0.89894138233295673
0.64916887649405275
0.58230537366018753
0.56631996345102231
0.96997978660361495
0.63647481719435317
0.4596045653013755
0.95718190122155478
0.21161310988443527
0.95037160079255134
0.55634775509325096
0.75499058327790647
0.45492001746255428
0.4499436294314918
0.95723453874068298
0.94101051739111463
0.0072934308007653083
0.89861195079207479
0.8029476430476441
0.16734662511795598
0.58488254880524493
0.69790161971019682
0.99766763813774195
0.93152897215605956
0.37147614872378859
0.51378684124132845
0.086187368399564229
0.77942664464307687
0.33482321963008688
0.14004686786921583
0.59121899833700786
0.035458106932738181
0.70083954187027464
0.29312449948706748
0.54758018346152371
0.59686319251285713
0.81629322638853763
0.87724666034248278
0.0085419515312093776
0.39523233677252817
0.56051584481350791
0.92619424365957082
0.46603210024924457
0.84538418191477493
0.00086142756055358706
0.66778699319388768
0.61810967793914684
0.23755455268339221
0.17066775631478526
0.60145653724143056
0.91308807958175564
