0.49637922147562064
0.61467941801506187
0.49870751463746621
0.54873126367214531
0.64110101188032353
0.37251439955594368
0.69307662676022996
0.4676460060145583
0.92138639955382118
0.22972880590828926
0.81493023793309816
0.69696080281531203
0.42070649137531346
0.5358858289476971
0.016623705194829946
0.60511201167565076
0.87983784745885518
0.73750051094280367
0.90172141462599742
0.89579181523846507
0.71278909077271213
0.40710263758451137
0.63244292965901372
0.53075484604734013
0.13413560907319916
0.50104058714441424
0.58031573331017339
0.53234922648264327
0.8722676437951935
0.37232548859912173
0.65177905637886557
0.56643621897085694
0.54597000676903129
0.16246630642189669
0.95915638764208488
0.96289820675173654
0.71010020340493796
0.17457605606640794
0.076757900948511856
0.60334277310839646
0.073735021210183785
0.034033708439463142
0.2301952398018931
0.13749914278113951
0.52088723685761784
0.2166506015987989
0.59945353118724198
0.24868755427238115
0.42519632818511005
0.61657168967276155
0.77432381150826624
0.93261160543096133
0.090294664476300773
0.88815693115387029
0.59627476964050041
0.57715908018756334
0.84429899670106701
0.68434920501336738
0.58523418223285095
0.7010744321893414
0.33245250648954611
0.96428983580660199
0.77765521453779218
0.32896159727543922
0.57786019491148488
0.43601950935482447
0.93112067793104725
0.51288801381651128
0.51266340747079653
0.10936999470351454
0.74255542875553804
0.97861137446584556
0.91331773869847743
0.11332628609303289
0.22178320995334755
0.03601456759348947
0.53782881619894585
0.1557574338357077
0.44520607954517988
0.66162368454081566
0.085610322480831669
0.6058199414604879
0.97349290507326347
0.77920542112147839
0.028182287463084328
0.16874109034699064
0.036658574330922788
0.45343469270906811
0.17197990370004318
0.37983397340285435
0.77465752885185712
0.070698748794150501
0.84192147178571719
0.55184308654173497
0.88363578613731164
0.43966078184211177
0.36212299088397465
0.13452006719764659
0.67808586856272857
0.83065296202926553
