0.336234
0.747591
0.394742
0.413721
0.330966
0.472071
0.412312
0.950771
0.853865
0.753514
0.899106
0.300399
0.097668
0.965790
0.480765
0.866090
0.976042
0.877426
0.156827
0.098480
0.370440
0.215446
0.089244
0.825637
0.815665
0.468831
0.602400
0.085812
0.344152
0.540805
0.254619
0.134008
0.726873
0.101184
0.962898
0.874360
0.970065
0.970279
0.571208
0.576341
0.963044
0.749074
0.626754
0.417864
0.518291
0.980248
0.774880
0.513113
0.504493
0.512888
0.061356
0.139164
0.227408
0.483388
0.470990
0.597334
0.917401
0.214372
0.864036
0.943372
0.601103
0.668853
0.450366
0.200323
0.214309
0.341023
0.089125
0.020111
0.421317
0.465387
0.584531
0.561443
0.595216
0.388212
0.332190
0.032687
0.346579
0.698725
0.022018
0.993235
0.663758
0.974282
0.421623
0.319322
0.347842
0.508516
0.963718
0.965604
0.398870
0.340667
0.554498
0.539889
0.597687
0.580199
0.131219
0.739341
0.175217
0.058379
0.149424
0.199549
