0.23598656742078916
0.24861674374019496
0.62355517312558073
0.48437309398560757
0.68470344302659836
0.44920492752890129
0.58172001884773783
0.69884211062631529
0.71465753250439246
0.07600482319278562
0.6236736072513962
0.58136887223290767
0.52927593092711178
0.95590762180676436
0.18517553393451341
0.7105680846010195
0.75669139232406746
0.14942417271676142
0.66873476043203905
0.62651664009451191
0.44384243979703675
0.009557143629494497
0.5486161201380132
0.91740073918027765
0.61562546373613802
0.71629096478891185
0.76638965876527498
0.58535140391170626
0.73196497563936513
0.46646220267433991
0.82160799328063683
0.19378707519373881
0.4272461265715618
0.62841260475842065
0.52077423012540369
0.94201097794340138
0.81124440272241161
0.9870567048500547
0.040316379319625638
0.12815266375901013
0.87796384516515469
0.86045729170911023
0.77665714810940911
0.0031850032250040636
0.93036887755215347
0.3150836838818703
0.044579368918990378
0.72814729059618633
0.10780758536318297
0.0072078534874610699
0.66861629666444422
0.34343539306621546
0.83742778345980429
0.61846466162624214
0.25555781552086881
0.28237648772756707
0.41301587358521752
0.53965977319173875
0.81713034103649984
0.12048315671918694
0.89259799830020625
0.056297222520970074
0.80080251984767614
0.18217322731951455
0.95931001595347498
0.2882672628600782
0.35183166762796614
0.72292658432669477
0.40680331083069149
0.89276718717815728
0.41160818737298355
0.56411238260431351
0.24348943213403784
0.97875086255799781
0.85874912868636621
0.38482806411714066
0.95585406949058371
0.45438925382609818
0.59721629858683956
0.66506147728598197
0.87652767610732774
0.51389923979420293
0.69331217781449039
0.72362362575437467
0.8378290901473292
0.73034650921392719
0.94550040180568751
0.10897754149535763
0.62012155408525382
0.32558243390935482
0.2336160262190278
0.038808813176197304
0.41594073839632784
0.33254010456018207
0.077702093268471203
0.49859653473087551
0.34802297453148612
0.69448965491405157
0.54355770497131695
0.50739687002204703
