0.998939
0.928645
0.522697
0.828918
0.142725
0.323859
0.307886
0.526323
0.784938
0.194835
0.706705
0.323515
0.262424
0.964147
0.361845
0.367435
0.416345
0.457046
0.333593
0.564577
0.896625
0.894452
0.811139
0.088264
0.860647
0.125954
0.990615
0.362123
0.240232
0.900172
0.388116
0.712322
0.487554
0.888071
0.741064
0.168120
0.169989
0.084523
0.594863
0.251176
0.375925
0.128810
0.748504
0.736810
0.216396
0.086390
0.634340
0.097668
0.527231
0.511317
0.167244
0.272529
0.326360
0.409903
0.746105
0.842815
0.089933
0.523263
0.811667
0.818071
0.104227
0.949740
0.880548
0.925699
0.611252
0.936265
0.677849
0.491958
0.778873
0.649406
0.148537
0.707408
0.347752
0.698019
0.944167
0.835113
0.854057
0.506056
0.829327
0.686002
0.061612
0.961921
0.807004
0.291605
0.778209
0.152539
0.745190
0.857797
0.301297
0.018704
0.474238
0.505609
0.172085
0.503378
0.051134
0.235987
0.691545
0.142365
0.209315
0.841424
