0.90661779066625636
0.30938305900150009
0.83823003515074346
0.25817124705367706
0.91046466545281357
0.37374381525139383
0.11488380927556965
0.18579207597588271
0.42478703863240341
0.43156878222402589
0.77398996733872916
0.58699305492974063
0.54459110966866708
0.47738718689285708
0.46840011340413545
0.26080497891707471
0.11832266851380861
0.76537910448557733
0.95691816458389434
0.91224346746595009
0.22879816765305291
0.25418667325769567
0.75396883424804084
0.71255541341747497
0.38319087870377511
0.39200528713378907
0.43187847552787895
0.6073542352234973
0.55773607806621239
0.8227474364524362
0.78482791755862846
0.48229414652086089
0.18776502483424287
0.64999940348307772
0.55022884244420345
0.23782807313466633
0.29192459671324555
0.39827853201901331
0.22126564543114774
0.070119650872891029
0.83450757583988033
0.9862236318663522
0.61196058670190356
0.59498062843019994
0.72652485187444404
0.36342312905404556
0.51030748396202374
0.76549144032569749
0.9050254517420514
0.76706277330763439
0.39288378375640975
0.41201009578289444
0.15249158383766898
0.62071341837149174
0.46937056608496053
0.35420327997856693
0.49981790880886734
0.19806594629807903
0.32861390376491978
0.64015195737053143
0.050935629626758218
0.30039930671214649
0.96097817045400213
0.52473513598957422
0.25700721839620572
0.42213212306895054
0.68694616382768137
0.6748917405154804
0.37270337185052554
0.6381353626103603
0.053960702232666816
0.48711490575245975
0.42847867826901137
0.89679122468670636
0.15809811871498985
0.2335485712822149
0.54482084484318216
0.33166483771466926
0.81008117385184208
0.74587639114430737
0.0096805871960103009
0.85969913439445711
0.11970764770249102
0.91415728743874602
0.15755911011099399
0.95373701311073833
0.49970682078919881
0.83309113416817437
0.1039528600245721
0.50806793192126687
0.53771445392413297
0.36156671936769752
0.82728019179200485
0.24762702585834157
0.46840011340413534
0.28152003231537759
0.026963687359721454
0.63718645748620939
0.39611524993994707
0.22734173398416063
