0.60688208071816829
0.79821911691011427
0.96495064827739019
0.52032229936029162
0.20654750718272363
0.61397000507165478
0.10958458206389331
0.45332869502819462
0.84676118392724264
0.90756704422973422
0.58043272632661203
0.69213424043227145
0.91589979202889116
0.23537521197342726
0.66909013924056615
0.7657160730670074
0.58898783703109925
0.89529045449774447
0.91769932846366498
0.56527396428112686
0.11292142567985071
0.033323486399086132
0.023668334368783649
0.062798344878658277
0.054245450545765801
0.93159689898298792
0.45917767641905327
0.16894850015971458
0.77510228736303743
0.406404412026588
0.61917469823273852
0.30772045243427659
0.62734606802663673
0.49228878284629396
0.53269110736520131
0.84577808590174353
0.37308150039656823
0.1490502869293974
0.8660904306152698
0.9455004018056874
0.8556920188383067
0.32887465006591771
0.79681562349552482
0.56608747238748514
0.41372077257455875
0.64952481794509953
0.8448912696972759
0.2207490394339324
0.7728762423918325
0.89984475435727118
0.61408823323103068
0.67690310197396797
0.43394625618882532
0.34947064225105512
0.079352705584795985
0.69931223181782665
0.23146502558966739
0.15306366597065191
0.3435249520521288
0.85865398746981259
0.21117682703134363
0.29844671702228059
0.78888194895566988
0.3379135533942228
0.17441617808571633
0.44931041706587649
0.10041875332111012
0.020910904688450693
0.33977705541932962
0.25787986410858471
0.0020324465789275763
0.45015480493687021
0.15585437545550873
0.88310903801058371
0.15069191688568018
0.32471987801422986
0.13138691732083543
0.030118331560262075
0.87526514307172143
0.78482791755862846
0.74209668650283789
0.5606317574966303
0.75963310130361406
0.47228787125173477
0.66162368454081555
0.56260334606744533
0.86664853216516036
0.031851207604363545
0.67477340033050626
0.1710343146086932
0.38002529607356744
0.631257359139209
0.47228787125173455
0.26139301394398251
0.10008776820925726
0.54332814952494868
0.28027771185012851
0.83004146656394828
0.79334868311793583
0.21818035919724849
