0.265612
0.794542
0.166679
0.199073
0.118323
0.265910
0.818905
0.605230
0.286845
0.720485
0.712672
0.052576
0.373555
0.217797
0.763805
0.177637
0.032426
0.177367
0.197004
0.021651
0.637898
0.698960
0.806897
0.734159
0.183059
0.483388
0.302607
0.781746
0.418066
0.890558
0.509299
0.387631
0.075412
0.105155
0.913700
0.703070
0.984714
0.602989
0.429096
0.809446
0.867669
0.827588
0.728031
0.111242
0.542181
0.655338
0.431259
0.260878
0.294248
0.119283
0.236463
0.383768
0.031138
0.745991
0.543443
0.531894
0.467646
0.811139
0.880903
0.543328
0.948756
0.843409
0.304414
0.326533
0.986903
0.602635
0.796491
0.003111
0.480001
0.964527
0.206792
0.430125
0.227738
0.365099
0.218564
0.748960
0.799835
0.656524
0.478584
0.034733
0.024885
0.935543
0.124587
0.507732
0.272150
0.734389
0.150033
0.216587
0.730809
0.357873
0.332803
0.331577
0.402230
0.071185
0.783398
0.465817
0.786255
0.872450
0.064005
0.910154
