0.0079110765617478509
0.34298783456783077
0.14285986187626987
0.043963783953289211
0.67773106971330566
0.12831683531386565
0.84548269343509763
0.74370157087831013
0.68482151498429311
0.85008579384812166
0.8021976555189716
0.4932823579052602
0.91522002823779725
0.65581252023412429
0.9710820756494879
0.80721637375488631
0.89984475435727118
0.51412406691302448
0.38050386848813733
0.57727591801884581
0.89394811737582824
0.4574721570102932
0.59498062843019972
0.48942355168270213
0.74861806962194488
0.45534486031306554
0.54896157432433879
0.086361158361758047
0.90574358590628068
0.023907033926486548
0.37298694526986564
0.51829052498031181
0.81692118059370578
0.682813797080144
0.58464815295032957
0.42070649137531313
0.51423649546620065
0.57657497924345114
0.53737141859241722
0.75146730857030619
0.38860041532524137
0.7793160402479089
0.1967684146386536
0.18019406158577136
0.50885130752443897
0.53622852751408745
0.43737004463431972
0.65189769690059141
0.22999524850875144
0.33018052606946841
0.27649839328457299
0.97940580078079864
0.59603943124750924
0.48076498316108462
0.70893005244465845
0.92145928140812872
0.2181803591972486
0.2201046286441998
0.3463090926439622
0.0080581515995934178
0.50382421036502256
0.67855889140432746
0.15707044672690154
0.21055481671243381
0.78218692521094213
0.74381612865194446
0.45036603274507725
0.31197271970875279
0.70600194881877298
0.99542285327955204
0.34892729587474969
0.59486300607621656
0.66197937668846996
0.5867584712493179
0.19257021300897709
0.88108021312059981
0.1731415255542994
0.31415652073851708
0.10235759256422386
0.017916730134368612
0.093886023536568955
0.70353944825996484
0.0868261291758472
0.52077423012540369
0.66909013924056615
0.90131485472994899
0.02361559556558657
0.59521588664537017
0.44836148365418915
0.2810536854413751
0.74026010853440627
0.80219765551897182
0.045899720598644174
0.20740539539926472
0.5268901699415105
0.6440670159744748
0.5614433433911914
0.87661764732411451
0.099856652435006493
0.39729433447737628
