0.063038018335531243
0.61113343881632443
0.50449326598796684
0.68541181887024227
0.035202024349475884
0.46592460566574301
0.21684135267370866
0.57202414834856619
0.29432799105622059
0.95008523099831832
0.55103577558814865
0.52484847485826891
0.28190909178370055
0.93859775726187478
0.5470049406290487
0.69625498011125786
0.89377977711945289
0.2677779617428182
0.42509398482012878
0.28755564156550134
0.62627967742157575
0.83602037469782964
0.92506004024276867
0.24741533903301272
0.84862248760425463
0.89679122468670636
0.089783143388437195
0.61266969258538917
0.7464480822795666
0.058115015324733815
0.052520443431322235
0.5826566524318767
0.85280262422614794
0.53440170832815248
0.23775967002241841
0.51142879439179745
0.53189351011724506
0.57284027921553782
0.45757865631858885
0.46281268381219298
0.79095529701489553
0.82532781648478915
0.83167039090172856
0.54884641507013154
0.90630034612007271
0.23639482612980528
0.29609960546805941
0.17024963399890422
0.39356789334685771
0.60004252821466242
0.44699268274540371
0.84162333862942507
0.66660210661538932
0.73957073592609079
0.98485522569015194
0.50918719439385751
0.26368114747097027
0.41442637412329847
0.75782378276649065
0.21092784638073825
0.61030644741515605
0.26561188370825994
0.78438836460102257
0.29280417454593616
0.15106929134402841
0.70893005244465868
0.043170638890698006
0.29344507963191102
0.47250432101187279
0.1458125455369291
0.99169204003596012
0.070071586911412034
0.58558586302023041
0.97840109242713513
0.44122639013501164
0.039201871768336824
0.21123910898517603
0.57564072563114865
0.83065296202926542
0.97596689513519552
0.74438876249829056
0.16352355866011556
0.11351073266336636
0.56585500801385136
0.43498220053422409
0.49405576139908713
0.68293192673919356
0.005236595571497105
0.57424006435582053
0.21971869981111097
0.097830131864696829
0.28229854865840753
0.45385881283509943
0.011861886906849625
0.64181282691968278
0.037515858148800499
0.84940359568691215
0.14627138532798156
0.82191899566222526
0.057229489233216503
