0.997858
0.263089
0.651660
0.821089
0.205814
0.071993
0.847056
0.597687
0.751240
0.935345
0.731503
0.061848
0.700957
0.238925
0.969028
0.914689
0.162718
0.025378
0.225893
0.449627
0.516487
0.250036
0.501152
0.939493
0.507844
0.635645
0.040841
0.142860
0.338357
0.788554
0.275808
0.069616
0.579146
0.782407
0.611961
0.858939
0.687536
0.548962
0.533375
0.169468
0.461956
0.748732
0.410404
0.811139
0.903017
0.858368
0.843805
0.483278
0.861874
0.448151
0.132059
0.115745
0.936591
0.357137
0.061399
0.189926
0.886341
0.488324
0.374123
0.487444
0.812300
0.415739
0.493724
0.059695
0.566204
0.873088
0.145492
0.201640
0.270787
0.091600
0.373555
0.161565
0.506056
0.389183
0.583711
0.000141
0.347752
0.123629
0.106474
0.114660
0.864878
0.796599
0.692370
0.493724
0.097216
0.150881
0.826356
0.886601
0.037910
0.351650
0.628294
0.817966
0.865251
0.418573
0.632917
0.855020
0.403817
0.335616
0.244816
0.647864
