0.1374991427811397
0.45608883050611737
0.080570380710868014
0.72490078967569782
0.12938838338329431
0.030129365646749336
0.03130921535469898
0.34576904611415982
0.54218086655522346
0.85309256999026339
0.22694579536280202
0.48196627568677053
0.48273147092452162
0.56829720574042453
0.42755407692828912
0.12126302867989244
0.19794770247094937
0.56527396428112731
0.77443506473348422
0.97178958671750582
0.19824341955589234
0.24713330700019751
0.54930709914790077
0.53029963233352628
0.85347881793576508
0.23995618230063467
0.4663546584638365
0.81272155691589587
0.7749911189864167
0.42704089588342825
0.30714004903728481
0.38136625482264669
0.83491147797868837
0.30105221355610268
0.05604182488882406
0.02872621828755139
0.55692609513786384
0.66814242108444022
0.26785289063954193
0.11649774622036151
0.039841318732276566
0.3269658320151938
0.93639541715184649
0.72884211539409705
0.74450325816703278
0.20320486892373624
0.28012270777409404
0.51479878791395906
0.9733733425289387
0.3998563181660349
0.22833396230157949
0.83752814399070963
0.82202262233026135
0.84498989937695623
0.89894138233295673
0.72918941253682079
0.17161165897445782
0.74198197562855417
0.65427040011751858
0.50706147898302012
0.060028001371180778
0.46753832572025489
0.86655558176106395
0.16226557654811707
0.98325441329379615
0.96537167363529175
0.74163778247821555
0.84607326493778023
0.71337316625229619
0.36230853884403397
0.50371273803581329
0.50237589632021351
0.66067511252740008
0.3812703734557728
0.21192518236001498
0.082804498372026844
0.16910419704336885
0.30186978414847154
0.10218916007978449
0.55542279369463632
0.98695437525997454
0.29747387039247175
0.7024833139164407
0.88045973002014821
0.15716807708082031
0.98135972293558249
0.53440170832815248
0.54160753555922581
0.099198918180989734
0.98700560424313288
0.85318916911871978
0.39956019582219521
0.28597887957803897
0.93207140821087853
0.80529903473434283
0.18019406158577136
0.87544583982578739
0.24840440528684773
0.29064865503508436
0.50985924528137172
