0.374596
0.063432
0.485250
0.210431
0.700840
0.600632
0.907882
0.629479
0.122955
0.610779
0.047374
0.078657
0.148491
0.507397
0.274509
0.537143
0.474455
0.652016
0.153590
0.130301
0.226682
0.718855
0.117445
0.523149
0.792697
0.208020
0.674063
0.349471
0.766390
0.048101
0.474671
0.974204
0.350741
0.092459
0.574824
0.951734
0.150692
0.818071
0.760875
0.958848
0.773545
0.075233
0.233481
0.546085
0.575290
0.624740
0.771650
0.852996
0.438723
0.688008
0.207160
0.087147
0.816817
0.880814
0.781746
0.731156
0.660675
0.107808
0.883723
0.366219
0.124466
0.010389
0.250748
0.404314
0.810716
0.923126
0.641457
0.717690
0.554383
0.649288
0.542410
0.681514
0.572724
0.190499
0.294489
0.374312
0.779979
0.876348
0.419791
0.761890
0.879749
0.380217
0.870436
0.005921
0.781084
0.385793
0.931800
0.181897
0.304991
0.438306
0.751809
0.501041
0.347301
0.910309
0.934949
0.795734
0.696726
0.969679
0.778541
0.056435
