0.88703408767930325
0.75476360928549191
0.30763748976003857
0.89436843584753689
0.0075028170928335743
0.43934802361811476
0.924489648070565
0.89869435523258712
0.85798728518002854
0.54229555766013782
0.82902058699429215
0.6740633033549619
0.26198205409012648
0.14517222838539207
0.97388911580797677
0.06812645013060209
0.71734029404557931
0.36715452704664503
0.43633096752241363
0.035304250048229888
0.936656643555832
0.4453110678993385
0.62426580955251465
0.61503416371605502
0.55530720680145951
0.18725606094805319
0.46088644903039311
0.49350327482031797
0.21607915076987039
0.98917968509457288
0.35667729088315936
0.77131469418749155
0.26345905485162691
0.40133891628601853
0.030562656136639103
0.28676646437273007
0.19049868021354324
0.49438738634768276
0.36649974733964186
0.5355432086139098
0.39611524993994707
0.20820457043612245
0.038419415108171588
0.91054236347408968
0.15868789838263678
0.92808823974604948
0.84142446749837285
0.25620927272472604
0.087557120841656566
0.15604841143674408
0.36036338179198457
0.63789813108035898
0.68482151498429289
0.6636391006596507
0.32618716959808364
0.71862201073070009
0.90653847759038497
0.67145883062810285
0.95807176023697271
0.54493572461551643
0.18316951011069696
0.90772480313557224
0.34956125490634105
0.19349677882776428
0.51761396729303799
0.61160607580660942
0.92276535773069757
0.083730492038011306
0.74747645529324491
0.16775879316543651
0.30548606503458936
0.76896734588727989
0.76930304654133863
0.96783574256839744
0.88738010951607149
0.082247763489918788
0.52734428818647572
0.050115549142346845
0.75340079110876823
0.2627197684207277
0.92427518661013708
0.68364063045939438
0.90526511684947641
0.59980691703101208
0.97074551570245793
0.10912010860111288
0.18411455926484516
0.38424973564365417
0.71419058638561306
0.33280299393608498
0.89462026156421981
0.76234118369257919
0.13477689829853934
0.21430898953714736
0.35824083564824577
0.23865010699631611
0.7662774271191739
0.97412512244032501
0.0006023277456840302
0.23707648204362897
