0.652847
0.630309
0.554036
0.728031
0.590749
0.354112
0.200383
0.850378
0.116536
0.537028
0.382326
0.847938
0.335440
0.168172
0.943249
0.482076
0.535201
0.959105
0.883986
0.149424
0.316859
0.041953
0.946280
0.317283
0.989202
0.139561
0.583711
0.752832
0.378401
0.431775
0.054666
0.718971
0.837127
0.250178
0.598040
0.612079
0.933618
0.976452
0.969289
0.693665
0.510083
0.859129
0.733928
0.058074
0.353016
0.015739
0.785597
0.286766
0.835315
0.034657
0.262572
0.729537
0.749759
0.628413
0.932139
0.666484
0.988028
0.286530
0.182450
0.735197
0.190327
0.769303
0.869148
0.944167
0.107104
0.921168
0.003986
0.900009
0.421215
0.007625
0.858559
0.335087
0.006810
0.786693
0.324117
0.654152
0.038893
0.189356
0.428993
0.286215
0.056772
0.513562
0.383672
0.957340
0.427451
0.608653
0.185512
0.421725
0.299910
0.655101
0.584414
0.895039
0.034344
0.806258
0.107596
0.046540
0.278653
0.917251
0.783729
0.228268
