0.87345206717764712
0.61077899457160245
0.8775158158618096
0.14480740906840589
0.28393860858521769
0.71302274122960108
0.75657808770246959
0.57657497924345136
0.22767209856428167
0.16524752300047019
0.54930709914790099
0.53520066670609534
0.36258697710753862
0.82036215491732478
0.71313955633856352
0.73392790383042561
0.8917502427092997
0.33959927874799178
0.96885299414008363
0.21965443063565246
0.42468475121674115
0.52337580277452656
0.37916482267315477
0.11909036968581044
0.31323128830936325
0.86822460271692414
0.91392871502595474
0.40312239484063078
0.82686979645159286
0.33667509307881061
0.25138986930055401
0.77687904174337974
0.35640183888882399
0.65711728485816678
0.18024879778174635
0.24875838033032083
0.49715478482499642
0.17161165897445782
0.44899398779855448
0.15069191688568023
0.089783143388437195
0.40391657524916269
0.91747543659877606
0.89554127261936933
0.56121142658903977
0.94793786537594504
0.24847516924856111
0.93961993471568661
0.13434908017647484
0.21939750329508481
0.75952011013569254
0.18244952360696423
0.066734313110307752
0.61420646433617565
0.64679590623188532
0.82820234305312213
0.42909570345590309
0.6599636293543959
0.13802297611764036
0.58101777561338919
0.39288378375640975
0.92752967715920831
0.71126971181344645
0.98384822336900346
0.92591151665330429
0.82758776634346343
0.65581252023412429
0.34013279833246213
0.064093632597277322
0.037245975737381233
0.57937999274232954
0.59333432969539601
0.14747012070884577
0.065413158146167036
0.82347124512415348
0.88547116667278802
0.97991397844838379
0.7718727004485797
0.42817035287005017
0.52791214335971048
0.95439433533531637
0.87281487832513016
0.82728019179200496
0.50549755968555687
0.63268006032750157
0.097184223147513848
0.09571294576024221
0.93930148398202962
0.40232915126485297
0.48887341958128538
0.28253241356402742
0.74701950759269509
0.74633376526316231
0.025813748706161245
0.068431526885813818
0.37735231386967677
0.8701607897839323
0.447940077093546
0.32385891341925388
0.69719603724566248
