0.96424236071472025
0.59298166872695168
0.61302428703887379
0.86896360095023262
0.76346742367626175
0.92477511794902612
0.54046149916002706
0.77732265587732507
0.5790291839067756
0.28292250641697408
0.24279347822660824
0.275961600317012
0.20563151420775477
0.67773106971330599
0.20981034473629451
0.24727429201078729
0.040796686028895239
0.34022177354953759
0.55553838800212141
0.60629196744136427
0.69848946514445176
0.58898783703109969
0.98881173766445496
0.90438494397556979
0.74312862774351285
0.51772670246132679
0.0020762616611611838
0.6108971394431727
0.063038018335531187
0.87308812451439977
0.98780788101774242
0.32231318870646031
0.25512421404587965
0.083533298181409435
0.56736650175117842
0.86785445856791199
0.90748811650516126
0.30622956739576818
0.59392219055605699
0.99978947869046719
0.47978316363924589
0.83369870957270842
0.16392783565103494
0.12680515875591886
0.80305471290078978
0.26680532154601544
0.73323540397413733
0.0083798550471873359
0.64762644851538431
0.015944120645117743
0.44384243979703697
0.59615709823781282
0.86394220804841104
0.76582836994002768
0.87463182810850293
0.66387617968651269
0.66186081403276464
0.42070649137531313
0.25375485197963976
0.43799414198851183
0.43747402698362547
0.15320696984901877
0.41472898960088567
0.15306366597065191
0.62663512425155421
0.96693552322215437
0.510980148117123
0.51064377018517249
0.51671243906697328
0.72918941253682079
0.47771357309578488
0.088976031367816427
0.50004011717940133
0.73346627365490846
0.75940710673705047
0.29731195275774341
0.48689529680343924
0.05039940801385228
0.42192829225106454
0.20795840715400876
0.43353226132457723
0.035202024349475808
0.81534997057181591
0.12331124388350445
0.77487993643288466
0.42930148934633855
0.84528564673502093
0.041193602007140409
0.96127718589724465
0.50360127627732787
0.47695217189561634
0.69413646085885605
0.71768994070215753
0.33844527117200529
0.46667732827546538
0.55472938382548087
0.13819796676743704
0.49019421169257871
0.36706094078475521
0.51064377018517304
