0.733582
0.605230
0.942198
0.729537
0.178178
0.322227
0.181567
0.237691
0.709047
0.377829
0.840229
0.306560
0.585586
0.879749
0.498930
0.906856
0.656643
0.648576
0.596157
0.106195
0.333417
0.954721
0.525302
0.333768
0.847154
0.371853
0.611961
0.893864
0.827383
0.463027
0.070288
0.616927
0.302443
0.846368
0.564112
0.167810
0.660201
0.395821
0.283626
0.027832
0.024139
0.237828
0.993677
0.236463
0.788882
0.177691
0.378974
0.194311
0.931325
0.890814
0.839431
0.330355
0.996014
0.348837
0.187426
0.269430
0.117407
0.081090
0.780421
0.469371
0.911627
0.178885
0.155757
0.688716
0.728842
0.873543
0.607708
0.746905
0.071527
0.855884
0.850183
0.228533
0.079676
0.872359
0.111714
0.511429
0.502153
0.078630
0.263385
0.950543
0.632799
0.849111
0.987184
0.230129
0.578445
0.469371
0.877605
0.815455
0.101451
0.518516
0.647033
0.460459
0.590514
0.743129
0.894956
0.672524
0.537143
0.899024
0.914233
0.627109
