0.862816
0.112591
0.727104
0.664943
0.544706
0.042088
0.461956
0.216396
0.418472
0.877067
0.753628
0.723624
0.327139
0.696373
0.970788
0.108019
0.430022
0.331403
0.867577
0.530527
0.401636
0.123788
0.067613
0.033579
0.985956
0.296342
0.377448
0.198599
0.459284
0.895290
0.357321
0.746448
0.327226
0.686592
0.793783
0.364726
0.086884
0.434257
0.599336
0.700135
0.349743
0.314746
0.887207
0.370063
0.959412
0.353107
0.730693
0.971624
0.925131
0.017998
0.746905
0.337914
0.018313
0.278499
0.610070
0.037910
0.883197
0.162266
0.482513
0.174896
0.342273
0.882052
0.023008
0.061271
0.828202
0.972972
0.364354
0.779316
0.172454
0.684585
0.328266
0.289059
0.135206
0.708930
0.776768
0.753060
0.320944
0.490745
0.034682
0.773767
0.900581
0.405906
0.958176
0.277267
0.496158
0.031898
0.574590
0.154694
0.385600
0.401834
0.975779
0.359809
0.462491
0.185848
0.158885
0.860173
0.974321
0.793457
0.455451
0.319919
