0.98087435296354475
0.024418414907678022
0.75442306099955947
0.53371722939701649
0.87062002773669023
0.37668593372279546
0.66731306166937276
0.71419058638561306
0.75180874938026321
0.93036887755215347
0.25860879140983201
0.55022884244420345
0.50215323808588586
0.74175252360254851
0.17092951683472743
0.38617960828657383
0.33880006591720524
0.99423590092344039
0.23186715065842639
0.14398942035144785
0.067892614770217255
0.61586200352547738
0.40710263758451137
0.28558568420425534
0.78713149528638315
0.080434260364080953
0.94586090033260328
0.11529480829170792
0.2185001382896283
0.87535550537541318
0.6534399796163799
0.19009800541143776
0.37374381525139383
0.01103170627213489
0.63552601928615271
0.4890934384332577
0.62106856560074752
0.86130824683449658
0.69719603724566226
0.6178730351539734
0.76189033463848443
0.2301952398018931
0.059342720243248118
0.040171869901073534
0.95285240456923725
0.58582034307015696
0.22275622972597364
0.54424656794452297
0.85463517818672574
0.85008579384812166
0.33738240498179872
0.1754843300450957
0.61905635245542012
0.98936069485532696
0.7763241997694541
0.21367960332280322
0.98945046207778742
0.64216874137062652
0.43830637346248702
0.64643995992820225
0.27025895042425041
0.84360694214662446
0.36360911105305888
0.87171942201843766
0.76762333998513754
0.40223006175677556
0.27443218574850131
0.56504159384155495
0.53622852751408745
0.45896430820735146
0.18411455926484516
0.54080522218761562
0.50427020526859856
0.32861390376491989
0.008045533129388896
0.8207777586639402
0.027893414454203336
0.95822769577485845
0.70904709608607663
0.21862815427913262
0.4099026493198481
0.99254315644262847
0.88442395016335551
0.67749452222409878
0.38801856533471463
0.44962696431423732
0.60475809648241119
0.4208082305118922
0.51738852634411925
0.97967780173376895
0.15459809884950507
0.64869428540220531
0.18052268471301486
0.28074310534582303
0.27873052975714802
0.32878771874393636
0.62675361027511944
0.79724777540102731
0.70799347774557919
0.58582034307015718
