0.58078373909287551
0.4574721570102932
0.94627983836400043
0.88660089755394722
0.99006515342798851
0.38685648726658056
0.31796166395503911
0.34883679308164073
0.062776597545982735
0.95042876563263834
0.33447127375849828
0.74827569909329394
0.80827899044320006
0.60652800203682089
0.21946171272920167
0.72281038313345558
0.98973882312225903
0.81869651826060674
0.77776603840784131
0.39054381257028747
0.16853389301854815
0.6982543423521399
0.027658204873456035
0.42940440305615163
0.1276612372486369
0.56666874994532934
0.82233337975789578
0.16817180857725986
0.62817558435693877
0.62722757282654218
0.35934722430248084
0.43239490605762892
0.57400670559087819
0.046112328368367102
0.099067831850937565
0.745190013321259
0.064271122475300591
0.13494835295564558
0.22425475564769767
0.67252444120111687
0.6677869931938879
0.65901491763622966
0.049377398353402012
0.73600341660752255
0.45026041230520897
0.47521402221536846
0.91537131895720503
0.4634556672464033
0.3388888041242385
0.80133946316379512
0.85260920353660108
0.52258348649407171
0.016935195694226642
0.41786354141723542
0.28969437699171674
0.32540979544952153
0.95251826798115302
0.9978731025505192
0.28905946666320081
0.86720567472196319
0.028568314192767157
0.78284799648810821
0.34120154313288603
0.92981946735474463
0.52700368565084488
0.28826726286007837
0.74873217135972103
0.52530192395105779
0.43467127379355031
0.10577801079258246
0.61657168967276155
0.11001486446995148
0.21130140565886868
0.51795220215298388
0.72513289656820346
0.28866316559899863
0.62687209815480682
0.11630906860666904
0.37109906345360832
0.36119618210990567
0.13567912663384274
0.15306366597065213
0.84182211722415201
0.67347148403288792
0.81029283971035959
0.278807738017193
0.4277594466757641
0.53531483861611373
0.17575221411232361
0.16392783565103494
0.46560219644525813
0.8041244273967969
0.73611863441804704
0.40104213204127376
0.028254942566305546
0.75793695592615129
0.96602072131161931
0.87381556842435404
0.24762702585834176
0.50572085143154566
