0.594510
0.493172
0.278422
0.761326
0.305074
0.738076
0.766838
0.994859
0.357504
0.569694
0.369969
0.077281
0.340044
0.903340
0.121772
0.889103
0.400745
0.312057
0.142815
0.517276
0.260071
0.489424
0.494387
0.431466
0.221201
0.470882
0.636831
0.146547
0.783729
0.637542
0.118898
0.137979
0.803697
0.259852
0.934418
0.584297
0.850572
0.240853
0.116952
0.154935
0.426528
0.845089
0.681987
0.176504
0.374502
0.039741
0.902936
0.747020
0.616572
0.365846
0.602400
0.966890
0.776435
0.703891
0.343077
0.110087
0.833598
0.973652
0.360178
0.083872
0.509187
0.157755
0.825945
0.052428
0.852706
0.575874
0.160667
0.897869
0.815665
0.033960
0.332453
0.686710
0.423458
0.488543
0.941136
0.500818
0.832787
0.929268
0.327572
0.916050
0.759746
0.755671
0.114363
0.815874
0.017116
0.101117
0.458751
0.444996
0.285114
0.684703
0.240025
0.527004
0.684349
0.038489
0.888845
0.608181
0.663521
0.950429
0.233279
0.274585
