0.35732055797327805
0.84852474044385762
0.95335114665155063
0.823574564001329
0.73046217111266598
0.51783944741681531
0.060783804715461076
0.99734338734117933
0.61751809068754437
0.29320462059728436
0.19836180676074289
0.47467147947176236
0.72536497096965791
0.83662408860750559
0.46527989911851431
0.015913865734419601
0.98018181385000247
0.24628869866198691
0.79215298237882492
0.20496186881538633
0.46926268888105771
0.82758776634346343
0.98448595295024821
0.20581445048555905
0.76053658866070162
0.0222162003260413
0.72106642988132086
0.29184473077461998
0.53360318043164812
0.099198918180989609
0.51547386730547684
0.48975376676560578
0.47662603578094109
0.37507069510969893
0.89386396244120259
0.48689529680343935
0.97301271626799013
0.24321086537333578
0.0097789191139683162
0.2108656380007925
0.36398126091233712
0.90269395036182698
0.39025192119061519
0.42478703863240341
0.62912370667020312
0.65355861296415818
0.47858445880034317
0.52439517566263261
0.82625357112667241
0.058257042854443088
0.0078001692724226643
0.50806793192126687
0.54011785175495575
0.6783223860653359
0.20134017261495119
0.50728506263093509
0.72373977157961655
0.83116194746075622
0.21639647489868977
0.86121379965140799
0.51378684124132845
0.08960322365963122
0.6591335106445918
0.60310693912628488
0.64050784819871187
0.79854258825988755
0.57926305074806006
0.40302318813261906
0.60983395245860983
0.78416849574348324
0.9686774626779191
0.48535931794956921
0.20937704587380762
0.017862689173299171
0.42734876278396167
0.22055555914155262
0.10972784531207415
0.17801584692478808
0.71045112398564547
0.24946749507406255
0.27131668851406859
0.46259845637982366
0.75408240829098239
0.73196497563936513
0.5206612330029412
0.39946151783500411
0.7342740304981511
0.84597489566321993
0.41776221315957462
0.51491127629506128
0.040708965030787102
0.890728963435236
0.59839359874515918
0.72315896309037131
0.30896680861237202
0.46829234681091081
0.2743558813878994
0.68682816053885809
0.37072222395158955
0.10855082014990343
