0.721997
0.902289
0.926758
0.819113
0.932409
0.499707
0.224255
0.040958
0.177259
0.593452
0.820985
0.642406
0.071576
0.083168
0.176827
0.258901
0.153111
0.781966
0.528026
0.200981
0.575174
0.994370
0.107808
0.473479
0.184393
0.522810
0.113806
0.592982
0.183781
0.515812
0.695902
0.652254
0.455239
0.687654
0.166627
0.609007
0.357137
0.469586
0.981231
0.259486
0.319152
0.351468
0.309716
0.169884
0.704595
0.413318
0.232136
0.956121
0.899435
0.403222
0.625332
0.151495
0.798866
0.322227
0.213177
0.640271
0.194311
0.358517
0.298609
0.552535
0.216587
0.917401
0.017051
0.529276
0.207897
0.084070
0.882845
0.760424
0.304579
0.900989
0.633154
0.723043
0.756805
0.576341
0.387147
0.726177
0.552305
0.548386
0.186523
0.772319
0.481857
0.171349
0.906618
0.320858
0.748618
0.960928
0.068738
0.763467
0.355943
0.449733
0.052539
0.118514
0.356310
0.699312
0.552882
0.471314
0.560400
0.391420
0.538630
0.510756
