0.86178009412402112
0.1402240523028887
0.84261630402120047
0.85425012289906643
0.82656177848766044
0.8440025426622374
0.6108971394431727
0.18173187064766852
0.37945151036845343
0.26154017973255717
0.49019421169257826
0.49317191612390066
0.91285812467877325
0.29248410479172071
0.26154017973255717
0.68918746517823837
0.63754229026575704
0.88875946770350622
0.84872021065210868
0.60428626168310795
0.4714225579796536
0.72733627646356913
0.91147219798057422
0.40104213204127376
0.22661626202441806
0.79584228757539655
0.89512308950839403
0.30441440071459019
0.42253995361790492
0.023827216778840379
0.32722567237034905
0.26650658380373887
0.13667322520067507
0.37034563032734008
0.46937056608496019
0.61266969258538939
0.13637001410367838
0.47695217189561656
0.97693032289503901
0.057570152378134259
0.25317996399691428
0.15111651941005844
0.20703737857781757
0.84754594566225827
0.86319173585929232
0.56585500801385136
0.83278704999254127
0.35631005275387551
0.071992934782789522
0.91896236086911975
0.42253995361790475
0.66221649776150149
0.92633540092605327
0.81493023793309805
0.37015742575344324
0.28214271821578363
0.080271188336818317
0.84420020217745073
0.92527337231115547
0.354569081744248
0.96196976148359181
0.66577257446178417
0.027323977034033827
0.98090695163208064
0.24251552867723056
0.048220549773714219
0.27283311966333501
0.76874347836663981
0.4918474841086321
0.39425273218341772
0.8636609775650701
0.91069766185339551
0.87634764963792655
0.50148551928452267
0.24635899748587398
0.059198278272602829
0.44018231501583249
0.18228370442665001
0.31155399488388785
0.61704486861712837
0.91385245827415496
0.62000318848405755
0.55970465427234761
0.80391062797384727
0.3843460859914431
0.49837460745403772
0.26740355390508092
0.70658787465624806
0.20435462737349344
0.66826089303233749
0.94483611329203054
0.51131661758853753
0.16900038582940385
0.62379204350241668
0.3987711846374416
0.25053408093107671
0.44762416036636521
0.93043739724234431
0.39034920335850898
0.12114576903869649
