0.209686
0.209563
0.118323
0.454071
0.032131
0.798435
0.010568
0.162015
0.848329
0.246922
0.426323
0.734505
0.505609
0.428479
0.204476
0.530186
0.983731
0.126359
0.522244
0.142365
0.291286
0.004156
0.626398
0.716641
0.147193
0.506391
0.535429
0.255196
0.359532
0.111061
0.444052
0.943372
0.589340
0.946875
0.904545
0.326620
0.069664
0.391420
0.508516
0.556695
0.535087
0.092336
0.492399
0.853865
0.873906
0.408901
0.930232
0.492730
0.023996
0.622134
0.301461
0.090900
0.959565
0.051459
0.967207
0.274814
0.632443
0.534858
0.321713
0.776768
0.594275
0.437370
0.937372
0.540805
0.005574
0.548501
0.913011
0.364261
0.868317
0.133030
0.888759
0.830653
0.876077
0.796708
0.806471
0.835315
0.845483
0.944106
0.912551
0.796924
0.341469
0.081144
0.251604
0.188389
0.312979
0.974321
0.506950
0.135206
0.237623
0.150080
0.400548
0.428479
0.466462
0.656761
0.413922
0.064360
0.372514
0.218180
0.296665
0.391225
