0.23830732437756955
0.92225874560944765
0.060762693592175697
0.76155206628554439
0.97061870885512136
0.36249414884521108
0.84429899670106723
0.74198197562855417
0.16739809982074683
0.66197937668846996
0.50661443639633863
0.48920346485904942
0.061526917909921659
0.34612901420731557
0.6426433004976202
0.0073279343242660744
0.18052268471301486
0.79778758099026503
0.015697633913329657
0.69425419691779555
0.40980245345921901
0.79865037756861812
0.64228738047504108
0.57797706777657987
0.17468270894559945
0.11314210157839549
0.063410059793422777
0.54688991596578496
0.36156671936769746
0.52032229936029162
0.69142726226798534
0.26875326832290114
0.9749410071315503
0.20441528612383184
0.083112139059101808
0.99456075484114403
0.83177201439614323
0.94157440462078112
0.40262650773411712
0.44973250626232497
0.63457729019457698
0.3423619148500604
0.2219127509468144
0.57797706777657987
0.65011804924604388
0.34013279833246213
0.36212299088397465
0.98751085082721934
0.24748588580137237
0.0086934604176681606
0.72373977157961655
0.41120650936601044
0.35842507809620827
0.59145395932285982
0.76851955731015931
0.62166052452800535
0.93240929405153039
0.24713330700019751
0.67536507421379444
0.14975197529845333
0.80615191635074024
0.93872602798714977
0.76851955731015931
0.44468133687645961
0.12482692798198816
0.67062989055660127
0.58593759092575004
0.51491127629506128
0.72559701277334021
0.6471518529021294
0.03906107157685712
0.28953555379136875
0.057993529213637977
0.5433281495249489
0.67418165944176422
0.92434670794331786
0.83893081591840668
0.78152531027446104
0.58253955403825153
0.11619598999869452
0.059819582094790089
0.51053166457923649
0.66577257446178417
0.058196135143952978
0.8100811738518422
0.85684147104719466
0.1638266879649658
0.077623013488549025
0.39229798514331349
0.33324146006836514
0.69919470935628536
0.70518140212237101
0.76728703959413314
0.037529399854620546
0.65830333644939087
0.20050260217041638
0.58148591556122398
0.4889834233388346
0.31013331553556933
0.51401164835356261
