0.142320
0.729189
0.635289
0.119669
0.120990
0.881523
0.070844
0.886514
0.559010
0.162416
0.919995
0.536457
0.466140
0.622726
0.108693
0.872906
0.809446
0.496490
0.792588
0.724436
0.411910
0.685884
0.731156
0.229795
0.706002
0.505498
0.864878
0.638966
0.287872
0.001729
0.037828
0.944472
0.217542
0.251747
0.019879
0.269204
0.662928
0.827178
0.223928
0.895207
0.078364
0.796059
0.388212
0.858559
0.742326
0.953517
0.252821
0.133965
0.891325
0.397294
0.188957
0.609243
0.337294
0.411608
0.605348
0.861214
0.617991
0.655694
0.400844
0.676312
0.277343
0.042058
0.068291
0.272226
0.720950
0.190556
0.887898
0.735081
0.661861
0.008211
0.505163
0.781084
0.465172
0.098090
0.536914
0.887898
0.224647
0.122087
0.479456
0.082137
0.176504
0.367904
0.673235
0.896375
0.388697
0.450894
0.974787
0.313652
0.683523
0.673590
0.112079
0.738881
0.824400
0.323257
0.381942
0.340667
0.854635
0.035638
0.728495
0.913776
