0.217287
0.491296
0.013134
0.596981
0.213491
0.629005
0.305486
0.604994
0.377162
0.020997
0.227738
0.373649
0.093294
0.777655
0.669801
0.318047
0.863942
0.859129
0.582188
0.011667
0.118017
0.290410
0.519419
0.387534
0.095872
0.218628
0.999428
0.928297
0.012432
0.748618
0.352925
0.990258
0.623674
0.826459
0.308052
0.606410
0.620122
0.289218
0.550229
0.196005
0.178885
0.452905
0.130010
0.120367
0.159329
0.925912
0.957811
0.703305
0.536343
0.662572
0.084070
0.662691
0.304414
0.687182
0.158589
0.740375
0.470234
0.508068
0.970065
0.123549
0.478040
0.881611
0.908119
0.760762
0.155419
0.966617
0.565739
0.816293
0.687418
0.761101
0.292084
0.744847
0.669801
0.425503
0.491296
0.469586
0.170877
0.845581
0.162818
0.322914
0.809022
0.504716
0.231532
0.234224
0.680450
0.933485
0.165248
0.197948
0.092305
0.719437
0.454495
0.075335
0.710217
0.085985
0.511878
0.672051
0.834911
0.965185
0.403817
0.630902
