0.117750
0.175967
0.493614
0.012186
0.966480
0.514124
0.853961
0.206915
0.313315
0.479238
0.551151
0.240922
0.824091
0.987979
0.252534
0.851058
0.997858
0.004357
0.062516
0.901559
0.286058
0.917997
0.426221
0.455132
0.703539
0.752378
0.060911
0.775436
0.668379
0.583711
0.066711
0.870253
0.259559
0.111351
0.033433
0.563648
0.692252
0.652491
0.266134
0.646321
0.749074
0.325755
0.376020
0.397589
0.929337
0.475431
0.554036
0.950714
0.363609
0.244117
0.223211
0.076862
0.213303
0.101551
0.174843
0.325582
0.557736
0.330181
0.952127
0.383672
0.075850
0.392005
0.810399
0.881080
0.694254
0.846859
0.049290
0.371288
0.850280
0.675720
0.402428
0.321200
0.527344
0.291446
0.304085
0.045316
0.741064
0.163171
0.795518
0.386083
0.013129
0.114884
0.070216
0.474997
0.738536
0.562719
0.275885
0.603343
0.456833
0.265761
0.468616
0.477822
0.927809
0.687064
0.065323
0.760085
0.679505
0.851350
0.538286
0.585234
