0.522583
0.495936
0.596510
0.818801
0.281287
0.930094
0.624858
0.672643
0.268528
0.021410
0.873997
0.418472
0.250249
0.177583
0.328266
0.894200
0.654152
0.532805
0.249467
0.005975
0.203809
0.438515
0.810822
0.157902
0.324634
0.900744
0.245026
0.435086
0.222626
0.525189
0.083674
0.499596
0.207344
0.203930
0.791500
0.849696
0.091967
0.856171
0.762567
0.753401
0.221783
0.225630
0.993597
0.111424
0.335440
0.674892
0.092490
0.277190
0.838030
0.967387
0.859794
0.522697
0.513674
0.174736
0.313820
0.593334
0.137325
0.370628
0.119013
0.478149
0.573540
0.692134
0.182008
0.326793
0.519193
0.722229
0.902613
0.066734
0.152444
0.369311
0.132396
0.208883
0.519532
0.704361
0.662691
0.435086
0.693430
0.061229
0.482841
0.368279
0.120834
0.954667
0.143130
0.827178
0.183725
0.547925
0.236531
0.943862
0.969808
0.407602
0.302361
0.432085
0.850572
0.016108
0.079165
0.232203
0.872815
0.785597
0.204173
0.527004
