0.6709851644053183
0.7179230021212647
0.099757747255044674
0.3439729833601155
0.50840360244868354
0.83258421766147772
0.89225925803031114
0.69201642185998102
0.40213098691060861
0.4499436294314918
0.59662781022950639
0.12048315671918697
0.75271876074308575
0.10972784531207415
0.30755454305343666
0.26102537429413575
0.95822769577485845
0.33641011223704265
0.75850264092144959
0.16146473716171536
0.97321342331422123
0.74770486465672814
0.58160296443577097
0.35640183888882404
0.50415869071675479
0.45121146633655618
0.9862236318663522
0.56550636164135004
0.040128610802216656
0.35686100352417766
0.038391740231158634
0.64727050182195489
0.49250949925790111
0.3972943344773765
0.68328629457992962
0.52757140264802049
0.77554681881651177
0.68092325450586566
0.65581252023412429
0.1343918094134573
0.4397650615403681
0.14049018836486463
0.74415974001906038
0.35493513350598477
0.90454526175216554
0.24286300417738771
0.32497847771812499
0.7556712246780527
0.9200687465903884
0.66079368863682975
0.18322499046977012
0.42213212306895054
0.820154231832813
0.4600316572228893
0.40950195260336153
0.35466057125069567
0.97808330381864561
0.67891362639461539
0.85183453502101081
0.48131084955372283
0.29280417454593599
0.36996928268978041
0.95499225885893946
0.72710448254919657
0.61243331159172387
0.26815276401638583
0.60310693912628488
0.93428525498576254
0.073283460126847388
0.38299855574282365
0.10650894450393111
0.5038242103650229
0.099560196567693146
0.93547666846124733
0.70260068470296577
0.15595136798335321
0.57342341560255483
0.22133028856072326
0.34173676796633923
0.47989220762382223
0.7548771021108035
0.26546298762232995
0.0062459186018827811
0.70412599051880931
0.58887045668162874
0.64869428540220553
0.33702862244045739
0.34415230617518933
0.24009398663899426
0.99490094210148861
0.35888595666297918
0.80090994366360813
0.91552247710897683
0.33773644065192943
0.88953201874150278
0.57260706790743798
0.040128610802216656
0.73738540684691944
0.80508563254983623
0.20906798678228375
