0.477822
0.116271
0.560516
0.654389
0.057050
0.588870
0.056613
0.855788
0.822644
0.892767
0.413217
0.506503
0.294650
0.776435
0.499374
0.126846
0.421826
0.567599
0.331140
0.479456
0.954394
0.813985
0.499485
0.226814
0.870895
0.304003
0.710334
0.078125
0.435086
0.575641
0.549422
0.195127
0.736695
0.554845
0.864410
0.564925
0.853382
0.897786
0.762567
0.043527
0.405707
0.350287
0.588518
0.698019
0.508851
0.493724
0.806045
0.208574
0.978541
0.968897
0.656880
0.037760
0.933284
0.730347
0.663283
0.333241
0.651779
0.608299
0.597805
0.106824
0.270561
0.808916
0.914538
0.741064
0.327486
0.404513
0.732312
0.666128
0.617163
0.765828
0.908119
0.402230
0.599925
0.275273
0.178016
0.936003
0.843805
0.226682
0.747362
0.338534
0.798974
0.647389
0.531666
0.498153
0.430744
0.084041
0.625450
0.661505
0.979028
0.546315
0.506838
0.706471
0.659134
0.821815
0.189185
0.310968
0.919406
0.308967
0.290489
0.417661
