0.135163
0.252965
0.542410
0.776324
0.091937
0.072760
0.878322
0.736464
0.583008
0.332102
0.458858
0.793457
0.691192
0.126075
0.202181
0.919627
0.206120
0.853479
0.779316
0.562487
0.677731
0.211988
0.190556
0.248051
0.795842
0.740605
0.991421
0.613024
0.409402
0.597452
0.037233
0.188616
0.280433
0.430331
0.916351
0.640508
0.432085
0.480110
0.755218
0.516938
0.015662
0.216270
0.650474
0.012418
0.249538
0.469478
0.594863
0.638847
0.859224
0.129099
0.285586
0.655694
0.151447
0.361289
0.480765
0.740145
0.511317
0.950200
0.918814
0.759633
0.289615
0.290728
0.697902
0.092305
0.845877
0.604994
0.659489
0.997198
0.035613
0.013409
0.589105
0.012018
0.521226
0.536229
0.603343
0.781856
0.106056
0.607590
0.869793
0.286924
0.287872
0.498486
0.850183
0.988974
0.354752
0.065934
0.274738
0.195478
0.649999
0.146731
0.117712
0.785597
0.962411
0.526550
0.917176
0.350922
0.329571
0.996921
0.501708
0.106999
