0.207221
0.583945
0.508404
0.535772
0.980315
0.241822
0.639084
0.891070
0.537829
0.265463
0.722113
0.412815
0.447624
0.147933
0.429301
0.743014
0.844497
0.115407
0.961624
0.876077
0.502599
0.686002
0.783288
0.276345
0.107385
0.347752
0.007837
0.236667
0.629598
0.999196
0.334295
0.119708
0.335792
0.588636
0.591689
0.921823
0.255775
0.966890
0.724785
0.996821
0.982647
0.284722
0.440078
0.056396
0.361752
0.727568
0.047105
0.826356
0.235851
0.276038
0.950257
0.603932
0.751240
0.184059
0.176881
0.648932
0.755331
0.880992
0.752150
0.812722
0.616335
0.209748
0.322227
0.988788
0.411407
0.249467
0.969722
0.194427
0.788773
0.776324
0.832888
0.362958
0.011649
0.348294
0.615152
0.070409
0.417458
0.419791
0.726989
0.418776
0.755558
0.707057
0.404016
0.313231
0.934949
0.379260
0.246359
0.009825
0.257807
0.320004
0.551266
0.532919
0.547810
0.419487
0.768072
0.361659
0.310885
0.916952
0.753628
0.247556
