0.152159
0.067706
0.440600
0.466893
0.086681
0.205692
0.280666
0.379356
0.158934
0.121146
0.098937
0.386663
0.790737
0.531096
0.606646
0.276422
0.666958
0.509075
0.193671
0.779869
0.657710
0.466140
0.648576
0.169832
0.613615
0.731849
0.707057
0.224516
0.981552
0.729768
0.493393
0.207221
0.638373
0.923486
0.844891
0.089006
0.899845
0.354752
0.976930
0.648220
0.714891
0.360086
0.453011
0.561327
0.670748
0.311889
0.561791
0.079111
0.323085
0.218564
0.213303
0.557389
0.635526
0.398771
0.769750
0.074392
0.566320
0.435501
0.592629
0.770309
0.153016
0.798219
0.384153
0.732774
0.397786
0.655575
0.483826
0.090809
0.161165
0.265389
0.069259
0.938405
0.114363
0.314493
0.149893
0.336763
0.939747
0.844595
0.173353
0.118361
0.500374
0.701074
0.212488
0.957077
0.565158
0.378687
0.275885
0.056772
0.290967
0.148957
0.041046
0.842616
0.430744
0.720136
0.910154
0.751012
0.216396
0.441853
0.089753
0.472396
