0.14544635626336094
0.63540742427394736
0.25325177040300856
0.20284287475565366
0.98126326720334467
0.90017231859974522
0.63469587738047117
0.43861872666506929
0.67690310197396775
0.013527207357130798
0.19848025134254349
0.49682233490222938
0.36064084208390101
0.15258680502408831
0.51008334417940249
0.36416742874841512
0.98196345260383566
0.61373355763005144
0.2124252648068069
0.72895788967715103
0.99094286840946955
0.53029963233352606
0.27965807675383902
0.93030032304923449
0.58324222609186549
0.79008301744874765
0.3797383348529243
0.31983370871617578
0.11570709004939758
0.39288378375640975
0.083280374055553455
0.02822378319692137
0.47836666621684554
0.36893559593655023
0.45057731282267333
0.82871390550382473
0.72106642988132086
0.51795220215298388
0.70658787465624795
0.36978120114985907
0.3333292008645059
0.35210477529032191
0.20068184361191682
0.47304565750489103
0.21462423760976579
0.86102482766593469
0.27657514141927897
0.48711490575245975
0.70658787465624795
0.4055077410642996
0.97772687011721415
0.90558422389501569
0.29909655850253752
0.0015290276830861702
0.3211145255730522
0.59957132233165988
0.15344606180210116
0.92218623660530863
0.96250889322299504
0.2531081731853147
0.86543810383074193
0.4558762033468815
0.82440037103840891
0.83863061757696133
0.31030021482470771
0.53291907242337777
0.71419058638561306
0.96304359537982409
0.10415807961603786
0.35301615173929035
0.26080497891707471
0.81890500354287743
0.16616635223272988
0.29288423185678181
0.41080506194910704
0.51356207418055067
0.63445870416944228
0.79389152222648773
0.84764393319490738
0.15469443093933219
0.77120305175116066
0.21167549491279911
0.44552108439598181
0.55022884244420345
0.95987049945638869
0.27819051639083303
0.04097265367409321
0.23240416954705614
0.81817495592458855
0.82140055652050892
0.71920431507180171
0.50516270063597968
0.68505764775600397
0.50004011717940178
0.52462180649622625
0.12901659214513
0.34721042839654248
0.97964392330028138
0.97857641498329218
0.40900140710233079
