0.44174893111457858
0.044611150972702129
0.55507605528950366
0.19848025134254374
0.98516331949052993
0.042254474877198758
0.39425273218341772
0.064426792408969091
0.072165455633090902
0.37298694526986564
0.19245464729255127
0.079218433419511985
0.40292399606530016
0.79226176474156118
0.084637264247558602
0.15454995181075348
0.39503629704325505
0.65759171738735778
0.91301146080007944
0.83712656662652007
0.077596669648699462
0.8182793082354074
0.58711035446582749
0.23762290979809375
0.18703021830177222
0.67962301231248556
0.43633096752241374
0.30672595422138921
0.86543810383074193
0.88398637175954065
0.15844193213373467
0.21652350853037633
0.31130295153481041
0.63777951660065924
0.52757140264802027
0.19431050330514604
0.90882550487538294
0.93840508435176029
0.78526722341164423
0.6058199414604879
0.48942355168270246
0.52893486069977724
0.87823232426346931
0.69272326587678101
0.31745244546710838
0.80827899044319995
0.0061162465973655213
0.54804052069199871
0.026382836611663327
0.82460661561617998
0.51356207418055067
0.27888496215229075
0.67358985304257724
0.82119303842183411
0.48426357129693043
0.85693709483216507
0.029452356900519231
0.67879538448306143
0.52314937931234962
0.88178761765704761
0.083786909605813795
0.82285089936308231
0.074113237618853467
0.87598726090574952
0.42919858947842549
0.58043272632661203
0.51333734722221647
0.11015862066528209
0.61219694293749005
0.67382658336791923
0.50204192494767264
0.11037456363055793
0.020646303854218714
0.86933245338201082
0.1825601387636421
0.26198205409012615
0.2431412622711191
0.25744325947515506
0.2715437498288778
0.94318710278999773
0.65865913193185965
0.6081806402521448
0.11503311523557241
0.35557632539878198
0.51434893400670045
0.1303427188448569
0.87616751120405612
0.0074470083581325407
0.70576753657976599
0.34721042839654237
0.37279788099507499
0.30979970853475253
0.41705331356641223
0.32463370993832885
0.96657135343179323
0.90582321899834661
0.75294614992224118
0.5933343296953959
0.96779107762859684
0.41816761145234632
