0.83197519607857062
0.69107371357721048
0.45992486522332277
0.89047296862789049
0.10933426599121684
0.5175012419184648
0.14951776841576409
0.97428174432610581
0.5915714469938681
0.73646423138637607
0.88459877786694885
0.42111353263121082
0.89453635013208488
0.050774215309354095
0.18924173820684614
0.062062768990484067
0.57727591801884581
0.072387816736020197
0.63944019368949512
0.8392308094317914
0.92477511794902612
0.29877151005034902
0.61870133030591146
0.8378290901473292
0.65296544048085758
0.60570194402384614
0.66494295503331124
0.55034409537622908
0.49228878284629374
0.12704924470786366
0.69707842253297558
0.23422380714737312
0.37821018561985487
0.54574010977691911
0.27033440040553802
0.54688991596578485
0.51987052277471635
0.86159143298631546
0.82150428507500117
0.22477784702480519
0.43778605534993964
0.15957603950294016
0.62817558435693899
0.086042782117933966
0.39151775555365909
0.8894462987934868
0.70881300250729273
0.85280262422614794
0.26051133817830535
0.048787186746850945
0.46850789230664569
0.94740802365545917
0.93593690877579006
0.95733970396344648
0.20314450034394718
0.87912541630594365
0.098708133860650277
0.57050929091389646
0.24989370967780003
0.29192459671324539
0.26345905485162691
0.80891567095710104
0.47727841528263526
0.28739767871625255
0.16946795519692079
0.64347379495081636
0.080027136536919716
0.93769587988124081
0.38453883197069066
0.65877772826839187
0.052391274944253767
0.44836148365418926
0.27619155931451311
0.91807181307556418
0.26553742778861905
0.58722765912048946
0.46217015230444647
0.65035533994786099
0.59063168004397792
0.7548771021108035
0.76087519291800276
0.68576595603768975
0.93724233091140041
0.70857888379646483
0.74861806962194477
0.8180705837204636
0.50415869071675479
0.27489034458495143
0.63374721299165548
0.90622090491611029
0.86319173585929221
0.51322499879738204
0.75135347246601236
0.13038434902062687
0.96574343438539012
0.87208501276128347
0.37081641078032329
0.53052722114066231
0.070481082166417131
0.22727570642774961
