0.922838
0.248192
0.411006
0.758163
0.006457
0.524282
0.635289
0.930026
0.089244
0.670748
0.614916
0.999624
0.693783
0.092922
0.740030
0.582188
0.188502
0.341291
0.212113
0.896791
0.564461
0.400153
0.956388
0.978751
0.506391
0.126359
0.073359
0.608417
0.430950
0.039884
0.634222
0.514911
0.345230
0.521905
0.612315
0.112298
0.144216
0.521792
0.071331
0.920582
0.102932
0.129306
0.753969
0.283157
0.745190
0.938726
0.464099
0.526436
0.433222
0.076888
0.944897
0.130843
0.592041
0.032675
0.826254
0.375355
0.474238
0.166833
0.414729
0.687654
0.961624
0.657355
0.700487
0.525189
0.396606
0.478802
0.385407
0.996131
0.442900
0.753173
0.103919
0.780090
0.476735
0.102055
0.558894
0.559589
0.308717
0.856554
0.338002
0.896791
0.960527
0.374028
0.821815
0.273898
0.064538
0.002362
0.523489
0.911008
0.970449
0.794434
0.370722
0.510532
0.463992
0.274509
0.844891
0.011070
0.024337
0.032096
0.470234
0.252606
