0.070723
0.275808
0.226419
0.899845
0.029463
0.352105
0.284017
0.706354
0.580433
0.674418
0.953241
0.807429
0.898694
0.647033
0.315675
0.344960
0.435190
0.058624
0.970194
0.925699
0.099989
0.561559
0.976303
0.908433
0.295535
0.748732
0.759633
0.020278
0.220814
0.338800
0.429816
0.776879
0.141024
0.544132
0.298041
0.327312
0.226419
0.981231
0.091539
0.206548
0.217797
0.582657
0.041475
0.921386
0.177097
0.136847
0.394840
0.907488
0.968897
0.433429
0.476843
0.937761
0.060007
0.869517
0.523602
0.342005
0.572257
0.669327
0.672051
0.370252
0.011853
0.164282
0.554267
0.839031
0.524508
0.855116
0.810504
0.635526
0.844003
0.907961
0.535543
0.431053
0.731272
0.070288
0.089065
0.859699
0.341558
0.875536
0.284408
0.621779
0.279426
0.504828
0.046789
0.942755
0.316267
0.417053
0.633036
0.917176
0.464958
0.536114
0.908590
0.944533
0.419182
0.727104
0.435293
0.245236
0.357045
0.639084
0.030063
0.954012
