0.614916
0.708228
0.122008
0.510644
0.270033
0.693783
0.825739
0.828100
0.081446
0.080326
0.743472
0.370063
0.281131
0.959463
0.926899
0.970914
0.814615
0.191820
0.907488
0.436123
0.944836
0.959667
0.391518
0.903179
0.294167
0.281753
0.985191
0.106091
0.738881
0.449521
0.016542
0.670275
0.034120
0.397491
0.378592
0.137586
0.976191
0.659726
0.829123
0.057550
0.897786
0.728147
0.561327
0.087176
0.294891
0.466140
0.683759
0.514799
0.385407
0.586289
0.386663
0.350922
0.385503
0.470558
0.339599
0.428993
0.210741
0.365006
0.049921
0.261908
0.011921
0.960577
0.232740
0.269054
0.392688
0.642643
0.645135
0.578795
0.451000
0.910076
0.376305
0.179647
0.024238
0.832381
0.377733
0.805619
0.976191
0.081501
0.598040
0.825534
0.947644
0.736003
0.013847
0.136067
0.290012
0.915220
0.503044
0.605348
0.449838
0.175110
0.285271
0.823265
0.162115
0.765267
0.672406
0.792044
0.882405
0.980182
0.822747
0.203870
