0.797140
0.697549
0.037679
0.949625
0.053885
0.592041
0.330704
0.684703
0.683877
0.960878
0.022508
0.434050
0.115257
0.417661
0.230129
0.555538
0.149097
0.580550
0.860647
0.760762
0.765828
0.757144
0.538858
0.799512
0.830245
0.943372
0.737616
0.725829
0.985903
0.636356
0.916577
0.761778
0.059529
0.624147
0.443319
0.103612
0.872906
0.945440
0.892344
0.891835
0.762679
0.968236
0.587345
0.960978
0.815769
0.725249
0.988100
0.867947
0.539087
0.069976
0.441644
0.475105
0.713373
0.795951
0.968589
0.477931
0.679741
0.117674
0.675483
0.222951
0.913852
0.855500
0.614798
0.695314
0.572607
0.703187
0.994718
0.732658
0.440078
0.523829
0.914386
0.884336
0.896375
0.865811
0.012247
0.407502
0.349561
0.434464
0.428993
0.686946
0.140668
0.656524
0.250890
0.295213
0.115370
0.594157
0.157608
0.503378
0.362216
0.464421
0.900826
0.408801
0.503601
0.952518
0.441435
0.609834
0.677021
0.009384
0.073937
0.991362
