0.45523863028934242
0.16744958774876598
0.75385524865824849
0.42622053012091876
0.56237128992626428
0.65640560816017723
0.73773069042715633
0.0020576135851574466
0.13067608134030748
0.24621841532473102
0.077228699180002011
0.73773069042715622
0.5540362425685168
0.76773541364870934
0.17516331621128031
0.96082816829071072
0.9783307181946066
0.22432008938701706
0.83207675423843563
0.041371154713482045
0.69989976519146269
0.73184942839904754
0.11171442471521299
0.49793088320906709
0.032841758394369758
0.037965139924661252
0.81282692476114704
0.92456106684893147
0.050470603254741925
0.59804036380961545
0.61278788768473524
0.11797861100245705
0.23180009178262725
0.50004011717940178
0.42050305547626277
0.49660075629295031
0.52870752614740857
0.83511329590669847
0.52439517566263261
0.38521391815512024
0.56969404216968922
0.71687399727052514
0.49881850538171857
0.11012266619064924
0.15177902681667577
0.90155888487290825
0.98822087426241023
0.74244075840643264
0.6676685132539466
0.97369145855096595
0.85367179320485254
0.32385891341925377
0.66257216860146229
0.56748281680215018
0.71255541341747497
0.27306113021467521
0.37640057101012625
0.97455445577980049
0.67879538448306154
0.10091704357614745
0.93455100023070103
0.13606738027711551
0.15008038769279888
0.40104213204127348
0.99902122285425821
0.52269664607809185
0.44415692641118487
0.80198321354738178
0.4878838968290744
0.95869352493326909
0.067357551316181874
0.61941139731777339
0.34004383891003453
0.077123853429791236
0.80123210968193548
0.12462657819045321
0.98328442313141351
0.74736223446910777
0.18680459918563305
0.43425689600415807
0.22582692202859977
0.92633540092605327
0.31855647765101758
0.28590020866503996
0.39768783615230924
0.32922253422339604
0.61763640286805299
0.11885960545423273
0.77809842276859575
0.11828439680692675
0.75180874938026321
0.15092768217968719
0.93846934422419948
0.46045895189555108
0.42858148114607775
0.24446636160048277
0.4123116781792302
0.16729516363827149
0.68056868200790177
0.94752601986802287
