0.86487793411466185
0.99886124531588238
0.68694616382768137
0.77164953918488322
0.36249414884521108
0.89894138233295673
0.26109887081954253
0.545740109776919
0.51378684124132867
0.64394837113685643
0.92484639987801398
0.16683260501066979
0.28175342031109712
0.96376559832520792
0.30573375543687459
0.4780400662498383
0.98817275957038841
0.16091608737542606
0.3206017686138608
0.82326454552757644
0.96684469956405894
0.76695062039895223
0.21330268139308758
0.067288042962274683
0.91062002894416916
0.016096216015841804
0.9762658855871188
0.84380478928178815
0.10543150019885077
0.81932173407691367
0.67997766258638548
0.82150428507500117
0.18584820877684866
0.59121899833700797
0.5867584712493179
0.84102644807132243
0.59063168004397804
0.0011364474163576097
0.39386130645752149
0.18217322731951452
0.068384511595426231
0.18872949535228251
0.93541077858109212
0.24600765822102724
0.31830146183685853
0.63683063303231646
0.30162434531228316
0.22288622079577089
0.86785445856791199
0.94507817778992187
0.0956811819034461
0.1404458023867485
0.72733627646356913
0.41948672429682426
0.29585756691263659
0.80391062797384727
0.35228692535612144
0.9270391224748401
0.84042872768449262
0.5699269384355159
0.27313716538794069
0.31779186067859649
0.81198344656917465
0.92731964640884423
0.90582321899834661
0.42940440305615163
0.53303306827224151
0.033359880426806446
0.21267566002152086
0.39317688423322039
0.0098055559719950336
0.66897168173188626
0.43177523066827572
0.095649427392172054
0.68493958323151893
0.39015465398442412
0.63706784839549746
0.53851516956562939
0.36426053588775253
0.13231176518157645
0.023827216778840431
0.48601731907064183
0.72199675554087772
0.22952913325054988
0.25346728319876288
0.76997408419372948
0.94910477605666588
0.58499975467068177
0.033493642598620983
0.19384517705428631
0.44039102250926154
0.057149601400177996
0.050595417366601871
0.23885596076658386
0.45704628761233013
0.027831875293030422
0.65747311070164005
0.10081721122743514
0.10759605484942605
0.92541542231111562
