0.013820
0.689187
0.940064
0.193033
0.536800
0.015227
0.192108
0.451634
0.717806
0.849208
0.390544
0.652491
0.479783
0.794000
0.078072
0.845680
0.138944
0.275655
0.776768
0.607826
0.581135
0.017708
0.365099
0.946340
0.248546
0.981328
0.260071
0.316013
0.601103
0.408601
0.919480
0.521339
0.382710
0.157755
0.482294
0.566901
0.709866
0.670156
0.738421
0.351650
0.880548
0.339688
0.666484
0.686828
0.071895
0.920509
0.715941
0.667669
0.839331
0.730578
0.521679
0.464314
0.083252
0.955854
0.855980
0.691192
0.237281
0.134349
0.671696
0.267179
0.959310
0.981647
0.558894
0.100286
0.473262
0.573307
0.475757
0.004026
0.446467
0.417155
0.599100
0.124466
0.941261
0.277420
0.833496
0.474129
0.650711
0.324978
0.898777
0.909295
0.528821
0.420605
0.370816
0.408301
0.864223
0.597805
0.042013
0.880992
0.492841
0.706471
0.382038
0.398180
0.562835
0.225958
0.374881
0.023051
0.612906
0.891920
0.754537
0.301624
