0.218500
0.553343
0.258317
0.270863
0.354112
0.868317
0.133285
0.241199
0.291366
0.840927
0.089483
0.702483
0.740145
0.173036
0.774101
0.600160
0.164688
0.633866
0.968103
0.085639
0.189470
0.238444
0.995160
0.603814
0.167553
0.844793
0.726989
0.716524
0.577977
0.230329
0.661149
0.459071
0.608299
0.753742
0.383961
0.710568
0.876348
0.491958
0.886514
0.381558
0.426016
0.564112
0.189641
0.672524
0.404911
0.407702
0.796167
0.892598
0.998279
0.362309
0.283547
0.828509
0.195419
0.741523
0.454071
0.248971
0.379356
0.553921
0.704595
0.228732
0.211239
0.597687
0.742097
0.427041
0.202181
0.403718
0.073584
0.177745
0.550920
0.233009
0.707057
0.070820
0.626043
0.013114
0.267179
0.931121
0.930916
0.455557
0.759859
0.959361
0.360086
0.716174
0.322056
0.633984
0.552074
0.664587
0.339244
0.743014
0.544361
0.530186
0.769639
0.626991
0.240715
0.942879
0.168897
0.421215
0.362401
0.999300
0.000200
0.579380
