0.85903439909089663
0.014837650523121292
0.54103441278734854
0.26102537429413591
0.41130690725723063
0.53086867202056109
0.92196850600646396
0.34164752437566198
0.31592823461920649
0.95638794648117031
0.96167382225652842
0.68871573441956957
0.76751125307877799
0.87062002773669023
0.91903635520627214
0.65391450938010398
0.57669178764181628
0.68009587293986495
0.64703320398978503
0.37678108513839298
0.1718220041105494
0.084779738040455674
0.29272413318427476
0.27344146437980515
0.80732271849216752
0.77820918842497777
0.12729373673826913
0.81293227344102026
0.49948467711046318
0.43291167997810504
0.33385597857074545
0.39808157430960045
0.96221537055422635
0.67145883062810285
0.33411958141824111
0.44804540900001566
0.7849377672236264
0.5191931479070313
0.6028711205622207
0.33420748073221151
0.5644607859519688
0.89894138233295673
0.044468296339071761
0.4341533357237487
0.34947064225105512
0.199846492767322
0.15220622196695099
0.52473513598957422
0.096638172642392633
0.7276839044767518
0.82953129495449829
0.14645526491942912
0.3907384816014936
0.53314707299153863
0.82993947523478451
0.62000318848405778
0.13762994112941418
0.90566392086844139
0.21798867056793689
0.30747161231453951
0.61125159329819367
0.081446454762895734
0.80838515032147407
0.3693112665546866
0.1977704442103761
0.17103431460869342
0.15239641294442668
0.19303304236248117
0.90906054587673368
0.23408863790480083
0.55924127328807571
0.088916503290211529
0.053903917192389489
0.60747228264162845
0.5005958264294843
0.48579793936985849
0.014205964144010316
0.41392230137228991
0.65735450304392018
0.40530864108437759
0.01392107525938056
0.53874402231108709
0.77276479317232838
0.96761205376238202
0.042330129237903608
0.67193245930685086
0.33535161370642708
0.2564992157921348
0.50516270063597957
0.2688284023967939
0.20134017261495119
0.43084664643040282
0.8837234760697017
0.1695199738697884
0.90066272802936009
0.040548596987643779
0.74621943762765741
0.21130140565886868
0.74060466148301407
0.37355450585213873
