0.285979
0.537943
0.358517
0.841524
0.349833
0.986461
0.031206
0.219269
0.022880
0.408501
0.890302
0.251033
0.804659
0.026765
0.251747
0.411307
0.512327
0.623910
0.645965
0.062278
0.221524
0.341915
0.841822
0.515699
0.250748
0.886080
0.553228
0.321200
0.926053
0.880637
0.292564
0.992981
0.859319
0.401141
0.585117
0.451317
0.123669
0.115445
0.892174
0.996730
0.820778
0.075028
0.288426
0.361752
0.430950
0.799404
0.928297
0.443004
0.348204
0.008357
0.161965
0.120289
0.847644
0.142186
0.692134
0.206854
0.099494
0.204173
0.627583
0.851641
0.827280
0.130676
0.501263
0.812089
0.028779
0.720601
0.757031
0.771761
0.588988
0.006477
0.504493
0.540576
0.614561
0.960073
0.017917
0.195010
0.529276
0.573773
0.297636
0.696608
0.314831
0.551728
0.515249
0.157070
0.185176
0.182892
0.443214
0.708696
0.598276
0.670748
0.867854
0.077728
0.893527
0.451952
0.865718
0.030686
0.624384
0.347842
0.980940
0.995967
