0.42683572086699484
0.91438556289349227
0.58570310043199703
0.51637452825769414
0.9773669185189876
0.044357479422517276
0.015620238087288213
0.064627442872722166
0.4040159136030903
0.15849109968954761
0.81534997057181602
0.43622713453155881
0.904865515717722
0.56620371458714425
0.68080506696445942
0.50829170195024376
0.53052722114066231
0.54459110966866653
0.27245341859839245
0.40890134141665951
0.93328369847286075
0.28058791063176425
0.12279639627396825
0.41040384530860252
0.044042263818096755
0.98560434236227779
0.17176939772536126
0.21952593709627977
0.25686199656771808
0.077754853358861106
0.96518491662223527
0.81514014321172379
0.24286300417738796
0.30326331878575963
0.76717491304406249
0.084722722808310835
0.42111353263121082
0.86840951368839914
0.97057636752681553
0.4201980076111359
0.17457605606640794
0.67512841279690883
0.13358194817033944
0.0086866723338307975
0.20605856948149723
0.27222578784161339
0.97693032289503901
0.99027892549303509
0.117179196978764
0.19401956784474589
0.57739276171076048
0.18112644521794141
0.95791549514868191
0.37592527171505241
0.5296170830667668
0.60169226169106838
0.012106495295498867
0.16514569380780691
0.57739276171076059
0.37402789418092275
0.94598077757783428
0.2342238071473734
0.30913326086986509
0.77465752885185701
0.29192459671324555
0.19966785613533011
0.95601461670290455
0.14040142839873912
0.84241789668098066
0.76245386453815489
0.95822769577485845
0.69954726099215658
0.45407095047952162
0.7696386261040169
0.12794770447020337
0.13096837611957887
0.88090307528177292
0.60617395553035913
0.57949694044070987
0.0029971473061853864
0.65676145057499991
0.67051146139753759
0.95060004186567082
0.025708931026397572
0.66541703373112449
0.025766054637429751
0.3708164107803234
0.15154213518822313
0.24009398663899409
0.46442098757893913
0.55738889883028075
0.30186978414847154
0.049710076355558415
0.078417077294844498
0.79367443637555224
0.43477490238953997
0.21349107584669058
0.18929872428746286
0.53794318704382316
0.79918906490859176
