0.380983
0.518403
0.848720
0.416649
0.325582
0.358794
0.084070
0.045380
0.564809
0.342809
0.237691
0.075798
0.303510
0.614325
0.112481
0.404911
0.300073
0.981647
0.844793
0.119630
0.472396
0.501597
0.551958
0.850086
0.826459
0.583242
0.772319
0.585586
0.914538
0.911549
0.075284
0.078603
0.792697
0.709749
0.703539
0.907804
0.665536
0.380408
0.518065
0.194835
0.536457
0.759407
0.932881
0.237555
0.542640
0.974360
0.708462
0.480001
0.623555
0.563532
0.041002
0.921241
0.456089
0.664469
0.842319
0.665299
0.937825
0.857319
0.505944
0.174896
0.228865
0.805406
0.887034
0.856937
0.244117
0.730809
0.710802
0.366500
0.955155
0.161565
0.909842
0.479129
0.500262
0.842021
0.225761
0.868687
0.678204
0.846565
0.355943
0.146363
0.394644
0.340667
0.640982
0.040782
0.762792
0.905265
0.072660
0.407802
0.778320
0.156827
0.837628
0.862440
0.431672
0.136760
0.884424
0.663876
0.002644
0.849208
0.545395
0.729421
