0.75793695592615129
0.47499696908265654
0.29674574380842045
0.55623210910629939
0.30031776520608044
0.92598224994504763
0.41796488388733688
0.071551019084268211
0.68529376558764632
0.87634764963792655
0.89959875373716325
0.059363381040192405
0.54069063945480877
0.3339438303367942
0.70271804988777276
0.06864345820606281
0.97447671694916682
0.0011724963843775323
0.046325844157063402
0.406404412026588
0.34811333599392541
0.24057678629015608
0.56597123686030337
0.15097487273105248
0.072635610058116959
0.1141769144698202
0.69307662676022974
0.087001068616169408
0.33641011223704276
0.33535161370642708
0.076341583412012984
0.41442637412329847
0.24481599895908981
0.48262212234390667
0.058318008771412091
0.36809123806660005
0.82347124512415348
0.65166041542916509
0.6077083879599523
0.70072208858863116
0.80080251984767603
0.98445731506168666
0.80005006260297074
0.48689529680343946
0.17915667937279867
0.62426580955251465
0.35971651843044877
0.31038368841601355
0.97895904604028505
0.75533095669067607
0.69119156752302324
0.76661408278040222
0.24244607984716149
0.50215323808588608
0.072165455633090972
0.95638794648117031
0.3802166794922619
0.44164439610581219
0.89436843584753678
0.20471879781954128
0.75510405277287318
0.52156547868422098
0.28779270529934919
0.53189351011724506
0.23066241752872144
0.81576939107959012
0.31466200676384348
0.46656975927979272
0.9554243342964861
0.89436843584753678
0.56934474590094841
0.90677632063606395
0.65367724571490626
0.87098692868874383
0.18657920347396903
0.84783983631981907
0.62260777786087917
0.28826726286007837
0.41080506194910704
0.40381725151182657
0.63754229026575704
0.91582439541933769
0.27116539336808815
0.13405030229455814
0.78306823223500133
0.74381612865194446
0.1046726901057552
0.48634647473873083
0.35603478795679805
0.86776185547985618
0.87098692868874383
0.70764215970130318
0.081915334532458389
0.47619135473315133
0.28409517060024297
0.94006426775160024
0.98439993954863181
0.67891362639461517
0.67394494465969834
0.98751085082721934
