0.168741
0.726757
0.193091
0.178341
0.478040
0.728379
0.724204
0.752264
0.857319
0.837829
0.212488
0.903501
0.060573
0.302853
0.996444
0.511204
0.533489
0.861119
0.340934
0.320260
0.189984
0.926969
0.577393
0.825637
0.095396
0.700252
0.019678
0.923630
0.611252
0.301870
0.110303
0.917848
0.156146
0.114140
0.778098
0.061080
0.038837
0.959310
0.678086
0.427965
0.598394
0.961327
0.100220
0.149284
0.374596
0.308302
0.994191
0.081172
0.297312
0.774546
0.152254
0.740605
0.946220
0.488214
0.468400
0.585820
0.447835
0.324892
0.365566
0.718156
0.805619
0.744389
0.006672
0.375355
0.835315
0.234968
0.217160
0.947408
0.082109
0.119669
0.928297
0.420503
0.949105
0.724669
0.960678
0.147239
0.943494
0.807216
0.874088
0.644186
0.675957
0.761665
0.360548
0.092799
0.663639
0.176182
0.878679
0.678441
0.299259
0.502265
0.357229
0.552189
0.901884
0.579146
0.533945
0.227342
0.729305
0.210555
0.979914
0.019009
