0.28190909178370044
0.050009481502475542
0.80944572568788642
0.16988447743138377
0.02754637192613105
0.20465806641527989
0.55553838800212141
0.10724431392939833
0.095490794942910046
0.98692871259454407
0.29152542647590945
0.68198679208368163
0.22126564543114779
0.35759647768446112
0.52269664607809119
0.030685915745377101
0.55496049068645092
0.60239952999454349
0.68269566391871583
0.69142726226798534
0.80668437424742279
0.33667509307881038
0.63090171593171451
0.99608439732534781
0.28393860858521786
0.3986726245987231
0.55057462450245864
0.95718190122155478
0.81838364063866875
0.77809842276859575
0.48667573361736649
0.5740067055908783
0.66873476043203883
0.7962750508251627
0.11454848936970671
0.80348281368435825
0.57377337123157379
0.5455102450281637
0.14576672900414889
0.3617520811341276
0.30474385614293975
0.7565780877024697
0.67430001290815611
0.86692722349319384
0.57715908018756368
0.10958458206389335
0.806577919281947
0.97818954903452393
0.10508598856264688
0.97053399000241547
0.65035533994786121
0.31668969411884162
0.01993112036159202
0.87939279114754432
0.022399277217635714
0.74610509938682945
0.52122631464646996
0.76470481775942822
0.90693472229608563
0.97641452969619513
0.25809837782384315
0.64905022896561704
0.81890500354287743
0.15125827867282904
0.70506415752913687
0.93474993939020645
0.54735006245560358
0.17736664539906744
0.22787049880367385
0.99853571202845259
0.4885434763848725
0.60122082874459859
0.28582155367157847
0.30015473009251842
0.80689722915734752
0.24586723089686793
0.74690524387853985
0.56818084485231357
0.57249047155453414
0.1521112018474482
0.61397000507165478
0.6680239471208913
0.13477689829853934
0.75703123484538593
0.11691377659903214
0.76335485669367709
0.067706070397555274
0.039698389018473515
0.86356718161222756
0.14923713045681397
0.84281461827068704
0.90123344858784749
0.038976816860462817
0.2616137861865902
0.15263443448274788
0.33871134351763105
0.57447344745804352
0.2271436966627704
0.15253918814312983
0.88442395016335551
