0.28802991239419684
0.62414736490370093
0.36351611230807762
0.89234398838354667
0.71664080573409006
0.20459734954535255
0.001021362755671796
0.02288877425696639
0.95905378563692012
0.10908445149590199
0.28183124809951904
0.85684147104719466
0.92355809527433363
0.82983746239514966
0.2990152724430154
0.20050260217041641
0.11905188192820691
0.11347382237139293
0.30971634669723996
0.8045518102260989
0.17801584692478817
0.72942090103172297
0.53417351346721242
0.13533481099460057
0.29288423185678181
0.87390637466978682
0.090143948399639365
0.76930304654133841
0.77576899911268526
0.87481291419320784
0.30507356707308725
0.87706708272962841
0.28653002175060066
0.88328473655003392
0.52723074478018117
0.39886975942861519
0.5238287631203562
0.80529903473434272
0.24168316019312222
0.19747530026627827
0.76459239148888514
0.72292658432669477
0.21405705752204379
0.70224855558931609
0.64762644851538409
0.80838515032147407
0.18545557157492626
0.58617210225336303
0.48524969137201046
0.082136819769997718
0.041653729811775647
0.6897770347798946
0.057751252626645842
0.28167560841793482
0.0068157118858394221
0.099264518832436074
0.77198426041758317
0.8481335109505922
0.011907675539240652
0.55854641654000958
0.041031465638972045
0.90115201108289367
0.93885415635684766
0.19541930116011214
0.24537622280721064
0.36017848596459612
0.80112473859506572
0.2236022456269027
0.1740967867364645
0.72315896309037131
0.59568645684418853
0.45885764317453848
0.62853111752952995
0.61326069853411491
0.066116309761853273
0.31004988983799431
0.50048466308034378
0.69083799260118695
0.76222849026578576
0.047914035061016831
0.019953579168511662
0.55889381262075144
0.147331380223232
0.047727604894334426
0.42899283128225746
0.6842311183364469
0.61728147430185598
0.95423049791269365
0.10055141782055106
0.23153200840814359
0.33835661201059924
0.14129118883658642
0.3972943344773765
0.71267225545086843
0.63576321252570289
0.12307338974313453
0.12013363882654488
0.9270391224748401
0.58711035446582738
0.85636297342376555
