0.95207071024263945
0.69766644579414816
0.37431211086406446
0.99877476717854319
0.17452274989650129
0.90960784161049102
0.79226176474156118
0.28066550004475238
0.88310903801058382
0.95054298617193056
0.70904709608607663
0.27942597564638783
0.49981790880886745
0.67737624403878893
0.20326525199508261
0.23267304439165865
0.094512470865890735
0.77064463442738262
0.22399357115215379
0.25411466402799748
0.043032053041971496
0.8770670827296283
0.74713376060503689
0.90220824931103616
0.2185001382896283
0.10588215909861108
0.35292494366852639
0.066390334007816326
0.3879216428699786
0.035112803021611134
0.39768783615230924
0.50985924528137172
0.58711035446582738
0.085524063977984635
0.15668043640210583
0.785706281246358
0.56597123686030337
0.2226912567106954
0.063695908229377957
0.59815810453813367
0.22886454329183459
0.84862248760425474
0.16136486596608318
0.42961027198749763
0.1692080614375169
0.31957797560119738
0.47706090777892218
0.54677489928792933
0.0075530915079009718
0.24397751840750345
0.24321086537333589
0.16271751168324761
0.46517249156344365
0.00070052947560312803
0.39112799904889589
0.91829490235936395
0.82409084860827764
0.11657329196178533
0.61598027761892826
0.84251711198050794
0.73034650921392719
0.073760181374194309
0.64525347873248196
0.35493513350598477
0.88231696417037564
0.45470767332508222
0.32974483700337298
0.0029947166021849184
0.14160374116361549
0.80711001061044418
0.71384030449752633
0.54000331945913571
0.78207669372581767
0.87390637466978682
0.13907577302476043
0.098382138490919369
0.30400294072830886
0.93743692192459238
0.27473756160223312
0.82840703194362875
0.11778784467600176
0.63837259749592568
0.023094258235174647
0.43653867429050852
0.95675948340113759
0.87071179379731145
0.88841533903416359
0.96976500070451011
0.34721042839654248
0.98904263311365559
0.77643519691569385
0.5036012762773282
0.96734242534625969
0.124266650472837
0.58558586302023008
0.31113566911550777
0.51389923979420293
0.87580689884312324
0.0020542405633306405
0.4809832945381326
