0.17208523714221236
0.67631160931769019
0.29184473077461998
0.36027092610729083
0.47847555658480112
0.69966476767957408
0.5804327263266118
0.29828441628955965
0.63327291010460851
0.27911672981350361
0.44216720509702578
0.099823674418349675
0.25167563016747757
0.46506509645977068
0.60169226169106804
0.72918941253682079
0.15344606180210116
0.77387865783153864
0.67039302998679817
0.42468475121674093
0.53862959167870894
0.011061596829174321
0.58031573331017317
0.25868177030765555
0.83612104964855394
0.17736664539906744
0.094261448150882957
0.69578433313952681
0.081473969182525835
0.8913252353410096
0.28929743851616935
0.53417351346721242
0.87107858584641806
0.045074348279750383
0.17345946091915568
0.74129349882418383
0.95111190534887102
0.14250000350414527
0.36865400465996617
0.45460152059346437
0.24390774546467905
0.65130449012459424
0.72687265523529088
0.2585358281817341
0.18952680911630912
0.68305005288365261
0.79681562349552482
0.26620809828458059
0.86553137288372217
0.14733138022323183
0.80358979415136533
0.75453658871594653
0.020361949867526461
0.89259799830020625
0.64940617099495346
0.74930251613828269
0.98493964759960961
0.50997128961669058
0.48426357129693065
0.15287277051865708
0.73554245162206744
0.31525246640716115
0.82243692466091045
0.69284105739486379
0.41493080479683941
0.039145495275453794
0.55022884244420345
0.58887045668162896
0.24741533903301258
0.011793518842532992
0.75044238061094548
0.80444499155666005
0.39965888854147097
0.47640867136798237
0.85569201883830659
0.86074117583818344
0.021036527546110163
0.25089038710224842
0.017788634910690864
0.51266340747079653
0.072635610058116931
0.69837190632029644
0.078072090843427033
0.16560433906556971
0.41918210095699998
0.57167447149733386
0.55843063223630085
0.76312968461963282
0.27849900022169249
0.9581237753671259
0.84360694214662446
0.55241996706699126
0.00064934131359283866
0.33227735793432228
0.0069678459752413194
0.027556521008788047
0.76896734588727989
0.88841533903416359
0.96414730082536249
0.46035210923525249
