0.44615145190283412
0.95601461670290444
0.87948185928511191
0.13447730292178822
0.83561745149831235
0.4944979501300093
0.52654967831699506
0.81952997910078718
0.30334543512686546
0.21952593709627979
0.81566456526488262
0.69119156752302324
0.0019008499840056318
0.67110358443924167
0.073936519446413038
0.89712337722563074
0.35897817907056451
0.20673109949049476
0.46345566724640308
0.78975564607319959
0.5124388414308374
0.89487181288539808
0.13654320685195981
0.75021449620518044
0.67548340081807789
0.25635421297938887
0.34820371316412912
0.53862959167870916
0.0038426916249246759
0.37440688036193787
0.49593628340125084
0.85222206621321561
0.77387865783153864
0.080434260364080953
0.63232436634769229
0.51536132924415867
0.36342312905404556
0.3973926877171417
0.54861612013801353
0.76301707955627851
0.83662408860750559
0.39249319171973152
0.40810133738367854
0.90049938325837386
0.04541253431297046
0.86007841879851665
0.89687430901561704
0.56295148214585145
0.064649772379903006
0.7662774271191739
0.13303025350104733
0.76784747405538245
0.31214032136992625
0.98190048315741829
0.29545448847792977
0.74163778247821577
0.43726607584434307
0.91408112961750398
0.81723489163891516
0.91844346111831199
0.14540063770059075
0.80965761672614678
0.80209044339299262
0.81973814381066279
0.082164543121897318
0.87281487832513005
0.73335084335267109
0.25476330910920386
0.35962417156931625
0.17072008169402467
0.30146079925946384
0.12327157386529788
0.48131084955372261
0.9837894463251281
0.787678947768372
0.79226176474156118
0.98126326720334467
0.46872348702034361
0.06433779625874185
0.52122631464646996
0.38811550281276708
0.60169226169106838
0.093667639380797571
0.90000859888355067
0.22191275094681412
0.11970764770249108
0.55819908526158812
0.68210494600310667
0.41362002968113309
0.41644624055971752
0.75827640313984468
0.288583953186616
0.15426133552626844
0.61290608583920392
0.53668558029625668
0.0026509620790489204
0.38898861534849155
0.96357386916273635
0.69790161971019682
0.56562257039613151
