0.376686
0.217223
0.754764
0.417053
0.759181
0.842517
0.170668
0.303921
0.428787
0.831772
0.791282
0.719437
0.931800
0.888243
0.804979
0.946160
0.072884
0.302197
0.013265
0.652965
0.126886
0.680450
0.104810
0.607000
0.265835
0.602517
0.622371
0.748504
0.097668
0.585820
0.651186
0.328180
0.532463
0.726409
0.154309
0.155903
0.465065
0.524508
0.558431
0.539774
0.121498
0.293686
0.721532
0.144853
0.606528
0.338002
0.357229
0.327312
0.339155
0.109013
0.510420
0.482294
0.572257
0.670393
0.058115
0.178885
0.513450
0.531552
0.308219
0.594863
0.429199
0.151732
0.086855
0.928436
0.573540
0.738766
0.007951
0.745419
0.674892
0.839431
0.679978
0.715941
0.984799
0.223211
0.965882
0.797788
0.760649
0.725249
0.344960
0.720019
0.547120
0.457366
0.357596
0.622726
0.597216
0.607708
0.204840
0.712439
0.320773
0.545855
0.333417
0.766165
0.940128
0.349289
0.093325
0.949394
0.566552
0.333680
0.984912
0.450789
