0.13619700985186833
0.37421735666673223
0.71103586215871584
0.66577257446178428
0.52882118885906215
0.24119863659949467
0.6394401936894949
0.2116131098844353
0.42417352414074544
0.4057068993367467
0.64845698898962789
0.91552247710897683
0.78559654008937063
0.95477534377963791
0.49295106594177607
0.99359652902224127
0.86776185547985618
0.48305958651119796
0.86140266812683353
0.69342994644367884
0.38405708024225049
0.078470273560756754
0.81029283971035959
0.5590096256775694
0.87805336642971166
0.92899118234128197
0.82129680763137969
0.55600083921761256
0.12717143993275468
0.7627918314471579
0.0089482242656451407
0.89242868855387547
0.050363845017235724
0.90374240283716201
0.19320683718248255
0.82243692466091056
0.96513813603275111
0.35603478795679794
0.35155870091767505
0.32308540623303472
0.81124440272241161
0.1446252924544407
0.98848326099433681
0.48953361206953383
0.82789515022442695
0.87354298390377338
0.39474234880490067
0.057329492546864022
0.39356789334685771
0.6346958773804714
0.0011896987001993825
0.29942186238717922
0.73450473570984176
0.86785445856791199
0.59180643664621224
0.26308921506890304
0.46710772806568357
0.095840094685928426
0.84715375605040011
0.19653324366806621
0.49615773049636558
0.52598237769787382
0.087001068616169533
0.28020020186965544
0.56701759611992752
0.54172218512999515
0.26375520980754719
0.32601430844223594
0.45047166625229407
0.092953264057719864
0.35338114046779984
0.85338229310500702
0.95031439957583808
0.92527337231115547
0.18079691508195705
0.8803709752375023
0.32878771874393636
0.48514007631621203
0.23026193392491512
0.17324745016145188
0.22036221348698098
0.7437015708783099
0.8630038560019947
0.5224703364132629
0.27056084517126217
0.44709789604079264
0.8299394752347844
0.901802632368089
0.038948769454799553
0.54942228975058605
0.11627136507848806
0.45513241313678698
0.42888997296097331
0.81430005572825415
0.50527430983514399
0.049429789951446972
0.5902793471516361
0.35092232691898329
0.74770486465672814
0.35411186860843291
