0.2392680829181198
0.58499975467068199
0.94556057516158265
0.2268798584829104
0.062950768235025115
0.79062831361744612
0.45407095047952162
0.56690130744438272
0.2991778605265899
0.32809284018889578
0.042073414642973997
0.10901316794525313
0.86785445856791199
0.045154657234388051
0.20863591973147358
0.79400004021275916
0.92131348385353806
0.0021952404431529321
0.13189068722567859
0.86711288434504907
0.90843312327423065
0.70482965074364645
0.10296597818934923
0.8157693910795899
0.42437797295732804
0.56911191390621163
0.025680413857024048
0.25599197962170039
0.40960210509810491
0.74724800290177285
0.61917469823273863
0.83551666491928001
0.087381183763128145
0.76234118369257908
0.92717945340763297
0.13409294985308595
0.037624319042557558
0.2752725793292079
0.92204111679563117
0.90788243325046813
0.28012270777409398
0.27757431047634834
0.013741187960990416
0.23321152532728354
0.53565740668738437
0.35447760786255728
0.89819946352591828
0.56736650175117842
0.11380639295126595
0.88729364829273072
0.58488254880524493
0.34442140854333331
0.61148791180320516
0.93821209138537331
0.24551643345852828
0.022092184996597191
0.79139104738922617
0.72466865039881845
0.64620266274369575
0.097506704047136114
0.47923812060479642
0.0068561459935089818
0.85231888750319085
0.12130213712890395
0.42478703863240364
0.3500145535123303
0.56028404064710491
0.44363284864760799
0.23139805797843277
0.045202905986928998
0.44857226582815246
0.71838903724090974
0.66565406265041926
0.1149584410936632
0.66138654955189402
0.31381984917862915
0.75918106330359847
0.83014343636853605
0.45864435127733905
0.88001567074761133
0.96196976148359181
0.15378132052552829
0.49118587188885265
0.5254153095948555
0.11182368360108126
0.64157555311347347
0.63611901026227258
0.30449674061838278
0.69731364694075015
0.15809811871498991
0.63967744548556604
0.9073301645626799
0.65296544048085747
0.57599102611174802
0.36230853884403397
0.45704628761233035
0.03364013532025778
0.020607659668746676
0.98783242738937815
0.93846934422419948
