0.74975859443900017
0.20912976927344584
0.055924306925029907
0.32809284018889578
0.36463311921818314
0.89021670444756684
0.13447730292178822
0.26073154518806962
0.50985924528137194
0.49538285795830783
0.13710738682927071
0.78086315475758517
0.022786679369503716
0.8016614178360344
0.94622009848791699
0.30697436320650279
0.44289969966158738
0.080461467915495383
0.712204847178322
0.43778605534993964
0.77710087770391933
0.080135521672235158
0.57237388141371348
0.12571178410696043
0.92857516676751606
0.084808258520265259
0.6882439377846159
0.18528750726007068
0.91665193035003634
0.50438173036101697
0.39640982117337908
0.54930709914790143
0.68269566391871583
0.40431401633747532
0.68635610831119798
0.31063420497528876
0.58488254880524493
0.84182211722415201
0.39454645757789497
0.061955260053655203
0.2116131098844353
0.62260777786087917
0.55588521533167146
0.23961194049893658
0.69201642185998113
0.91069766185339551
0.39444853425119358
0.95781113534804296
0.47619135473315133
0.7605365886607014
0.078923752669774264
0.63659342149844345
0.068950630666626142
0.54516550849287937
0.75533095669067607
0.40960210509810491
0.01462417850214332
0.6738265833679189
0.63967744548556582
0.34057783234682909
0.47869337285833113
0.0016140628022980998
0.68210494600310667
0.41372077257455858
0.22347192406125169
0.45662062296247863
0.57214071980225156
0.25904689987596863
0.77298767770389354
0.95390183675237583
0.51761396729303799
0.55092047623182738
0.73715517001576458
0.727220383688016
0.46152807371485072
0.023301478914111318
0.16489135059106663
0.1040554252653616
0.54114902063957659
0.53943078460328253
0.52859387257173041
0.55970465427234783
0.96537167363529175
0.95499225885893946
0.63410295316524701
0.95235070729995297
0.69754885122762333
0.97878564716041228
0.87417862744486352
0.6022816421085011
0.40790148132718396
0.053376558427867302
0.95547817919243017
0.05102550781395105
0.35010526029154848
0.77765521453779218
0.4055077410642996
0.38957136507028794
0.096798492938851038
0.22445080201479004
