0.214435
0.317452
0.217797
0.294007
0.939493
0.108800
0.920436
0.967252
0.701779
0.010470
0.608417
0.637898
0.914538
0.590984
0.755104
0.125269
0.403917
0.933952
0.531552
0.153542
0.845581
0.491737
0.231733
0.800050
0.733813
0.614325
0.495826
0.424685
0.902856
0.573657
0.820362
0.597216
0.922041
0.262794
0.493614
0.699782
0.008259
0.840628
0.734851
0.566087
0.058115
0.197063
0.277959
0.617636
0.095523
0.937502
0.101685
0.589927
0.696961
0.271771
0.333505
0.659134
0.964385
0.466247
0.520548
0.242516
0.746791
0.426221
0.518403
0.844101
0.200742
0.726757
0.773099
0.517839
0.076576
0.652847
0.042467
0.962460
0.285429
0.023406
0.400449
0.010572
0.440600
0.000986
0.335792
0.798003
0.229662
0.251533
0.802519
0.181181
0.130551
0.345050
0.265537
0.501486
0.355027
0.250036
0.741753
0.290888
0.806258
0.109227
0.783509
0.121851
0.848427
0.148770
0.894032
0.629598
0.020484
0.547580
0.192166
0.532007
