0.970449
0.487554
0.898777
0.470666
0.173353
0.460352
0.742899
0.991518
0.475757
0.525642
0.783729
0.118361
0.866463
0.871536
0.264348
0.866184
0.556695
0.835113
0.012423
0.693665
0.678559
0.005621
0.920948
0.312392
0.702718
0.212613
0.798974
0.858749
0.595804
0.104398
0.903742
0.994633
0.191532
0.466032
0.151874
0.975779
0.577276
0.013144
0.373649
0.579848
0.409903
0.206120
0.890473
0.407402
0.832178
0.301052
0.017032
0.998286
0.235579
0.178613
0.183059
0.687536
0.642050
0.419588
0.123153
0.158589
0.363237
0.349199
0.691309
0.451634
0.855116
0.654152
0.952127
0.868964
0.815665
0.485030
0.214183
0.782407
0.446887
0.347571
0.896292
0.695314
0.486456
0.259852
0.004644
0.654864
0.576692
0.672524
0.982555
0.180249
0.207099
0.275196
0.137543
0.214057
0.334823
0.035858
0.935345
0.474346
0.376591
0.711737
0.167347
0.358241
0.153542
0.354203
0.004866
0.395036
0.873270
0.605348
0.035049
0.739686
