0.881523
0.878858
0.829531
0.319493
0.692134
0.798543
0.755898
0.786035
0.640864
0.769527
0.613852
0.326533
0.414124
0.481857
0.294810
0.349289
0.421928
0.179157
0.246922
0.890302
0.832178
0.391908
0.563300
0.092152
0.388212
0.142950
0.103816
0.115332
0.604404
0.804338
0.243002
0.991342
0.358886
0.284330
0.868410
0.708345
0.639915
0.908747
0.466140
0.179757
0.565506
0.373744
0.019819
0.693312
0.948756
0.392103
0.420503
0.273213
0.926124
0.763580
0.892429
0.121890
0.117979
0.771650
0.954667
0.309050
0.566901
0.574707
0.301788
0.490525
0.114363
0.709632
0.056435
0.857797
0.433118
0.626043
0.023111
0.171507
0.735773
0.055340
0.001628
0.675838
0.982800
0.603814
0.873543
0.242238
0.352469
0.025256
0.952239
0.021052
0.301461
0.130760
0.445626
0.592512
0.285900
0.729999
0.174789
0.597569
0.922114
0.495604
0.186805
0.149893
0.008465
0.488763
0.517727
0.462813
0.136977
0.621187
0.866741
0.432705
