0.49427683362796082
0.045867092089105777
0.94669700513985955
0.18350259984473227
0.54195150922894519
0.35037747472484393
0.41211060886382489
0.89670810958005653
0.37345987412401699
0.16755260328897298
0.97289186085201362
0.77909478727801917
0.62900518550562268
0.82243692466091056
0.46969427127339891
0.42437797295732804
0.69895964874785377
0.68305005288365261
0.52077423012540369
0.7775443761498777
0.4258106818149896
0.76874347836663981
0.41989308700306383
0.71150353524681731
0.39818004578050348
0.81597898399889868
0.91552247710897683
0.3393327322418806
0.84872021065210879
0.67430001290815611
0.53668558029625668
0.53645703659192856
0.30788642568538421
0.6946073768262786
0.87948185928511191
0.18294772699421158
0.68718215859731524
0.12032770645771602
0.57074227645428466
0.44583620855144868
0.96560429801147607
0.92633540092605338
0.1475163922072627
0.77876279758778633
0.80037264925024587
0.86720567472196308
0.95925884314288112
0.80902171923289068
0.12893409720049823
0.37545035415424527
0.96284967067454474
0.98746090083927407
0.26308921506890298
0.79106425901090927
0.37251439955594384
0.26117238304632373
0.65664283732504014
0.34334584984110739
0.055398261354622107
0.089693143340401543
0.44699268274540382
0.15263443448274791
0.035112803021611107
0.29755485315220725
0.25591957985775377
0.75748419121786281
0.90740915661280874
0.37270337185052554
0.25860879140983206
0.60522999080174977
0.5295033565970676
0.87939279114754432
0.94269347183072782
0.95251826798115302
0.013662531268326011
0.41674971295318403
0.47630000707576814
0.86319173585929232
0.11733110141673073
0.59121899833700764
0.20563151420775477
0.79041024365437818
0.13105199233096332
0.73462007450502576
0.83963048151143715
0.60475809648241119
0.75476360928549191
0.69413646085885639
0.91970079230977198
0.033202440260922575
0.95406633170257571
0.023933695515425624
0.19164727173279411
0.8797488930965065
0.4307435393023592
0.84803564343282034
0.95251826798115302
0.71815603433596598
0.44352807306278952
0.020407808646173323
