0.023818363705740361
0.94910477605666588
0.57622458955790334
0.994969974432654
0.69496051406874615
0.73485072440634069
0.34531944004486187
0.23926808291811941
0.97341323259392154
0.86720567472196319
0.82543076179715502
0.040085394894004443
0.79247928020421965
0.65355861296415829
0.88781197274396606
0.72536497096965791
0.18827512240432359
0.40411526657091662
0.18267080916819994
0.76963862610401679
0.59286412438417524
0.56364794021662745
0.85789194018833803
0.46184905633308282
0.17559144301486243
0.69201642185998113
0.67335311247442919
0.28739767871625255
0.887725659189468
0.7934572841155465
0.76155206628554428
0.4537527634017936
0.038157250040812912
0.21754191839518205
0.75555781375275177
0.86253369934260626
0.57144138493931829
0.26643193878004751
0.078151581795378885
0.46947845555487011
0.98270846543996337
0.6427619413718122
0.21424598433474815
0.032178249036496812
0.81744393353447919
0.55553838800212141
0.029582269409267965
0.17671940508024722
0.90796119998639557
0.63291719631977328
0.7897556460731997
0.27313716538794069
0.2743558813878994
0.052280791167555213
0.45821792028158315
0.22327655442965511
0.32471987801422975
0.34549923525917248
0.13387982863119327
0.96342968813917496
0.85115541030203012
0.99420574374276383
0.74152303129791841
0.48360667832073101
0.63303576628580904
0.81261616991955909
0.27981289023025468
0.16489135059106663
0.015944120645117785
0.56271938451949488
0.21952593709627977
0.22820146848183606
0.2782676135413561
0.50583251300016518
0.78997390976781701
0.67382658336791923
0.10588215909861108
0.33236492428070208
0.94916274052053751
0.22800284127574882
0.29553507225004455
0.043309637336321108
0.14719275070537752
0.60416831235552326
0.17872136584354195
0.58945740807693614
0.61846466162624225
0.54988313026470437
0.2857429145972385
0.90976392005523243
0.92808823974604948
0.92752967715920831
0.26080497891707471
0.15585437545550873
0.80796039956372323
0.50907522182478149
0.94088481547381397
0.54367249500275494
0.48623674470764933
0.47738718689285708
