0.815350
0.306395
0.228732
0.531324
0.617163
0.416851
0.596392
0.317537
0.919995
0.432912
0.369875
0.065233
0.487774
0.823781
0.503713
0.989870
0.719088
0.464743
0.442376
0.463348
0.993645
0.623910
0.196768
0.161765
0.628294
0.827485
0.304744
0.275196
0.194078
0.598982
0.866556
0.239474
0.073660
0.371005
0.813248
0.061399
0.766838
0.376971
0.495494
0.160468
0.876258
0.333856
0.764368
0.633866
0.686828
0.777212
0.316605
0.156534
0.505609
0.458644
0.410805
0.069856
0.077570
0.916427
0.415840
0.558431
0.576341
0.400350
0.263385
0.403420
0.905265
0.904705
0.768408
0.036553
0.230529
0.483716
0.685412
0.341202
0.409602
0.428684
0.278036
0.832077
0.151211
0.828816
0.830958
0.270939
0.353929
0.900336
0.749987
0.040186
0.228533
0.719903
0.034108
0.253827
0.854346
0.178450
0.026746
0.123987
0.605584
0.204658
0.651423
0.381175
0.334823
0.511653
0.999669
0.232270
0.959105
0.415941
0.475214
0.620713
