0.37459646525205864
0.063432006648743627
0.48524969137201024
0.21043059111733603
0.70083954187027442
0.60063162779546952
0.90446511875476598
0.62947928000559861
0.12295461196363972
0.61077899457160267
0.047373546971751425
0.078656715955426379
0.14849094732314949
0.50739687002204681
0.27450850594958659
0.53714277135414046
0.47445454651509666
0.65201633698309958
0.14631733680243003
0.13030110012978594
0.22668213848283944
0.71885495469989424
0.11744514232457941
0.52314937931234951
0.79269672988770301
0.20801992602663349
0.67406330335496212
0.34947064225105523
0.76638965876527498
0.048101135691666658
0.47467147947176214
0.97420350494097396
0.35074064681645434
0.092459166185839603
0.57482356759408093
0.95173351085585711
0.15069191688568012
0.81807058372046348
0.76087519291800276
0.95884814212316505
0.77354464515648935
0.075232783933235389
0.23348113159584949
0.54608496733753231
0.57529047898341812
0.62473960878128265
0.77164953918488322
0.85299594612298568
0.43872287143238575
0.68800801501110342
0.20715999242121028
0.087147091746452854
0.81681657078185022
0.88081446342379621
0.78174590880313266
0.73115595851348547
0.66067511252740008
0.10780758536318309
0.88372347606970181
0.36621935905568359
0.12446649896989276
0.010389282284884156
0.250747817960845
0.40431401633747532
0.81071594544649839
0.92312620364652154
0.6414569169914256
0.71768994070215741
0.55438277951459014
0.64928752384088395
0.54241025704970791
0.68151414235794106
0.56957760365439236
0.19049868021354333
0.2944887277977965
0.37431211086406463
0.77997944515175655
0.87634764963792655
0.41979147509464027
0.76189033463848443
0.8797488930965065
0.3802166794922619
0.87043641404706795
0.0059207150446523044
0.78108393313768698
0.38579315145604348
0.93180046982561449
0.18189727598037547
0.30499111538726792
0.43830637346248713
0.7518087493802631
0.50104058714441424
0.34730064844073616
0.91030917179534376
0.93494856141549187
0.78317832729199088
0.69672554841552836
0.96967883250371345
0.77854139780338594
0.056435184853425156
