0.21311441991704061
0.9284362177991341
0.59603943124750947
0.66506147728598219
0.76121368558581182
0.64133828140461979
0.71780647505567918
0.95691816458389434
0.22767209856428172
0.88651417126982524
0.55253536605574927
0.17134902894630674
0.16166463526789207
0.21130140565886868
0.2170958955898869
0.17682714242203781
0.0048641876592617544
0.75906802329678047
0.83197519607857062
0.090143948399639351
0.3858897430739372
0.98243137956333149
0.88363578613731164
0.28456523848932691
0.51187760300097562
0.82697242695194506
0.42448021837586286
0.4987075146374661
0.77953723429274879
0.052207254138528239
0.25461905646292626
0.42427574154451136
0.18090670344865656
0.31940756654707853
0.98373053529663335
0.31635110817490353
0.41372077257455875
0.56028404064710491
0.10256003466786098
0.78975564607319959
0.75771059758590753
0.35778050207040157
0.33641011223704265
0.28136451978781074
0.010209574555453842
0.87697725178055808
0.36342312905404534
0.19044139870356125
0.23092971038395582
0.98255486805335113
0.31906693970552819
0.95931001595347498
0.61456117522654286
0.54057606510983269
0.63291719631977306
0.78460817191079946
0.52711721059935246
0.84122550394199325
0.61870133030591146
0.9790281611444519
0.61704486861712837
0.77621318827590269
0.34829410604101418
0.99984213873273831
0.3233430986821097
0.34956125490634105
0.68847984428710052
0.42131713793648357
0.5262092700912937
0.87308812451439977
0.37773343787343466
0.78141498847881974
0.14146971792068178
0.14663934111042232
0.73968565596522695
0.14080122612312787
0.052705476715045656
0.12307338974313471
0.192223685699209
0.19407772651748303
0.87199365614084423
0.50661443639633863
0.50070700051637562
0.52496182309554107
0.64252466004947029
0.79811125870008603
0.81555971989916887
0.58008176418838908
0.38002529607356744
0.69942974903401145
0.10118368997364531
0.058318008771412091
0.79832695791630859
0.91247420989239014
0.5493070991479011
0.73922591700380702
0.83581895774939741
0.2657608428108903
0.38840640530468401
0.61775471769355939
