0.54758018346152348
0.12462657819045321
0.22780435026284454
0.57727591801884581
0.097345345368499772
0.37964271149590395
0.045251202324447203
0.39268845793035695
0.8029476430476441
0.82005024003756555
0.048494521893081399
0.74724800290177285
0.13358194817033942
0.47347894452548134
0.80902171923289068
0.21914081485653364
0.2899327313242625
0.020685016465909995
0.90082594764736679
0.71617433688890286
0.12868688550774207
0.02618861849083283
0.74152303129791863
0.28136451978781063
0.27942597564638799
0.28771366812623267
0.34567909342604719
0.11391743893529424
0.55958879832590802
0.78119429989618272
0.90358145045872451
0.67962301231248556
0.04357331950040947
0.77187270044857981
0.70857888379646461
0.4671077280656839
0.096926918747769028
0.43249823338483834
0.054588965388050519
0.36678027459698964
0.21525584471775694
0.88477348905069486
0.7123217092681724
0.43115605053521266
0.4086012312399957
0.63422153564411676
0.01981174298717827
0.90220824931103616
0.80774791308333904
0.57973085291485793
0.59545116280817445
0.32506470944321303
0.13872407934466324
0.88824309674562241
0.18534351478617461
0.49615773049636558
0.25382678317941876
0.75249132598820867
0.01700587886477628
0.1833359926978452
0.45757865631858885
0.93105250674595141
0.79767965410816766
0.81493023793309816
0.28898017458221492
0.17077242043354027
0.15992255512151848
0.073886098383903837
0.81754842479910994
0.67240604968158468
0.76031079068190033
0.62758306382858353
0.060383834320850663
0.036804611731663286
0.21330268139308758
0.6591335106445918
0.61349712209101193
0.52213094325697107
0.1670380545121665
0.081254086967374434
0.83702611598180399
0.67358985304257724
0.40471169111853056
0.21639647489868943
0.59745172429288917
0.6460840142900186
0.11555702080514145
0.52711721059935268
0.5369141585695294
0.5331470729915383
0.37983397340285435
0.13235393655744854
0.10303377296702768
0.99792620943968802
0.53394535380456032
0.63600040998073282
0.21766948742371814
0.91559800644930378
0.3186415148069256
0.0045047615231439469
