0.656287
0.421826
0.260585
0.843607
0.469047
0.992107
0.731040
0.754991
0.823575
0.513899
0.283782
0.086535
0.023484
0.453329
0.058176
0.668498
0.095079
0.345589
0.022592
0.479238
0.911008
0.191762
0.345949
0.635407
0.726757
0.074290
0.805939
0.988507
0.669327
0.188105
0.255052
0.170825
0.940254
0.496158
0.458538
0.828407
0.990821
0.014419
0.219462
0.682578
0.409903
0.725829
0.756465
0.377162
0.774101
0.035613
0.149940
0.786255
0.694372
0.852609
0.429199
0.302197
0.764480
0.559473
0.836423
0.507397
0.017311
0.141024
0.911704
0.171244
0.507397
0.225433
0.104021
0.293686
0.787679
0.268828
0.790955
0.763580
0.604876
0.635882
0.683523
0.544591
0.262277
0.303099
0.075258
0.570626
0.675010
0.918221
0.911549
0.518065
0.962801
0.351650
0.576225
0.660675
0.966251
0.289536
0.158393
0.050240
0.732889
0.587345
0.182063
0.927250
0.081144
0.774658
0.332978
0.452269
0.824813
0.307886
0.663639
0.118170
