0.2598515645291346
0.43705817895738408
0.55449830681035417
0.05064899590756957
0.45885764317453848
0.88302114534665166
0.39965888854147091
0.039173674111766532
0.44039102250926143
0.32197039496403673
0.50170804952038162
0.49593628340125084
0.56608747238748536
0.092520800507434872
0.13916381560484217
0.84122550394199336
0.8775158158618096
0.84311191485750725
0.6599636293543959
0.95105517723895916
0.10536231802588099
0.37147614872378859
0.58101777561338919
0.65047398486433017
0.62556883527967067
0.20224070941434874
0.37072222395158971
0.23810183894814196
0.2392680829181198
0.35695288323417851
0.12774302842308088
0.9710820756494879
0.29256409830743657
0.57867842664382785
0.3034275674365926
0.65391450938010398
0.34739088420233794
0.19524388611838864
0.46259845637982366
0.91116277499117115
0.42540105684853496
0.016788302802907593
0.93678704432023541
0.6213053421909287
0.63600040998073282
0.82305776356935201
0.56562257039613151
0.95681241372649495
0.79280543002646864
0.61302428703887357
0.3913228474283274
0.2837821102048283
0.9438009067622799
0.90526511684947641
0.019886274398495114
0.9050254517420514
0.0035223001652411648
0.27435588138789946
0.8732701509724381
0.55762034438758667
0.88547116667278802
0.3022791682316977
0.54218086655522346
0.55738889883028109
0.62367360725139642
0.48448262823890642
0.99167286403913035
0.66494295503331124
0.62284461357617815
0.58628936570743861
0.81008117385184208
0.70060462990921191
0.85922445152298266
0.6725244412011171
0.68293192673919378
0.85193145469675458
0.63137590980493319
0.78669324982359967
0.44049539643143476
0.3768762518065471
0.44478625884990985
0.66897168173188626
0.51592411865386167
0.065413158146166897
0.30697436320650295
0.4307435393023592
0.057349512363318894
0.83602037469782964
0.65925210252061417
0.49981790880886734
0.45396487519577633
0.35110406971368452
0.1462254461320969
0.97091408499159904
0.12192936369134863
0.72907365539586755
0.59756944361481623
0.67418165944176422
0.23274030118045239
0.48623674470764933
