0.177367
0.373271
0.196298
0.578094
0.894536
0.473479
0.248829
0.035189
0.319834
0.369781
0.333856
0.360641
0.610188
0.144125
0.908669
0.846172
0.564809
0.543558
0.367248
0.256282
0.572141
0.900581
0.996245
0.445836
0.527004
0.430125
0.412613
0.627939
0.863755
0.712205
0.001044
0.799942
0.160220
0.637068
0.644779
0.353655
0.580082
0.677021
0.847448
0.500818
0.091052
0.343346
0.622134
0.780863
0.970914
0.338978
0.957811
0.559125
0.819009
0.363330
0.572840
0.024738
0.451211
0.679623
0.389377
0.652254
0.726873
0.790083
0.785597
0.774880
0.106091
0.559125
0.125188
0.640271
0.086043
0.397885
0.853575
0.134948
0.931529
0.207344
0.363981
0.709047
0.407103
0.684940
0.955263
0.624977
0.949221
0.780974
0.249894
0.185961
0.716291
0.509411
0.143899
0.555885
0.961078
0.395723
0.246078
0.809022
0.562603
0.982026
0.593805
0.770980
0.614679
0.062864
0.953627
0.438827
0.489203
0.968897
0.531780
0.154213
