0.56515777569214687
0.18151152314073926
0.59933574419226665
0.55681041247400453
0.57821083092391401
0.7281472905961861
0.26890355225891821
0.81061019729583772
0.91933199671326082
0.91069766185339551
0.096670217871954275
0.013937054818046132
0.16993660265852598
0.058848825332415325
0.84774189675199818
0.60086729607737333
0.17308858343636785
0.21273829571746647
0.51098014811712322
0.048271810747106951
0.70600194881877287
0.82604799452087174
0.36240133609021818
0.43518955325802489
0.51479878791395872
0.33924391501016743
0.90049938325837386
0.71955360842880023
0.54585505424631764
0.76211578427181392
0.42111353263121093
0.71722373067190281
0.85693709483216507
0.20224070941434855
0.32679268461004274
0.18394749493817836
0.14057899630039197
0.54367249500275494
0.95340637995386834
0.77030942042878447
0.94663751837897847
0.98491154002534975
0.04488214448427897
0.2246469838519958
0.31080129583457411
0.93788972560660566
0.68706416318461194
0.83712656662652007
0.88407394558027474
0.46850789230664602
0.62675361027511944
0.48163850998377833
0.40990264931984793
0.83024538463444419
0.22840023192053155
0.66091226345283616
0.74198197562855417
0.31677438047743384
0.77309909909433949
0.84626993220575275
0.71080198638659842
0.78515742016441115
0.66387617968651269
0.22171846194148753
0.26235071479784328
0.3922004042237876
0.69625498011125764
0.068196742891686701
0.25153271859407045
0.93186825687149111
0.36342312905404534
0.24925459755172993
0.73231156382095564
0.42622053012091876
0.64964346468015632
0.94300226059590497
0.051043500924416195
0.69072012559587215
0.88651417126982524
0.092336007010389784
0.27199829947366033
0.46624712665300638
0.99995495123804956
0.5915714469938681
0.94477550702255586
0.13269172424090556
0.19222368569920903
0.30039930671214649
0.26905389935090052
0.88512256147556889
0.61609855449819784
0.97779843805646327
0.56597123686030337
0.6344587041694425
0.018209863224415097
0.93166479087468479
0.42550344214025165
0.998157366439831
0.14353668639123643
0.14673145297527834
