0.808916
0.504159
0.536457
0.631139
0.088649
0.303099
0.742670
0.674655
0.687536
0.127457
0.041371
0.896791
0.318982
0.231733
0.409101
0.541493
0.863192
0.357413
0.188616
0.035432
0.306643
0.290330
0.821193
0.148305
0.894368
0.728379
0.106195
0.201880
0.069069
0.987209
0.892683
0.294408
0.354569
0.160767
0.778431
0.855308
0.121029
0.728958
0.048409
0.807323
0.552651
0.253539
0.242446
0.074113
0.403718
0.730231
0.814825
0.030140
0.075284
0.729652
0.713256
0.201760
0.563996
0.460245
0.585586
0.573540
0.538744
0.477931
0.768296
0.318727
0.786035
0.754082
0.890814
0.485140
0.143808
0.214246
0.889446
0.718738
0.813880
0.054934
0.702131
0.181512
0.392005
0.631257
0.506950
0.624621
0.197770
0.373744
0.377924
0.278808
0.400153
0.925131
0.461742
0.893864
0.563764
0.683759
0.575991
0.873270
0.436643
0.754991
0.363330
0.374881
0.886080
0.607826
0.177962
0.308551
0.974941
0.420808
0.736464
0.744274
