0.864878
0.569578
0.466893
0.798435
0.783729
0.481857
0.011991
0.336322
0.944472
0.842219
0.853382
0.457259
0.046030
0.297231
0.318132
0.313820
0.046706
0.152159
0.579965
0.815350
0.937047
0.378496
0.832686
0.618110
0.634814
0.101050
0.936657
0.140846
0.251819
0.654508
0.555423
0.720485
0.415537
0.444262
0.421623
0.255124
0.560168
0.460780
0.376305
0.561095
0.190098
0.395134
0.683286
0.982400
0.338268
0.872724
0.290251
0.442795
0.253252
0.418573
0.005297
0.417053
0.047374
0.982983
0.875175
0.587228
0.099758
0.683877
0.920289
0.408901
0.944776
0.598276
0.976415
0.305404
0.807216
0.567134
0.869517
0.254475
0.636238
0.077071
0.336145
0.375260
0.829225
0.992912
0.919480
0.658422
0.866649
0.213994
0.306147
0.497598
0.507732
0.774213
0.423356
0.953351
0.346669
0.055963
0.238787
0.466570
0.914081
0.995227
0.132185
0.168068
0.488763
0.849696
0.496601
0.467538
0.416952
0.506056
0.043017
0.220298
