0.164232
0.508627
0.721066
0.583594
0.114772
0.185961
0.490965
0.437578
0.088827
0.316182
0.976563
0.201340
0.650118
0.764480
0.488983
0.736349
0.359255
0.339955
0.926688
0.532691
0.932342
0.642762
0.716991
0.592864
0.847448
0.533489
0.925131
0.303428
0.881346
0.843607
0.706354
0.195478
0.397196
0.372987
0.958694
0.038350
0.823988
0.069904
0.804445
0.487225
0.938276
0.594510
0.585000
0.530641
0.295858
0.347391
0.054819
0.291845
0.824916
0.998738
0.703305
0.789646
0.795193
0.696255
0.799835
0.206548
0.896542
0.589692
0.002773
0.826459
0.668024
0.689541
0.017836
0.520209
0.869701
0.402230
0.440600
0.189128
0.041475
0.794868
0.991787
0.262351
0.466355
0.781415
0.005811
0.242724
0.896957
0.228135
0.062473
0.346399
0.009901
0.113954
0.412815
0.599218
0.923126
0.763805
0.328875
0.158442
0.078258
0.760424
0.568996
0.682932
0.380600
0.456727
0.021226
0.371570
0.746791
0.848329
0.184952
0.039770
