0.81817495592458844
0.57062578051042956
0.41867467886320481
0.11710330905034212
0.081144345515305694
0.58722765912048924
0.30293501310689619
0.80433815485241356
0.80880960404511681
0.85893933451024362
0.78482791755862835
0.72524893783698086
0.86590418414149717
0.087030255758724792
0.68352252207120301
0.95754959512351201
0.75567122467805259
0.052078792709156316
0.53897290910465845
0.48887341958128527
0.6467959062318851
0.87399715326343763
0.88187591400582943
0.76515439393681706
0.94331015123419815
0.35888595666297918
0.90898223122921984
0.038488683357350499
0.49460852496924723
0.81786177968930507
0.81765289625596227
0.28755564156550134
0.97833071819460649
0.044658863290902483
0.060069764605837871
0.54953748817126891
0.66031937655386352
0.12774302842308088
0.48964368376567657
0.81187792591546892
0.1440347606291755
0.080733997897733834
0.27958069383761125
0.14000260169117948
0.52032229936029162
0.8291227714097088
0.089753134439192153
0.31188894282023533
0.55322791952187256
0.25882777511629018
0.99527946520714305
0.97036411786671384
0.06740392637454154
0.11752122323946484
0.10158482559165204
0.26176104621864194
0.64205010273598107
0.062084291148244805
0.7522638457687274
0.35888595666297901
0.98186894724206286
0.77665714810940911
0.048357357207055494
0.73600341660752255
0.72524893783698086
0.79605870303493176
0.59392219055605666
0.96783574256839744
0.94893066480326538
0.27313716538794069
0.2882672628600782
0.54206618374236182
0.29715009896823796
0.84597489566322004
0.080897913069525901
0.46613960724657011
0.034431570167493056
0.56643621897085694
0.85789194018833803
0.13982565663321664
0.7506702205507636
0.20002525891093462
0.16889662777873998
0.048752671412335448
0.8804597300201481
0.25303639796715732
0.17473605565902287
0.1814014320382126
0.59827584951978352
0.59368703238022769
0.9488725551085424
0.25332359240464852
0.57214071980225167
0.97053399000241547
0.91054236347408957
0.56620371458714414
0.54367249500275494
0.74964459137933326
0.74335783579585268
0.820466086178125
