0.495383
0.555885
0.723391
0.549537
0.622489
0.099068
0.534630
0.306809
0.059487
0.234630
0.113622
0.862063
0.774658
0.837628
0.527117
0.546545
0.307057
0.249965
0.367435
0.246078
0.393275
0.333329
0.130843
0.775880
0.955209
0.535429
0.104776
0.955908
0.751240
0.354020
0.364354
0.726525
0.800050
0.183280
0.624147
0.189926
0.492841
0.304909
0.377162
0.967387
0.563068
0.055243
0.864223
0.891665
0.447414
0.130968
0.558199
0.090718
0.537028
0.795084
0.282688
0.958072
0.368654
0.138549
0.389183
0.919995
0.129017
0.020438
0.047643
0.263459
0.002409
0.257661
0.072018
0.584883
0.512551
0.582188
0.032746
0.805939
0.318216
0.026053
0.751126
0.672880
0.442272
0.072884
0.152873
0.318727
0.423561
0.726293
0.666958
0.663521
0.191820
0.860836
0.522810
0.221330
0.230062
0.803162
0.640864
0.954775
0.404115
0.732427
0.163625
0.449944
0.880548
0.016448
0.777655
0.152873
0.882405
0.948231
0.713957
0.655813
