0.416143
0.163473
0.905903
0.941073
0.515474
0.100286
0.402627
0.094670
0.118783
0.538973
0.951508
0.198243
0.945681
0.209192
0.921678
0.959718
0.462491
0.172877
0.579146
0.836624
0.060974
0.159823
0.359255
0.306395
0.479238
0.711854
0.743587
0.016157
0.098708
0.477278
0.258244
0.289536
0.123351
0.425503
0.252606
0.007305
0.619056
0.657117
0.177962
0.766390
0.694372
0.364261
0.906221
0.172771
0.675838
0.440600
0.249610
0.995979
0.159230
0.615980
0.991421
0.139870
0.308385
0.949047
0.244816
0.539087
0.179647
0.852996
0.047089
0.107279
0.988125
0.995345
0.260805
0.410203
0.221913
0.118284
0.648576
0.755331
0.447519
0.009308
0.679978
0.164130
0.323257
0.271544
0.631494
0.085065
0.467754
0.948698
0.628294
0.305734
0.185680
0.318727
0.155032
0.042558
0.212175
0.960678
0.050080
0.812827
0.777212
0.337914
0.745876
0.821608
0.355118
0.777877
0.265240
0.881523
0.603579
0.378974
0.831060
0.505274
