0.15765699635938238
0.12567144589924856
0.99972882318363132
0.82686979645159286
0.34031076456038789
0.43260157444408981
0.073584222726193665
0.86234545414908514
0.19536081523090723
0.35228692535612149
0.67335311247442897
0.048477356742356925
0.70412599051880909
0.45800478125428801
0.82233337975789556
0.36809123806660016
0.126886475650199
0.44583620855144901
0.50326695448638081
0.55530720680145951
0.12635872090029407
0.84182211722415201
0.92541542231111562
0.61385177986800876
0.21462423760976573
0.092274482122263982
0.9003359134199479
0.097184223147513848
0.29136586999595787
0.41897908958276847
0.36258697710753862
0.10619514524863356
0.99823924383142915
0.89268260785342157
0.66103083696388598
0.3324525064895465
0.63339148393613098
0.26531415454650642
0.26190836908865134
0.067706070397555218
0.50572085143154566
0.17409678673646434
0.16910419704336904
0.96067783648909644
0.0043452431426024571
0.6842311183364469
0.21111455979567792
0.98465708284343278
0.95105517723895916
0.79280543002646853
0.74186725465722581
0.58582034307015718
0.54344292314290044
0.6086529475650172
0.81952997910078706
0.61231512571722557
0.57750961125464828
0.39210283821983516
0.12660206364267365
0.45385881283509966
0.59074913404637475
0.6577103230896455
0.55299703803099531
0.45258707406871623
0.21633298036756143
0.99229049745923792
0.82953129495449829
0.21805255187926756
0.22340678582333012
0.65355861296415818
0.077176260289135379
0.55773607806621239
0.22126564543114779
0.1111332875045048
0.51998345244365307
0.65379587785732363
0.70424328171776052
0.85338229310500702
0.21926912921939745
0.92689865366997259
0.77231885750327733
0.11462293095292989
0.27025895042425041
0.7208337716253399
0.31575919685363391
0.78405853826998229
0.77142632291465896
0.99025768385695911
0.46581712350077475
0.4208082305118922
0.87571667593149882
0.6554566576384927
0.69895964874785377
0.98695437525997454
0.34820371316412912
0.22966223318737827
0.52462180649622625
0.46056580720974039
0.47738718689285708
0.61444293534390426
