0.003095
0.264571
0.517050
0.193439
0.880726
0.198303
0.160866
0.460673
0.880460
0.961178
0.970661
0.747819
0.073660
0.728726
0.172613
0.707057
0.001572
0.519758
0.192570
0.512214
0.851350
0.516938
0.297636
0.400251
0.340133
0.848525
0.551382
0.187539
0.988719
0.790519
0.304744
0.870528
0.550459
0.634222
0.636949
0.502710
0.932612
0.726293
0.690249
0.054512
0.771984
0.366406
0.404513
0.971707
0.337825
0.598394
0.536800
0.318727
0.146778
0.222821
0.312811
0.405508
0.190098
0.515024
0.961178
0.313063
0.628531
0.631020
0.940064
0.259852
0.845286
0.822954
0.939110
0.316774
0.883811
0.572024
0.782518
0.371005
0.377352
0.499263
0.320944
0.224189
0.849696
0.411006
0.385117
0.648932
0.154694
0.411508
0.706119
0.303099
0.215066
0.108622
0.526890
0.017122
0.745419
0.819426
0.091998
0.720368
0.670275
0.051098
0.474997
0.631376
0.353472
0.148631
0.978541
0.299585
0.873179
0.996999
0.240025
0.147054
