0.38376821040700426
0.89352703894436414
0.69354771045755104
0.95702376904372366
0.23086286437979758
0.69083799260118661
0.096574110412675065
0.95633472341357129
0.68493958323151871
0.27996776723556688
0.92815790454277969
0.68694616382768148
0.57821083092391412
0.25454695356320622
0.5900444829103999
0.51581154096418613
0.87126181837582461
0.63706784839549757
0.82067388806566144
0.96376559832520792
0.25153271859407011
0.08627422429768071
0.8793036945969458
0.19925154070593856
0.36295844520062259
0.66352055878347616
0.45789823087384662
0.67974123226057293
0.099527305088876861
0.067892614770217186
0.029517246256376372
0.12942975053446817
0.61479766369947919
0.88310903801058371
0.2781905163908332
0.13430636261460835
0.33641011223704276
0.80933975209998243
0.88010453964944946
0.39562459431267183
0.1279477044702034
0.12315263020725874
0.43022821062308558
0.64655860863690806
0.25787986410858471
0.96647994627297518
0.69201642185998102
0.65462628487085084
0.22139494666881498
0.71629096478891197
0.20134017261495119
0.51772670246132679
0.79530095362532005
0.96289820675173654
0.29505180896818939
0.30236109295232189
0.7925880132755152
0.89420039974419518
0.0032278369832223824
0.060174288631084816
0.80785416557006129
0.76132649161198596
0.40800140210360597
0.80326879904702964
0.88398637175954076
0.66387617968651269
0.90245124168288693
0.95931001595347498
0.36752902638123547
0.60570194402384625
0.8468593627704154
0.13811044770044498
0.98113417903302613
0.84911086144448678
0.64881293340854518
0.70060462990921213
0.86571783152953685
0.98419807684492533
0.15957603950294016
0.77298767770389354
0.51232657354135269
0.61976646461911433
0.74838983347491261
0.23253857651002779
0.51142879439179778
0.43373923137939652
0.47532256678429874
0.31155399488388785
0.69354771045755104
0.89192003501660677
0.51558641528354765
0.24036977985927696
0.69566665919925552
0.37298694526986592
0.40114104543295825
0.84410138415990454
0.54413173700974693
0.078310781977519978
0.1065438613497847
0.34361452679788795
