0.983848
0.578795
0.966251
0.517952
0.407402
0.510868
0.230930
0.737155
0.660557
0.046540
0.646203
0.955747
0.167862
0.701427
0.134648
0.111751
0.250962
0.417053
0.413822
0.933685
0.141604
0.801232
0.475214
0.816503
0.447308
0.984082
0.639796
0.700252
0.958331
0.806045
0.929406
0.292324
0.816293
0.988997
0.846958
0.266432
0.262203
0.483169
0.730462
0.332277
0.661979
0.900090
0.567832
0.624858
0.432085
0.136977
0.392005
0.906141
0.471531
0.471098
0.196474
0.811667
0.081446
0.471747
0.551382
0.936134
0.234901
0.707057
0.895207
0.599100
0.972568
0.771203
0.437266
0.997593
0.860836
0.766951
0.429199
0.651542
0.200264
0.153350
0.795626
0.471423
0.246429
0.688362
0.635170
0.466677
0.487225
0.042164
0.064427
0.233549
0.057530
0.846467
0.634933
0.667550
0.166013
0.103000
0.031424
0.454920
0.709749
0.281054
0.065843
0.378210
0.465387
0.383672
0.076471
0.656999
0.270108
0.966113
0.933685
0.564693
