0.37204223720290142
0.86887132040404236
0.43903538678054732
0.26301529429198772
0.53542901925443509
0.1011503251982843
0.44909945110508009
0.81629322638853741
0.49239913546988101
0.095649427392172054
0.98761036897772492
0.29288423185678181
0.55704178511335112
0.11521998587494801
0.56946117156201903
0.01500255277739403
0.76605292462036634
0.44468133687645961
0.49604700146041414
0.0054556995703462698
0.82983746239514966
0.29009171390450206
0.22379784072279194
0.41857323699379134
0.16151469222065848
0.60877103291700019
0.52654967831699506
0.31821648845107708
0.6394401936894949
0.35046824423069067
0.18992649881489271
0.42121532823009472
0.33140256705237514
0.47564827244104635
0.39249319171973152
0.063872396791353939
0.11262777668899836
0.046672681023501139
0.60735423522349752
0.77643519691569374
0.77776603840784131
0.030607424148773751
0.18074204152102938
0.22282121775381997
0.27919401745440775
0.4668925034185456
0.65747311070164027
0.90090751049730466
0.63030900718424321
0.12149784374009527
0.37450166515854028
0.99346652931999391
0.26950531962315921
0.30614689214777824
0.0059796813817332472
0.42714350427024284
0.59368703238022791
0.98119879179575498
0.73554245162206744
0.099330157831465718
0.21690496609776883
0.72791561442371933
0.69189859882235538
0.020770425620017342
0.17828692722942036
0.3492894640153692
0.45683342967626872
0.45078864513616279
0.99730755582742547
0.67430001290815611
0.16041867477766336
0.88927476953542284
0.26980658236170446
0.50226456187872148
0.18935572441677773
0.56678502538342213
0.96993690193555115
0.99195747544262647
0.45492001746255406
0.28089836361430498
0.81869651826060685
0.9089038842254894
0.69248766923231608
0.28676646437273007
0.70424328171776063
0.0096018568382183218
0.75533095669067607
0.804658610846406
0.68930538748182668
0.015925961152623846
0.02572795899759112
0.45205773408798644
0.43539696053150478
0.058685029268795007
0.77964780918268917
0.24341976728864512
0.36790377249763467
0.27154374982887791
0.47163881335377822
0.9275296771592082
