0.52661125622908722
0.29128248286009822
0.30839012191386184
0.59455666415171859
0.51469752333790741
0.47412900108432415
0.019760539679694423
0.74112897661787513
0.57563333365960956
0.055121722060269739
0.40886272568604698
0.45729584800555628
0.39852977525129668
0.74112897661787513
0.59455666415171859
0.68638061506050263
0.30839012191386184
0.67293381730153479
0.61375929483777525
0.093089077355064304
0.62671098451259322
0.6202204157777258
0.91959576955207012
0.29975491078246053
0.80431314731682679
0.07503242311193041
0.034022798805161882
0.98535704030066362
0.39852977525129668
0.76202035795398748
0.34926484986039441
0.094890373566491076
0.47981480280412453
0.78308662437369092
0.11238657565722306
0.11032512314024273
0.62671098451259322
0.90504070852957086
0.50292540126446483
0.035601647421451055
0.21882132960044748
0.093089077355064304
0.76202035795398748
0.16306178270438498
0.55699936801518646
0.35400983926833768
0.6202204157777258
0.030335302155991901
0.3040521557230948
0.73420651964897021
0.78308662437369092
0.066457420016931154
0.11447827989501735
0.40886272568604698
0.12767854757616387
0.32614944048169753
0.79722075133745152
0.56938937994967032
0.56938937994967032
0.21540291898242012
0.85438015219641861
0.42465769043029211
0.68638061506050263
0.52063683287749241
0.43538293182639465
0.95609084150561285
0.014279273264559461
0.29128248286009822
0.49709314729431481
0.36848773446662464
0.86880283531934166
0.061202122780867639
0.26683869326440196
1
0.35400983926833768
0.34456044259020557
0.27081156998126804
0.6202204157777258
0.47981480280412453
0.030335302155991901
0.75503642091726286
0.51469752333790741
0.73420651964897021
0.56938937994967032
0.75503642091726286
0.79014505866395368
0.6999274279854597
0.091315327079181177
0.24015135811151
0.72730559788049876
0.41935349051128618
0.63977879931348625
0.9268837248802233
0.91231456199888949
0.6796444772140986
0.55085400441524657
0.79014505866395368
0.58821734497400058
0.85438015219641861
0.12539981212425128
