0.91077526219212068
0.0039635826205230091
0.10333933654887201
0.0055475565973703107
0.35787253763289406
0.56562257039613151
0.6351702375181707
0.21677775411694039
0.95105517723895916
0.016928783783416671
0.53052722114066231
0.67287960099139243
0.29537392066281659
0.64869428540220553
0.63066462789027278
0.49748733301955916
0.97191335872688378
0.39946151783500411
0.12398732972444779
0.89662496370670652
0.39454645757789497
0.56399626176861406
0.53520066670609534
0.67003772236286596
0.38569657490155573
0.080027136536919799
0.18579207597588251
0.31080129583457411
0.88832923270962627
0.99296349449124233
0.014888641813589225
0.9000904743482806
0.090990851583590285
0.33218980745107718
0.50717326561587806
0.87769511212960527
0.65533803520150502
0.33491124570679603
0.20248140189629499
0.032841758394369758
0.30880042022004262
0.53360318043164834
0.86272184028612742
0.47553969190217116
0.3391551135817007
0.11507046818357235
0.014928416817893548
0.47673473589154391
0.8227474364524362
0.091998070867487972
0.70846181504886974
0.23408863790480083
0.48185700876419568
0.67193245930685086
0.86599732065217494
0.16657609015996153
0.33933273224188065
0.82305776356935212
0.0079608530526057725
0.85057234899786982
0.84920846372444503
0.14367237895862189
0.192512423072527
0.50493951372010315
0.38666301804153091
0.18339151457084102
0.11615831844258478
0.72420427511843566
0.30268895151655367
0.4366425480602999
0.2100582670244048
0.66529851664655992
0.78163561705398266
0.80187596599646682
0.59451016614012619
0.026765457350413722
0.11820788572755805
0.3343833269030605
0.40870125348264891
0.00046613117541939266
0.68234124354223935
0.71255541341747497
0.019413814877787507
0.57214071980225156
0.11782597643307074
0.42009635326450606
0.860173175636892
0.46356287501950633
0.7987581496162065
0.032662791582551906
0.14013543613725771
0.68139597147539255
0.24925459755172993
0.56585500801385114
0.25153271859407011
0.48207555429058024
0.4639918312778093
0.30863409569365785
0.93743692192459238
0.95515456134929999
