0.809022
0.290330
0.423561
0.107843
0.604640
0.216143
0.976229
0.681041
0.365659
0.355851
0.669209
0.251318
0.800480
0.437058
0.788773
0.329658
0.313736
0.917699
0.968633
0.442063
0.390933
0.077045
0.891410
0.383672
0.628413
0.389863
0.867854
0.874451
0.253252
0.143401
0.536114
0.424582
0.236259
0.698960
0.463777
0.845384
0.908433
0.919184
0.891155
0.001641
0.346579
0.333066
0.475214
0.846467
0.179921
0.663995
0.312476
0.721299
0.505944
0.898859
0.032319
0.672406
0.242307
0.588636
0.884336
0.230930
0.099232
0.204415
0.563764
0.219976
0.478802
0.546430
0.555076
0.832686
0.781305
0.261761
0.021522
0.982183
0.609952
0.997842
0.404811
0.214687
0.863004
0.921969
0.483935
0.426631
0.230062
0.478802
0.467431
0.630783
0.485030
0.629479
0.697078
0.574007
0.280045
0.168120
0.511541
0.809022
0.601928
0.023120
0.424071
0.237623
0.623081
0.323257
0.070457
0.054608
0.980513
0.595569
0.896625
0.244956
