0.498819
0.421725
0.104501
0.642762
0.801876
0.065143
0.056672
0.331228
0.008851
0.420503
0.658541
0.812616
0.843211
0.664232
0.819634
0.819113
0.148258
0.489974
0.048272
0.584062
0.536000
0.047711
0.346129
0.220685
0.539545
0.656168
0.328180
0.649525
0.584883
0.881876
0.287556
0.461100
0.957445
0.583945
0.821193
0.640389
0.318386
0.149144
0.866927
0.570509
0.127579
0.632087
0.105086
0.686002
0.698137
0.792479
0.468616
0.794325
0.950028
0.711504
0.491847
0.821089
0.972324
0.734620
0.549883
0.201101
0.685176
0.516487
0.578094
0.762567
0.746677
0.443738
0.584297
0.049134
0.714424
0.232875
0.461314
0.946935
0.771538
0.424889
0.542869
0.715358
0.051332
0.830143
0.823161
0.722578
0.358333
0.762904
0.972730
0.535886
0.196181
0.445941
0.244047
0.213617
0.871353
0.511317
0.881964
0.715941
0.569694
0.850961
0.170145
0.711387
0.799942
0.232404
0.243280
0.897703
0.862910
0.503267
0.819634
0.126886
