0.020028614707362242
0.66731306166937276
0.35676913940673199
0.8461716104565431
0.30088889104459798
0.098969617635832979
0.4647429859039266
0.66387617968651291
0.64905022896561726
0.28456523848932697
0.20453664720798564
0.92072894079351986
0.75963310130361406
0.99386706003468872
0.60676405093223373
0.45875099086304538
0.9749794659804969
0.74701950759269498
0.80986943281895285
0.78064231665498318
0.13973725586531419
0.37412261777174971
0.4427950174828359
0.81050443028005803
0.8624395897705025
0.20086121479494934
0.38986294215881334
0.12063878149839374
0.57587425331778741
0.91162671351459135
0.037597176538325838
0.67370821949156567
0.60475809648241119
0.43643481410997154
0.52643619963278399
0.57774332786368121
0.65711728485816701
0.25860879140983201
0.80944572568788631
0.10976368677055798
0.14526355542066244
0.0057175762929302879
0.034219669606921702
0.77387865783153864
0.47142255797965382
0.22223686582631857
0.92131348385353806
0.018444851726180551
0.73911095780690617
0.95691816458389434
0.2185001382896283
0.68045048461704538
0.16905228478991854
0.73150273332758142
0.30350971571497004
0.022374228712191961
0.7925880132755152
0.53246317787346831
0.59180643664621213
0.51120445093748024
0.077623013488548956
0.33623353748730195
0.14549208706457903
0.62829409369740463
0.51232657354135269
0.73945580607704375
0.97765516146148645
0.97974545438176652
0.96333338450990658
0.067659506944001288
0.42529868552903283
0.46667732827546571
0.65913351064459191
0.79573405450544832
0.11955306786478759
0.11306850108537152
0.54172218512999526
0.51987052277471635
0.72999947121784181
0.936656643555832
0.036433939723115587
0.36463311921818314
0.38463522759793928
0.52723074478018117
0.31728283353694786
0.018788565909534018
0.16002167572132467
0.39415485344714407
0.53508650353152554
0.36827876529203912
0.0077452768172102445
0.38002529607356761
0.72861054118866542
0.60016033996443752
0.77887347549694219
0.73473540407504156
0.032143059490139257
0.47749597040185776
0.3790692905147765
0.68269566391871617
