0.62971633699233553
0.093232223827864197
0.44836148365418926
0.75759740039837475
0.60877103291700019
0.51468630948816174
0.52938963921486992
0.90945163342724666
0.29424764661642872
0.14160374116361546
0.26434827496589275
0.61834633114277504
0.075515040984380027
0.18344705028580494
0.30888360643301238
0.25999807107158507
0.65438902904862539
0.23415621489468477
0.45290483383576363
0.85693709483216507
0.53360318043164812
0.13982565663321667
0.052724012895951411
0.69895964874785377
0.070674533633654599
0.90976392005523232
0.77476873971663418
0.16327131015947019
0.52043526761376646
0.12358924409350187
0.65901491763622977
0.68505764775600408
0.51874175861669725
0.72292658432669477
0.90677632063606395
0.25361103638763915
0.4307435393023592
0.64703320398978481
0.48788389682907385
0.33070387693399284
0.31872656790454817
0.52371550887302543
0.17113916587410163
0.46056580720974016
0.78141498847881974
0.20832773988611233
0.30606423286834916
0.2295291332505498
0.47521402221536846
0.3265330827604026
0.20900621895125454
0.53348914030133421
0.65972645847162315
0.53212135044629205
0.63339148393613098
0.74140827007534549
0.85444270039909642
0.87607740003170209
0.19577051607487028
0.99159587053370013
0.5782108309239139
0.27511963789331717
0.16423159270271884
0.15923015562111442
0.80198321354738189
0.78328840711899139
0.26553742778861911
0.66043795647439241
0.64845698898962778
0.12721219424484415
0.35870155853792546
0.33131517523683812
0.72640890083699405
0.16161464127158928
0.5480405206919986
0.35833294908666696
0.3126435094139704
0.36584572426510681
0.90740915661280874
0.56678502538342201
0.73450473570984176
0.49261987420473108
0.72826311598347493
0.85922445152298277
0.7010744321893414
0.57295689415374407
0.82254044908714408
0.8616857765270024
0.12926435037320269
0.97634027852472693
0.73657941150946349
0.76840757674128668
0.2616137861865902
0.30996648010525091
0.74232607790547833
0.68671015333047269
0.63113880993139571
0.38521391815512024
0.96480964874596609
0.35824083564824566
