0.834609
0.790301
0.336675
0.105535
0.252965
0.633391
0.269807
0.313147
0.708696
0.293124
0.862251
0.392493
0.789974
0.807110
0.336057
0.944289
0.197770
0.196886
0.774546
0.817444
0.236804
0.304167
0.990943
0.655338
0.625687
0.783949
0.442167
0.351559
0.023907
0.842418
0.778652
0.362587
0.246640
0.326101
0.987857
0.515136
0.182948
0.743129
0.622253
0.634577
0.219526
0.134349
0.627465
0.084751
0.723159
0.617873
0.764255
0.583594
0.170511
0.575991
0.792262
0.277959
0.152064
0.005119
0.599218
0.088887
0.038503
0.247909
0.800695
0.931868
0.309550
0.445626
0.017278
0.824297
0.689187
0.312057
0.159033
0.561907
0.746677
0.697431
0.694490
0.092613
0.483060
0.789646
0.078844
0.706471
0.898612
0.346579
0.835012
0.088976
0.336940
0.870436
0.595098
0.931393
0.658778
0.445626
0.800588
0.123908
0.377067
0.110051
0.679387
0.369781
0.829429
0.882317
0.815979
0.037072
0.143763
0.961178
0.103441
0.029767
