0.492068
0.971790
0.711620
0.148537
0.981869
0.730693
0.451634
0.222561
0.637542
0.882317
0.608063
0.537714
0.811139
0.871353
0.965511
0.426631
0.108444
0.744160
0.397491
0.189926
0.433843
0.864878
0.278422
0.389183
0.181787
0.252033
0.579965
0.702483
0.443633
0.273213
0.008646
0.338091
0.576809
0.103680
0.376401
0.261687
0.074722
0.914538
0.559010
0.550575
0.087733
0.894788
0.942011
0.955370
0.381462
0.979372
0.048050
0.505944
0.650474
0.501152
0.924204
0.862816
0.316267
0.963333
0.799189
0.442063
0.697666
0.003405
0.726293
0.928367
0.008569
0.376496
0.268303
0.555192
0.306892
0.254691
0.383961
0.711504
0.852803
0.069640
0.171192
0.337117
0.202783
0.497709
0.997466
0.568646
0.019931
0.480110
0.445311
0.323773
0.912320
0.407003
0.241268
0.966067
0.953627
0.549998
0.919848
0.863004
0.901559
0.118438
0.827793
0.928436
0.279039
0.520209
0.769527
0.533603
0.617755
0.266357
0.615625
0.743931
