0.68895160808298073
0.16545133903285808
0.53782881619894585
0.36809123806660032
0.46345566724640375
0.08856007969855681
0.041698509948405488
0.62331831129073634
0.93023173374050261
0.070722971455997305
0.13456284315763978
0.31314727201818693
0.23233698890658258
0.020708276923751823
0.39749105574454874
0.040229615950925904
0.80241202655472499
0.24314126227111904
0.83258421766147772
0.96428983580660199
0.26785289063954193
0.55692609513786362
0.66778699319388768
0.10491360666164641
0.4307435393023592
0.68965912926763195
0.57949694044071021
0.27950332680197643
0.26198205409012654
0.94869800823743022
0.11376939864900375
0.37270337185052554
0.062235136596618383
0.16226557654811721
0.22055555914155253
0.87254138463774056
0.43311848559495147
0.69613732571190745
0.57750961125464828
0.12378814819696261
0.78449827595651778
0.1648405213188962
0.9298882653524897
0.99615364873257928
0.60487606450633691
0.15459809884950501
0.83258421766147772
0.040635997744050099
0.99602604769810643
0.30963300082504314
0.5298445632409039
0.80444499155666005
0.45322271029614847
0.01044175839178979
0.96362185632978459
0.53931630300790201
0.069401813949615185
0.52009639176862799
0.5978048951495728
0.072909066940944581
0.5521891919499109
0.15947715110630478
0.94556057516158265
0.44310910408181403
0.71838903724090997
0.66790547115345444
0.83933076168722121
0.95145150928198807
0.44122639013501175
0.59345189263416298
0.7250168471766637
0.83913083437589264
0.72779976366534793
0.92427518661013708
0.76773541364870934
0.99533195027379062
0.1430851668972557
0.28066550004475205
0.36556566041830418
0.23019523980189302
0.074671119675772502
0.16131494982507663
0.19629830128469361
0.69613732571190734
0.2591199728121138
0.45619516334234433
0.92815790454277958
0.92498886103266043
0.5595887983259078
0.9947468453232986
0.61846466162624192
0.13846080905342986
0.42632302706881464
0.93560834230363332
0.21012028431104998
0.42961027198749763
0.59427496221373799
0.708110571392493
0.52825296672960609
0.67441836374218433
