0.437890
0.095999
0.162366
0.413117
0.356953
0.875446
0.225171
0.875626
0.664706
0.236872
0.527571
0.393470
0.058095
0.416143
0.773879
0.172560
0.653203
0.373271
0.259705
0.691074
0.138856
0.844793
0.481966
0.465387
0.956335
0.786035
0.925344
0.283704
0.213052
0.914917
0.420910
0.737501
0.597452
0.772876
0.793783
0.562023
0.049974
0.278113
0.528367
0.838330
0.913623
0.113622
0.433843
0.663521
0.550920
0.424378
0.150551
0.437162
0.124987
0.422132
0.711854
0.778098
0.752036
0.271317
0.340578
0.446151
0.509971
0.423867
0.720717
0.338889
0.757144
0.601692
0.319322
0.026160
0.621897
0.848329
0.674655
0.982026
0.427041
0.065030
0.002521
0.134905
0.357688
0.280588
0.753855
0.415840
0.414225
0.592041
0.373365
0.099923
0.757144
0.339599
0.250962
0.348837
0.687064
0.293686
0.451846
0.431156
0.058828
0.800480
0.212613
0.567948
0.661387
0.477061
0.555654
0.686592
0.078125
0.759972
0.590632
0.905823
