0.694136
0.676312
0.823781
0.461956
0.568646
0.622371
0.358978
0.978225
0.178070
0.162718
0.680332
0.643474
0.203145
0.758390
0.893021
0.719786
0.138023
0.573773
0.784278
0.773322
0.974979
0.546085
0.976004
0.471639
0.218436
0.701074
0.579848
0.678559
0.908433
0.278885
0.195127
0.260732
0.415335
0.212050
0.985108
0.098480
0.551382
0.678795
0.949510
0.234224
0.968941
0.324117
0.292724
0.993117
0.066528
0.194718
0.240370
0.330442
0.305156
0.157608
0.970830
0.974671
0.445836
0.877605
0.114809
0.391713
0.694725
0.778098
0.832483
0.301216
0.730347
0.464636
0.170877
0.589927
0.646084
0.727684
0.061207
0.775547
0.417661
0.850961
0.866556
0.287951
0.411207
0.481529
0.566552
0.388892
0.349924
0.781856
0.569927
0.209872
0.339688
0.594628
0.343883
0.146317
0.627583
0.776102
0.904064
0.980711
0.972892
0.204597
0.584297
0.412513
0.859984
0.082916
0.122283
0.392493
0.389863
0.736464
0.972283
0.344332
