0.211925
0.722229
0.927320
0.251962
0.432188
0.850670
0.785706
0.783509
0.874360
0.379643
0.232471
0.937177
0.626635
0.162818
0.781415
0.390155
0.490745
0.921605
0.464421
0.928088
0.195302
0.726409
0.691309
0.403519
0.803376
0.151684
0.740949
0.543213
0.690838
0.731734
0.135163
0.520209
0.668379
0.874903
0.247698
0.373271
0.352925
0.045769
0.308800
0.259047
0.503713
0.670985
0.943617
0.897372
0.934949
0.793674
0.684467
0.674300
0.990194
0.238239
0.896625
0.949970
0.889189
0.139340
0.450366
0.276575
0.008324
0.097571
0.459498
0.002317
0.282844
0.872450
0.374691
0.899927
0.075054
0.744045
0.647745
0.798219
0.261099
0.209872
0.379547
0.515474
0.065594
0.426938
0.499374
0.025294
0.788773
0.703305
0.775102
0.077465
0.356861
0.006442
0.509971
0.169937
0.054685
0.122362
0.444576
0.744160
0.317113
0.100784
0.261172
0.546890
0.624029
0.172771
0.426938
0.762454
0.690131
0.402230
0.671104
0.071993
