0.143040
0.211863
0.866834
0.490635
0.736003
0.991806
0.060615
0.681160
0.117103
0.309966
0.182560
0.676667
0.867391
0.340044
0.409702
0.246500
0.251747
0.988483
0.019678
0.639915
0.917251
0.093512
0.092675
0.207037
0.947526
0.292724
0.538058
0.453435
0.089903
0.586758
0.458431
0.614443
0.127212
0.488763
0.131807
0.924561
0.643830
0.560516
0.271317
0.349743
0.374502
0.302525
0.464636
0.345589
0.295132
0.235104
0.810187
0.274203
0.538744
0.669209
0.598394
0.785926
0.091478
0.841126
0.192859
0.070168
0.148212
0.008246
0.475214
0.534516
0.355485
0.303428
0.249681
0.495383
0.518178
0.793674
0.513113
0.882317
0.081694
0.401735
0.499818
0.934882
0.645135
0.760424
0.166833
0.781746
0.731040
0.093046
0.365192
0.061634
0.325324
0.012233
0.715008
0.510868
0.303428
0.622489
0.544591
0.356953
0.062063
0.898859
0.079811
0.405110
0.961822
0.169000
0.812511
0.736234
0.069473
0.516825
0.282844
0.618110
