0.77743352325831605
0.03622368907645817
0.7733219000536915
0.62853111752952995
0.32809284018889578
0.67536507421379466
0.12315263020725874
0.62805707674747713
0.66245361310619433
0.76110086711874114
0.78702195750091841
0.05563149778695161
0.54827073679499994
0.99321809434648756
0.5934518926341632
0.38155806303157502
0.68127779723674542
0.2778052686842824
0.43685033635272796
0.78493776722362651
0.59780489514957247
0.95048589409334472
0.77042117202900307
0.33579237766464842
0.22249642772487999
0.45885764317453848
0.96072798371652801
0.043309637336321108
0.2815978124195293
0.44520607954517988
0.9662507899325381
0.63884707698830967
0.80433815485241367
0.98183737718575836
0.52654967831699495
0.87153646251339478
0.20411213760892344
0.93186825687149111
0.24182173414789218
0.14737761471905406
0.2702589504242503
0.9229097981583636
0.75487710211080339
0.35585135611155333
0.70974922499477655
0.67619330223001095
0.96177261513864409
0.76403006748256308
0.98119879179575498
0.93646077684773499
0.5262092700912937
0.70130930076459397
0.70799347774557941
0.932206667538927
0.56597123686030337
0.28534995799771823
0.1562912429843103
0.15878637484152039
0.25758873172540725
0.66672060385033105
0.80732271849216752
0.45332869502819417
0.56818084485231335
0.73069346867947527
0.21205011450747491
0.9936287588961642
0.2675532697141349
0.84950112534209399
0.36416742874841507
0.98908844064572821
0.29136586999595787
0.54942228975058605
0.72455256864956397
0.44310910408181403
0.73761560547408533
0.29690743799082076
0.41786354141723542
0.080407061067554783
0.43809820561479762
0.73438938770303563
0.16392783565103489
0.96236229663653605
0.024382195412570262
0.12688647565019903
0.31440919195071543
0.85347881793576508
0.50181933065896311
0.054283520829926116
0.44164439610581219
0.55045935606487817
0.9707032829390263
0.60877103291699997
0.4208082305118922
0.8797488930965065
0.89579181523846507
0.53508650353152565
0.27056084517126217
0.79291411367749731
0.77053291003325064
0.017180561670769447
