0.763130
0.801447
0.636949
0.894620
0.700957
0.229529
0.747248
0.649881
0.960174
0.088353
0.550344
0.643118
0.267478
0.926124
0.031689
0.111824
0.261614
0.619648
0.600632
0.682696
0.485030
0.999074
0.191015
0.932544
0.976673
0.428787
0.847448
0.360271
0.735888
0.108055
0.297393
0.524508
0.854443
0.230863
0.536000
0.043745
0.868779
0.357229
0.272985
0.356494
0.276038
0.429610
0.402032
0.318047
0.263163
0.657592
0.230262
0.284644
0.722113
0.813669
0.970194
0.612788
0.358702
0.978119
0.717340
0.085610
0.325928
0.443528
0.813669
0.735427
0.507173
0.485030
0.459284
0.232270
0.514911
0.007760
0.470774
0.578678
0.994099
0.955854
0.053021
0.283782
0.062994
0.939556
0.261687
0.229596
0.011595
0.495494
0.713373
0.718156
0.669682
0.053096
0.389766
0.965091
0.403817
0.227210
0.258901
0.539889
0.280045
0.073158
0.075130
0.155806
0.079380
0.130801
0.232404
0.355851
0.678086
0.348385
0.543672
0.137848
