0.428787
0.901396
0.770645
0.223733
0.262572
0.860078
0.555423
0.374881
0.299910
0.419791
0.787022
0.082581
0.309550
0.580082
0.452481
0.348565
0.896708
0.528935
0.695196
0.266357
0.788773
0.002662
0.633629
0.447308
0.526096
0.587580
0.418979
0.028558
0.280898
0.347933
0.199133
0.664350
0.123153
0.182450
0.259193
0.979269
0.811561
0.935740
0.378210
0.537486
0.356861
0.693194
0.900254
0.371853
0.194369
0.896042
0.209686
0.997643
0.425196
0.681750
0.867854
0.079919
0.339244
0.197652
0.178885
0.138110
0.403321
0.720834
0.584179
0.421012
0.944836
0.916351
0.810822
0.249752
0.159972
0.560052
0.522583
0.241475
0.419385
0.865251
0.572141
0.640271
0.399955
0.290489
0.818071
0.923198
0.057671
0.858749
0.266208
0.157804
0.115970
0.014244
0.460566
0.029055
0.521905
0.105155
0.078099
0.061527
0.385407
0.555885
0.416952
0.945380
0.822023
0.765604
0.937047
0.545166
0.014364
0.831365
0.835416
0.590162
