0.37015742575344324
0.82336790562817019
0.15211120184744845
0.6643503185126669
0.41674971295318403
0.070747201621128353
0.95240659732761712
0.12418678895828218
0.076289686875883306
0.73704003730769907
0.020661780681526611
0.20575345716073354
0.6345772901945772
0.13529182433469084
0.08144645476289579
0.89124014368481408
0.63422153564411654
0.26965591939940653
0.70036969640792079
0.49361374994270102
0.89098468855792534
0.55184308654173508
0.26747840392245786
0.77019765524673822
0.42050305547626277
0.30433207677965357
0.22347192406125169
0.94107331469060707
0.14530923728147163
0.73161830722967058
0.35411186860843297
0.24237664643753504
0.59627476964050041
0.77676810212846759
0.71652419922463451
0.8630038560019947
0.7733219000536915
0.35621828221935325
0.98227625467369228
0.74186725465722569
0.74117871755811771
0.053790511370025267
0.68765410055905851
0.42111353263121093
0.83833021478378411
0.31838645116565772
0.38801856533471463
0.039612859603519429
0.54815562479252278
0.96007321279417013
0.05567045778149337
0.007666641969169035
0.17790751032549437
0.031115306834941903
0.7095152074334059
0.20014450831529085
0.05326417013785547
0.79410854155380872
0.18483994762849032
0.54229555766013759
0.98758553713444552
0.91680195876074766
0.6514231322907964
0.85328574349481356
0.32068718827534309
0.88590626496720315
0.41090540217531019
0.018873660021323235
0.20374883847665601
0.5736567132253787
0.45928437958899182
0.47358729649297293
0.77565791609564427
0.50348982509558549
0.36790377249763467
0.73842099824078766
0.025032664914858362
0.98885816485038613
0.71325636468381148
0.10844436917697624
0.03903296791039694
0.54735006245560336
0.42940440305615163
0.33473520939617102
0.35119496461770044
0.012653898458782838
0.39827853201901336
0.86840951368839925
0.33720548206683415
0.24854594873263247
0.3298319430558182
0.98895064684402278
0.94101051739111463
0.91131755178059826
0.61633511657406093
0.27139235980551496
0.002720923309077054
0.89055833017607233
0.51524880110602811
0.41624399690510883
