0.401141
0.179266
0.350287
0.335440
0.718506
0.770421
0.438931
0.415739
0.850864
0.873816
0.917699
0.713840
0.674418
0.165860
0.363330
0.850183
0.217096
0.917176
0.426426
0.292884
0.480001
0.112628
0.544017
0.051713
0.247909
0.713490
0.106544
0.695078
0.945380
0.052947
0.774213
0.607472
0.464421
0.775436
0.565042
0.034519
0.482294
0.121733
0.875626
0.474346
0.292004
0.189413
0.677376
0.427862
0.604640
0.515699
0.151542
0.804765
0.841226
0.295938
0.211800
0.984714
0.485250
0.155709
0.720601
0.644898
0.976303
0.497155
0.123947
0.359163
0.157657
0.525869
0.907961
0.129017
0.846368
0.948406
0.793131
0.563996
0.115557
0.244187
0.658896
0.362216
0.328962
0.030585
0.092830
0.307969
0.158295
0.226353
0.640864
0.478149
0.550459
0.460566
0.438202
0.349471
0.675128
0.140979
0.022906
0.770645
0.103612
0.802626
0.660319
0.949913
0.267179
0.651423
0.353016
0.494719
0.432602
0.927250
0.796383
0.562603
