0.289297
0.451634
0.006620
0.110015
0.322828
0.821608
0.482076
0.015332
0.623555
0.101351
0.557968
0.537143
0.959870
0.862063
0.372325
0.253899
0.787351
0.208944
0.564345
0.354569
0.256717
0.850670
0.468400
0.310050
0.554267
0.248758
0.017535
0.155709
0.358057
0.128440
0.642762
0.609716
0.086535
0.379069
0.062473
0.341023
0.229662
0.498153
0.388309
0.541952
0.540461
0.626635
0.769527
0.846663
0.725829
0.964763
0.982952
0.677968
0.593805
0.065662
0.110916
0.557852
0.436850
0.563184
0.543213
0.813038
0.424071
0.541493
0.040724
0.958331
0.635526
0.382902
0.992963
0.610070
0.921750
0.112591
0.941136
0.469155
0.710919
0.747933
0.830041
0.589223
0.667195
0.085639
0.010552
0.140401
0.806152
0.836222
0.789100
0.739801
0.256137
0.048753
0.960073
0.956654
0.616927
0.420198
0.219398
0.095713
0.103816
0.091906
0.733235
0.700957
0.931121
0.496158
0.390057
0.835012
0.495162
0.208020
0.415638
0.461635
