0.522131
0.192686
0.851835
0.113806
0.475648
0.467431
0.673590
0.813985
0.202481
0.371853
0.240991
0.752719
0.512327
0.853575
0.509299
0.259559
0.990065
0.771873
0.497376
0.444367
0.144671
0.872815
0.005105
0.256064
0.459818
0.170720
0.086419
0.437578
0.017768
0.480765
0.239956
0.859319
0.602400
0.289853
0.707642
0.365659
0.663639
0.727916
0.671222
0.203870
0.137281
0.907093
0.382710
0.508963
0.482731
0.577510
0.864036
0.849891
0.422030
0.200562
0.666128
0.436331
0.398082
0.808385
0.930300
0.861403
0.281209
0.914765
0.191647
0.653321
0.185848
0.330268
0.743243
0.401240
0.372798
0.827588
0.277574
0.086914
0.084438
0.721880
0.494056
0.075258
0.382902
0.776102
0.108409
0.176020
0.024364
0.933618
0.296423
0.521113
0.337825
0.251890
0.359440
0.364913
0.548501
0.279968
0.952963
0.370722
0.188162
0.060112
0.865158
0.170563
0.846761
0.810716
0.739111
0.487994
0.036434
0.181071
0.588166
0.543902
