0.248971
0.440182
0.866277
0.203930
0.026696
0.186185
0.856937
0.342273
0.852125
0.298284
0.698842
0.422336
0.854346
0.748047
0.560052
0.658778
0.245446
0.311387
0.140224
0.214309
0.316013
0.354112
0.024738
0.071895
0.608417
0.699665
0.922186
0.458005
0.847840
0.183503
0.865438
0.613497
0.515699
0.329397
0.825534
0.755104
0.872450
0.157657
0.234697
0.666365
0.839231
0.659964
0.349289
0.802519
0.454283
0.058196
0.854443
0.838531
0.119052
0.581018
0.013538
0.897206
0.106894
0.503156
0.690366
0.218180
0.269204
0.042863
0.411608
0.314999
0.618701
0.755331
0.195888
0.730578
0.769974
0.418979
0.731965
0.687300
0.104467
0.976042
0.677140
0.106964
0.399462
0.543443
0.054646
0.308219
0.245516
0.442690
0.825225
0.879036
0.610661
0.229396
0.299422
0.111097
0.364540
0.410705
0.298203
0.717107
0.862534
0.526777
0.459284
0.186917
0.656406
0.649288
0.179320
0.603697
0.284173
0.955263
0.655219
0.236735
