0.779095
0.729652
0.661979
0.068903
0.579146
0.582071
0.778763
0.518855
0.986877
0.702835
0.039230
0.239818
0.847840
0.302361
0.541952
0.290888
0.620240
0.499374
0.406404
0.840728
0.530527
0.743014
0.364633
0.589223
0.158589
0.870345
0.733813
0.358609
0.497487
0.570160
0.450472
0.845384
0.908355
0.990862
0.462063
0.459391
0.911085
0.333241
0.549883
0.816293
0.574123
0.188048
0.894284
0.006046
0.506391
0.981995
0.225630
0.223798
0.949163
0.230462
0.973013
0.804552
0.369405
0.945801
0.108622
0.455557
0.070168
0.339688
0.757824
0.488763
0.075953
0.358149
0.237281
0.474997
0.961128
0.194078
0.117521
0.139649
0.017148
0.997585
0.431569
0.679505
0.949336
0.435708
0.285979
0.191475
0.261761
0.714191
0.097571
0.651660
0.108444
0.038061
0.817862
0.802090
0.236259
0.664113
0.138944
0.577510
0.239681
0.699782
0.605820
0.053677
0.608181
0.482841
0.648338
0.306312
0.677021
0.466570
0.532463
0.747362
