0.64394837113685632
0.048033021392047466
0.24237664643753495
0.954503377601156
0.18350259984473227
0.77521344154855309
0.78888194895566999
0.64786374614496256
0.047541843098279891
0.41705331356641206
0.93455100023070103
0.69790161971019682
0.46313411910065394
0.72141535980007576
0.2597051207296654
0.73473540407504134
0.45672701991439058
0.95077099061078574
0.76941491986900401
0.30515603472774927
0.24202971065273873
0.53542901925443531
0.57074227645428444
0.9733733425289387
0.029745414286795526
0.24946749507406255
0.1003524790610207
0.49482970779565971
0.85521201219599852
0.55392074525965729
0.37811480561483868
0.74209668650283789
0.17182200411054918
0.52973081861702753
0.34594899869464246
0.55669473712969597
0.95368199886290206
0.2436288081425709
0.17129654310534437
0.36258697710753829
0.57797706777657987
0.57505701123999886
0.63694924024061605
0.52066123300294098
0.89894138233295673
0.74656238866308966
0.60499403624063108
0.36837255202184932
0.32360093441488402
0.57050929091389646
0.2700326952919978
0.1202112332020443
0.43322190897079371
0.48524969137201046
0.42796487199887323
0.70904709608607641
0.83298979470450008
0.18907086423777286
0.63837259749592556
0.2377596700224183
0.65142313229079618
0.45725919673543369
0.40223006175677539
0.86543810383074193
0.18821838886784847
0.46324128928235697
0.27397459716929357
0.29577691931046241
0.73173387225798725
0.27903945804988739
0.86933245338201082
0.7140738326200804
0.12587324901433813
0.070819937155564686
0.46635465846383639
0.2914456402637276
0.038948769454799657
0.30499111538726797
0.26464518527743025
0.14595006868188079
0.21061695156091989
0.25303639796715727
0.40690307188176739
0.19483508285902931
0.53052722114066242
0.95279680633516917
0.89885907101388707
0.383479476542118
0.13859239066804244
0.49328235790526054
0.99602604769810643
0.30113389876237362
0.6250949795788916
0.54769525587820123
0.69342994644367861
0.05518524790612897
0.47532256678429874
0.088678745794488256
0.62106856560074752
0.51165317842975688
