0.758955
0.263237
0.121420
0.834911
0.488983
0.572607
0.325237
0.790192
0.599571
0.212175
0.139693
0.706705
0.948348
0.591806
0.065639
0.421215
0.577393
0.743358
0.561211
0.747476
0.626043
0.864410
0.973968
0.211115
0.285822
0.411910
0.085380
0.259632
0.512214
0.165451
0.461421
0.011488
0.461421
0.970108
0.695902
0.615980
0.219077
0.592394
0.147609
0.274738
0.834710
0.964857
0.897455
0.249326
0.657592
0.307140
0.660319
0.730809
0.370346
0.795084
0.300481
0.876977
0.937372
0.562487
0.486895
0.781194
0.349924
0.351741
0.028991
0.352925
0.962898
0.462598
0.732427
0.606410
0.056415
0.039216
0.054896
0.034294
0.642999
0.601928
0.777434
0.347842
0.673708
0.872633
0.132481
0.417864
0.994901
0.039727
0.464743
0.481202
0.265686
0.283079
0.068596
0.543443
0.232606
0.121107
0.175591
0.243420
0.788007
0.260145
0.785157
0.535315
0.850086
0.969115
0.075233
0.775769
0.493061
0.849501
0.856554
0.393959
