0.88019338003989034
0.10272900601235951
0.25795268635226132
0.36101100664165331
0.19419408648818923
0.34298783456783077
0.10954879188713293
0.31652036924822596
0.32661960080849933
0.30507356707308736
0.81198344656917465
0.33359251837981407
0.042893878713468253
0.13619700985186842
0.50226456187872148
0.31130295153480991
0.211052307276485
0.952629792750886
0.39591894321251675
0.29771686655723173
0.79280543002646853
0.067218599643372567
0.65320271117491924
0.45971131925806552
0.80891567095710104
0.32653308276040266
0.17478941589109051
0.90277479016291051
0.74770486465672814
0.83551666491927978
0.90630034612007282
0.83339502082134254
0.77365599672623786
0.47912914741181023
0.010197700337770193
0.35916267056896906
0.0089064307380764783
0.16337217038776464
0.66233505615567956
0.84842696918460281
0.75180874938026321
0.10306768510711832
0.764255035559539
0.766614082780402
0.13201688929511379
0.26867815003647794
0.49250949925790077
0.64157555311347336
0.84489126969727579
0.54000331945913604
0.28464363882779553
0.19009800541143776
0.39946151783500411
0.59839359874515918
0.24196036973977131
0.46527989911851475
0.14947096435033014
0.085956134385989202
0.64003332838980131
0.95531653480684708
0.50037351047486278
0.97116585407273814
0.9906147130766656
0.4918474841086321
0.27726658831837342
0.72141535980007587
0.41685089891507615
0.65711728485816678
0.78658364920514423
0.050935629626758218
0.52496182309554096
0.8583684107617926
0.11432541789835227
0.43986935471070443
0.11160525928253723
0.68706416318461194
0.6394401936894949
0.71313955633856352
0.96513813603275111
0.36444679660140739
0.22230173379674373
0.39818004578050326
0.065548719863957883
0.38714680389599604
0.47239609006707872
0.10515501107958453
0.85808260474658382
0.1300931783858614
0.90172141462599742
0.70904709608607641
0.0088890720286995389
0.46560219644525835
0.38050386848813739
0.75328714799335372
0.74244075840643264
0.36203024017303442
0.480655845078233
0.30277095607829058
0.42930148934633883
0.44657196159873314
