0.159576
0.902775
0.972283
0.770421
0.628057
0.409702
0.404115
0.398673
0.478802
0.997756
0.542869
0.868964
0.674063
0.971665
0.547925
0.071185
0.034859
0.639915
0.019247
0.146824
0.039343
0.560284
0.883723
0.001303
0.344601
0.492399
0.283001
0.856459
0.500485
0.087880
0.436020
0.936787
0.585234
0.202361
0.981647
0.143763
0.752378
0.547465
0.848818
0.728379
0.012944
0.091875
0.980513
0.654389
0.601339
0.497820
0.160071
0.173672
0.518403
0.424992
0.661031
0.597216
0.175967
0.120250
0.432808
0.629361
0.134905
0.299503
0.334471
0.969115
0.574707
0.102898
0.835113
0.960275
0.796816
0.800695
0.846172
0.550229
0.250320
0.009061
0.579029
0.572490
0.724320
0.029098
0.996841
0.054322
0.078364
0.900418
0.709866
0.698137
0.326101
0.102526
0.220233
0.592629
0.346850
0.607708
0.109406
0.790083
0.126318
0.222626
0.222561
0.527799
0.010333
0.304579
0.684703
0.919110
0.342451
0.605820
0.579965
0.815665
