0.27275714780010663
0.79897364187064779
0.58441377832286057
0.2079584071540089
0.8122998941669648
0.85655444815918391
0.42172451777235337
0.54769525587820111
0.18184212708426026
0.3720422372029013
0.13898777812667792
0.4461514519028339
0.2966649206574547
0.51806496666330881
0.025181485304290246
0.60169226169106838
0.15898348207089957
0.88918896024865135
0.42704089588342842
0.92981946735474463
0.32861390376491978
0.22366742895768554
0.11488380927556974
0.64276194137181264
0.033836388398460163
0.91499284375356682
0.12984405002414223
0.82840703194362875
0.92591151665330429
0.0024684566688536521
0.57797706777657987
0.2008014099818467
0.62485806369522789
0.78888194895566988
0.1562912429843103
0.29080792453998439
0.43125921279855234
0.09753900418169803
0.31567470189834296
0.72269417408366277
0.39044650048582702
0.65818473583580528
0.66114940915844067
0.87921456964563693
0.99146001463477795
0.9078036342968735
0.42060476636236516
0.075824045293524253
0.27048534777831384
0.54746511898479555
0.94398434649510954
0.41080506194910688
0.56852994705290127
0.24727429201078738
0.98940563983809837
0.480655845078233
0.95145150928198796
0.70799347774557941
0.14951776841576406
0.5105316645792366
0.84360694214662446
0.85607557237402199
0.93730723005172756
0.41705331356641206
0.2625720998146866
0.74576202117015855
0.74599075055445496
0.56469308880228564
0.76616518239950693
0.89470414250796071
0.51975760276841543
0.47391242482560481
0.80796039956372345
0.0487699262695123
0.057670699467495312
0.78372857384179917
0.065548719863957813
0.15819628695068275
0.20526603479530567
0.48678550948732036
0.0556899471404542
0.45385881283509966
0.940127601144092
0.16306974631342988
0.25846288062240752
0.63813536261036041
0.67784933899309285
0.9900866663933483
0.75510405277287318
0.81398470300016568
0.67181405569846264
0.97718562126049557
0.2677779617428182
0.18895701846628335
0.45174028606510308
0.54378729322976938
0.1420960879086903
0.24369851930814523
0.49096542423103784
0.18691738081028589
