0.853093
0.276422
0.189014
0.503601
0.435293
0.698489
0.442481
0.925060
0.882317
0.821297
0.632324
0.630783
0.321457
0.960124
0.339688
0.033603
0.394644
0.382134
0.642050
0.551497
0.837528
0.753969
0.031366
0.853961
0.148631
0.043776
0.990511
0.474129
0.190441
0.571908
0.526096
0.504716
0.343973
0.649762
0.667195
0.904465
0.590514
0.949798
0.772765
0.807642
0.460032
0.465172
0.390544
0.893611
0.379356
0.694607
0.754537
0.927179
0.581954
0.171192
0.430744
0.428376
0.753628
0.776213
0.548846
0.444786
0.404413
0.495162
0.256064
0.852512
0.610661
0.372420
0.568646
0.062973
0.035962
0.032461
0.207528
0.404115
0.647864
0.746448
0.198717
0.492289
0.401834
0.985876
0.001118
0.319663
0.393079
0.232203
0.307555
0.359163
0.638847
0.738191
0.862534
0.118860
0.142860
0.797895
0.941073
0.030866
0.644423
0.167141
0.962460
0.334383
0.734043
0.110159
0.068056
0.046623
0.809552
0.137064
0.309883
0.373838
