0.80732271849216763
0.26494234748268608
0.1307595367066727
0.71827253945874392
0.87290598790493623
0.13409294985308615
0.73577295283632005
0.48152927813643787
0.69001283310544093
0.60098513627670047
0.35999365231085045
0.45269298101802802
0.4040159136030903
0.24572686549104103
0.1615146922206584
0.073158470076000418
0.38059962851024637
0.2528211658627984
0.47055802382056666
0.70013474146811605
0.38146215134858624
0.33853394614419885
0.72582902187248721
0.67548340081807812
0.022999863303318203
0.21754191839518183
0.96693552322215437
0.22661626202441806
0.57027633079646245
0.046177928665027353
0.88547116667278802
0.89217449750557898
0.14872378852974871
0.9000904743482806
0.56643621897085694
0.15421327711637223
0.4751054896464797
0.47619135473315088
0.26643193878004751
0.11149618724265221
0.30880042022004262
0.30880042022004262
0.52032229936029184
0.71278909077271213
0.86618351401775051
0.25882777511629051
0.1460418120896447
0.86951671756576077
0.13559297729915812
0.69696080281531203
0.065820608711593231
0.21055481671243381
0.52938963921486992
0.73138715056520209
0.017554937906344534
0.02799626326761246
0.31373572118113763
0.72698857306049436
0.62118695272557467
0.90017231859974522
0.2598515645291346
0.29731195275774341
0.72976806910506686
0.43033124875237422
0.42714350427024267
0.72222925958455397
0.15287277051865711
0.91672696120734543
0.6603193765538633
0.7657160730670074
0.28315675295605591
0.65486353789755114
0.78229714159442132
0.15378132052552851
0.4541770386820303
0.80700362907315859
0.70893005244465868
0.10997895112334527
0.15498373146534095
0.94823095337061636
0.24826292392595678
0.10944148284584594
0.4432138263154104
0.93125691563035085
0.092120829305051
0.47456300697836507
0.9270391224748401
0.45195190507474714
0.93776053063159015
0.55692609513786406
0.3913228474283274
0.17953829723374565
0.98334434178395336
0.14544635626336117
0.81408983991778849
0.78460817191079946
0.72001922804328444
0.28874239394439616
0.79117320474817465
0.74117871755811771
