0.118399
0.102797
0.677968
0.974671
0.641813
0.087880
0.692134
0.280898
0.635407
0.354386
0.550690
0.564693
0.938469
0.992345
0.906300
0.986903
0.190441
0.893358
0.644067
0.177691
0.935411
0.927039
0.511092
0.418776
0.469586
0.517727
0.318982
0.256572
0.216016
0.341558
0.289853
0.916126
0.213052
0.905664
0.422234
0.640152
0.035445
0.063872
0.718738
0.715358
0.928158
0.612670
0.313904
0.718389
0.629361
0.747476
0.458005
0.915749
0.229795
0.509299
0.309050
0.005046
0.071063
0.101819
0.652254
0.990656
0.295052
0.297798
0.169780
0.144307
0.114066
0.805406
0.702366
0.697078
0.590397
0.387244
0.005949
0.850086
0.648932
0.632443
0.369687
0.249113
0.889618
0.751353
0.197475
0.491076
0.509747
0.285271
0.765941
0.456195
0.079811
0.747248
0.529617
0.644660
0.587462
0.734389
0.488763
0.430228
0.329658
0.499707
0.730693
0.551036
0.439661
0.317113
0.448994
0.910231
0.478040
0.542181
0.707408
0.101920
