0.3891828053154418
0.63445870416944228
0.54665989060304299
0.85309256999026339
0.050559727279077961
0.012658760395618711
0.77097972580762109
0.46635465846383639
0.75294614992224129
0.006327990162159956
0.51333734722221658
0.46442098757893913
0.17030185257151573
0.99025768385695911
0.85222206621321561
0.72640890083699405
0.51311266041725001
0.97435984063989434
0.88266928567822145
0.22158901087975419
0.92312620364652154
0.1002200464324659
0.19865802582931608
0.26538856320856774
0.49715478482499642
0.45885764317453825
0.91755010062471321
0.33009335649669602
0.68139597147539277
0.33685182610901321
0.21167549491279911
0.16276779181292014
0.81890500354287743
0.57575748648805236
0.095649427392171971
0.9743988351589199
0.085956134385989202
0.55057462450245864
0.59239399382569657
0.56155931229534484
0.018320090760232773
0.31711328539371386
0.57050929091389646
0.05988203847694195
0.79865037756861812
0.36138141968909843
0.88214063046903457
0.21305169563448009
0.12918171871340861
0.33570419320081635
0.042603523932416093
0.57202414834856607
0.43353226132457745
0.39493829944731007
0.98560434236227779
0.35502668549885341
0.95406633170257571
0.16392783565103494
0.18002993534197723
0.50248724140438861
0.29747387039247164
0.34388334558461231
0.88090307528177292
0.92463245142667749
0.50896325953290589
0.79659944537989547
0.42162265166832136
0.35028672089894392
0.63185012683571451
0.08316818355266152
0.5868757605212358
0.74496113671546382
0.94126149189353092
0.43064044596699969
0.23314416187246154
0.69413646085885639
0.68612005892644368
0.17655790102413058
0.76031079068190033
0.87652767610732774
0.28120907083117247
0.30400294072830886
0.30606423286834916
0.41271398934157832
0.55588521533167112
0.74541884800139069
0.56643621897085694
0.23106344798148298
0.54539532476384323
0.4597113192580653
0.28558568420425534
0.2409221047585729
0.52258348649407171
0.39112799904889606
0.036552703961606446
0.47250432101187279
0.43498220053422465
0.81240533853079988
0.26405161649405751
0.062170447741135379
