0.19718051423402497
0.50037351047486278
0.25361103638763915
0.06779928444186617
0.91514433318796073
0.76762333998513765
0.94979795213891027
0.59439256190098222
0.27161946856221264
0.23734957331335685
0.32817964438979302
0.1081255657684278
0.071894518775708668
0.4027256558633911
0.36996928268978041
0.82563658974278187
0.2986902878476565
0.10536231802588091
0.5590096256775694
0.24706283774637786
0.84498989937695623
0.63481446571645439
0.2991778605265899
0.26792783531448194
0.9666170022964472
0.19600494457418136
0.80487215788232824
0.66565406265041949
0.092428362711722944
0.76896734588727989
0.4613141483375226
0.53075484604734058
0.27207411310982244
0.3492894640153692
0.90937348070811863
0.86942459898729352
0.69743125160561381
0.82912277140970891
0.78306823223500133
0.83863061757696133
0.28472205507895815
0.96052717504290674
0.21747815620929931
0.096670217871954275
0.28448685406311097
0.70647070151280134
0.26561188370825994
0.47836666621684532
0.85115541030203024
0.13554992024366738
0.73127155895601148
0.17731263384743026
0.79030118440633301
0.029312221111516514
0.238993273384627
0.90301712014366664
0.75430952168065757
0.60275321708589447
0.44836148365418915
0.28082072653550033
0.56295148214585156
0.20734402273898569
0.83992999563019599
0.87190227213506222
0.47293736598688152
0.28519288677704407
0.83612104964855405
0.007846198063778639
0.22062003761049825
0.51030748396202363
0.29763585187374081
0.41070473614643277
0.78207669372581756
0.63576321252570289
0.89242868855387547
0.47967413144032711
0.036105919649002394
0.20624181175914685
0.94776157757775525
0.35237802387271733
0.26338505543910312
0.60912530927358699
0.2669547850168939
0.28370388487647968
0.035962463020881172
0.31289531889859074
0.010608924894953993
0.35310737545581705
0.91710161575725491
0.65343997961637967
0.38714680389599632
0.41776221315957468
0.35146774334243253
0.054665572103616021
0.97747527380790789
0.35092232691898329
0.012673356892082674
0.50918719439385751
0.30048086418453362
0.83400220004308456
