0.257880
0.285822
0.229929
0.948231
0.531096
0.881080
0.873361
0.632087
0.095554
0.495162
0.420300
0.680805
0.481420
0.918518
0.413822
0.438723
0.063104
0.641338
0.741408
0.958590
0.187087
0.078951
0.561791
0.633154
0.642643
0.694136
0.999673
0.073609
0.959667
0.917401
0.072859
0.339244
0.830143
0.633154
0.848231
0.609243
0.487664
0.452058
0.111097
0.278653
0.137368
0.935608
0.881080
0.663758
0.156827
0.676312
0.791500
0.527458
0.351286
0.830958
0.788445
0.136543
0.592982
0.644542
0.497709
0.844299
0.635526
0.598982
0.769191
0.161765
0.649762
0.495715
0.649762
0.277805
0.771650
0.358609
0.162115
0.159378
0.413419
0.476191
0.160071
0.758729
0.080761
0.674300
0.968103
0.878411
0.991084
0.331403
0.555423
0.939747
0.492399
0.519532
0.287556
0.508404
0.141291
0.733004
0.461528
0.166525
0.268828
0.764368
0.231867
0.093232
0.222951
0.466355
0.665654
0.569927
0.600749
0.795626
0.665299
0.484483
