0.53497234909954561
0.039343142744707939
0.18311404358560324
0.63161301546787696
0.82676714486465908
0.57739276171076059
0.8136691763691497
0.59957132233165999
0.65450765730351235
0.26331107175543522
0.65557527929716775
0.98653990933911162
0.81650262315560962
0.55715748239253826
0.74347242443653661
0.39356789334685771
0.019355509265723197
0.4344640575726173
0.58898783703109947
0.14299500853762459
0.71652419922463451
0.71990283441445091
0.56678502538342213
0.56179127106935389
0.1112783230996903
0.31013331553556928
0.72582902187248721
0.29264410777153121
0.3395104141116454
0.31838645116565761
0.99084113574227239
0.77398996733872916
0.020446098801418823
0.82594517475091334
0.97596689513519552
0.88337254240140273
0.88789825672940204
0.88328473655003392
0.30268895151655367
0.924489648070565
0.43239490605762892
0.41190959709040514
0.45960456530137539
0.037004625493957229
0.072536400978766777
0.96022486319839695
0.85367179320485254
0.36128879313635415
0.26852796082298691
0.3233430986821097
0.013646851447414681
0.03504920247592775
0.3349992876255633
0.61881966848187386
0.84744793416776432
0.51255111940942888
0.28315675295605597
0.88789825672940204
0.0028978631376587053
0.51908028601483935
0.22886454329183437
0.38947420265958083
0.71780647505567918
0.79486758367212484
0.57984781767314175
0.47684344793146249
0.5493070991479011
0.96959251920839529
0.31214032136992625
0.095554219909846125
0.94728988257479652
0.3701574257534434
0.88045973002014821
0.73646423138637607
0.42858148114607775
0.24671072394570326
0.64418566110657249
0.028027187162416929
0.46721535894141586
0.39210283821983516
0.54046149916002706
0.8770670827296283
0.96414730082536249
0.38376821040700426
0.20943890169141519
0.55415174738584194
0.57482356759408093
0.68411302801036467
0.84950112534209399
0.85559606766256679
0.11574463391955711
0.79616688539587221
0.90898223122921973
0.14714656551521668
0.36333016129246504
0.64347379495081636
0.42325419846234674
0.47575686495983083
0.33262771849193573
0.23714473187676974
