0.13767356426844868
0.27857616085996295
0.62284461357617804
0.92377358098152806
0.997903562736005
0.35824083564824571
0.17330043265483352
0.96560429801147607
0.56562257039613162
0.88019338003989034
0.95025716198526733
0.91702675150847257
0.4676460060145583
0.35356372868224401
0.87481291419320784
0.59910018268842613
0.36575235419487812
0.70705650672349774
0.040215172228717719
0.21217510562212694
0.28183124809951893
0.3233430986821097
0.29048944929566367
0.38627626013659805
0.044786326621353241
0.57494028640056372
0.83065296202926553
0.78075274316447341
0.48876342716611143
0.10629965457551677
0.80305471290078989
0.64193146458202688
0.038006230593369203
0.8714449417721073
0.44625655948910725
0.72036836364561729
0.50929917723392215
0.38782473542076834
0.92283759494937245
0.21735067648625242
0.3254961067251278
0.074138514140097936
0.48854347638487272
0.95649428284823745
0.030284240444808371
0.17414998488143635
0.45015480493687066
0.67654821497268958
0.45396487519577611
0.69601966640844037
0.23796492536588987
0.25039166735333318
0.40431401633747543
0.29828441628955954
0.60393242501438449
0.97971164542481648
0.29561567197936861
0.060952934483080833
0.13473406388405337
0.67974123226057315
0.67690310197396775
0.16786196753560831
0.8028405553602499
0.3753554164705718
0.60652800203682056
0.78669324982359967
0.055417663485724439
0.93118881422810595
0.28323486694315919
0.9790281611444519
0.50605586749818787
0.29497132093492351
0.040446849639267174
0.24209906697871569
0.10643914098491526
0.13168058129817672
0.44573115391692641
0.89166530139558009
0.33809072939935803
0.062711396656544988
0.39591894321251692
0.8960420820544549
0.077071478585909181
0.12244105662167468
0.2268798584829104
0.16853389301854813
0.67145883062810274
0.72362362575437467
0.18101654682193791
0.83075480239027877
0.14106829820085459
0.81984219601225516
0.43053736642786006
0.92341426767304324
0.45864435127733927
0.23119724637406788
0.55115108265488799
0.16281808497341246
0.6077083879599523
0.53052722114066253
