0.438306
0.726525
0.879838
0.186917
0.966981
0.441435
0.750328
0.302033
0.957024
0.131261
0.802841
0.618110
0.440078
0.040172
0.938790
0.704830
0.581954
0.014764
0.703891
0.321713
0.945199
0.953627
0.787131
0.605466
0.693430
0.401933
0.967387
0.835819
0.155757
0.688716
0.926053
0.628650
0.893358
0.512102
0.581603
0.629005
0.545740
0.879304
0.173247
0.602164
0.514236
0.463885
0.842815
0.991654
0.662572
0.893021
0.089903
0.444786
0.547235
0.018725
0.954285
0.329745
0.455026
0.049342
0.876618
0.786035
0.991044
0.945861
0.174097
0.668853
0.287951
0.824504
0.880016
0.735542
0.217925
0.778209
0.351923
0.801983
0.415941
0.969115
0.288505
0.689187
0.374502
0.644898
0.457579
0.525982
0.836423
0.236940
0.698489
0.875717
0.838330
0.773211
0.270184
0.921313
0.272605
0.824504
0.785816
0.746677
0.586993
0.098773
0.885384
0.336675
0.191590
0.164384
0.395232
0.477278
0.612552
0.509635
0.048443
0.658778
