0.885384
0.251819
0.745648
0.629835
0.677258
0.694372
0.563184
0.098512
0.536686
0.135722
0.034821
0.648694
0.462277
0.194020
0.692252
0.690838
0.940128
0.465925
0.093325
0.651660
0.981837
0.561327
0.212738
0.117674
0.250819
0.920875
0.224974
0.589340
0.851544
0.115670
0.522923
0.674300
0.149144
0.853575
0.024619
0.619411
0.345949
0.128112
0.763355
0.864971
0.434671
0.661031
0.420300
0.971955
0.770533
0.622253
0.453117
0.262498
0.197948
0.436227
0.438306
0.601692
0.067729
0.116385
0.096831
0.358886
0.515924
0.456195
0.424787
0.647508
0.686238
0.694607
0.983494
0.288109
0.810293
0.426631
0.348475
0.841723
0.313315
0.403718
0.875175
0.644660
0.430847
0.196592
0.007939
0.856076
0.926828
0.030229
0.287872
0.366500
0.558546
0.299910
0.154550
0.109406
0.364726
0.844891
0.524508
0.487884
0.885558
0.406504
0.481420
0.959514
0.368091
0.124827
0.205632
0.034145
0.825328
0.031013
0.372798
0.013884
