0.26531415454650642
0.67382658336791923
5.357374115137791e-05
0.67855889140432724
0.88240508780238391
0.6856479141075551
0.60818064025214458
0.91984807503953891
0.27336536588567023
0.53018585148471775
0.64869428540220531
0.4164462405597173
0.33800213348934222
0.84192147178571708
0.052244010779663265
0.88019338003989034
0.67074831745214869
0.88961770888666791
0.085409173461318558
0.16357404754079463
0.73300449804225387
0.17986593257185324
0.20618071642206465
0.67962301231248556
0.35879374981830819
0.86375474729747115
0.84518708790961283
0.6539145093801042
0.4408085988535192
0.59768716723683868
0.070143694035228799
0.89745503661552983
0.47543112334824345
0.71197110303334776
0.63196868463254008
0.31021675719784964
0.38059962851024631
0.90929529558370203
0.96424236071472025
0.97044912634986502
0.29112665485614631
0.62793857087946803
0.46656975927979283
0.13934004388289953
0.31533688159984652
0.79530095362532005
0.93254420333020593
0.94151189369238342
0.86988492135420104
0.22635290719256243
0.84102644807132232
0.68930538748182646
0.5556539897160413
0.89720633833333818
0.050452795784507128
0.65557527929716752
0.072983807188533992
0.55738889883028075
0.55935710782575443
0.93613362455789462
0.79897364187064779
0.76885541882600228
0.42827311412753555
0.38598634975308987
0.69719603724566226
0.41080506194910688
0.76492963165722849
0.3570447785354135
0.46603210024924469
0.064627442872722068
0.42121532823009455
0.89852951533281178
0.0040684888200833262
0.32274203920728622
0.99774023912935861
0.24537622280721064
0.29820328986803196
0.64027058700616624
0.59698089019368328
0.37374381525139383
0.96333338450990658
0.19274366777624899
0.11259111756709805
0.8101870161850504
0.03453171057629776
0.80348281368435825
0.24833365684635811
0.11843754833027238
0.10491360666164641
0.62497652063121056
0.12255940390948436
0.91544691460858685
0.98183737718575836
0.50337838449659955
0.28315675295605591
0.70107443218934118
0.48546895604351414
0.99084113574227239
0.30097054431687187
0.79983491757723035
