0.95796762012712122
0.70201377500852113
0.80401753667407627
0.71010020340493796
0.063388119843848845
0.1829477269942115
0.20968647168338941
0.42009635326450628
0.71278909077271213
0.96770163852233937
0.3693112665546866
0.43893120149392673
0.92555733513591198
0.9003359134199479
0.30763748976003802
0.10105028913377009
0.02533113701011986
0.090234351143968633
0.62272619461480616
0.28534995799771823
0.095079441807867648
0.3858897430739372
0.73842099824078766
0.92598224994504763
0.95707651637217717
0.45843111030113415
0.75521751058177355
0.48601731907064161
0.24355911241827369
0.36809123806660016
0.61243331159172387
0.18929872428746314
0.9284362177991341
0.92413204144399064
0.54907674142713025
0.15795096256153671
0.15746127507638369
0.41573863740838835
0.19021241351829785
0.57715908018756368
0.33332920086450585
0.83732740037949183
0.58523418223285129
0.54815562479252278
0.44899398779855448
0.48229414652086089
0.71594105979021205
0.93730723005172756
0.85950933814822617
0.40044896034292554
0.66387617968651269
0.79356586853952427
0.96037618394721092
0.61255150055108087
0.88222881172188061
0.63588181073163785
0.83642294023882191
0.11142352440445506
0.70705650672349751
0.41493080479683941
0.71313955633856341
0.65094856137264046
0.46753832572025522
0.5804327263266118
0.8013394631637949
0.81597898399889868
0.77109139561981954
0.74816155385802774
0.74736223446910777
0.60629196744136404
0.74907441106422645
0.41654738377241551
0.68800801501110354
0.48185700876419579
0.90906054587673368
0.096222440226329642
0.68045048461704538
0.67642991356925597
0.20266207318662491
0.56295148214585145
0.71290591936996961
0.2834693043332947
0.4344640575726173
0.57330677600297286
0.58675847124931779
0.64145691699142571
0.37945151036845359
0.98797904143929027
0.17457605606640794
0.79789549072583488
0.45651423882492936
0.47261256408118646
0.45672701991439024
0.54505061250124731
0.48437309398560746
0.80101734991751417
0.48338780675396587
0.83571821577968608
0.11262777668899836
0.59498062843019994
