0.25267775574108997
0.86757656893340351
0.15306366597065202
0.93125691563035085
0.084694228051812481
0.177204651594457
0.99184440841335897
0.91999522309060344
0.75521751058177367
0.8872071575709588
0.7313871505652022
0.21862815427913262
0.90228927827222472
0.49284065755230266
0.76391756424904877
0.85057234899786982
0.90740915661280874
0.69731364694075015
0.78053187524335921
0.63268006032750157
0.91193535227943756
0.32299954059289909
0.87850054908985098
0.15834363554783712
0.96997978660361484
0.21875622991782792
0.90041766396723977
0.56399626176861384
0.0032082983585302936
0.78295812196228609
0.9102313761785078
0.95401153657680793
0.0023408381858762012
0.82005024003756533
0.41362002968113326
0.46334847199914653
0.83682514722578483
0.71021718337462914
0.37374381525139383
0.15952658885941307
0.74381612865194446
0.25890080102900387
0.47293736598688152
0.61870133030591168
0.86159143298631546
0.58054972496839152
0.10633451110483422
0.53840075597911285
0.6606751125274003
0.47804006624983808
0.54355770497131695
0.929198722149435
0.11229822015062367
0.86403589904069134
0.83410331940525106
0.38540693563994516
0.63173157044396888
0.50415869071675479
0.21792480415290838
0.64632131129344372
0.40114104543295825
0.99320131351368934
0.93840508435176029
0.20056233490489139
0.50415869071675479
0.79908136204884572
0.44331856189273788
0.48404456063479984
0.75021449620518044
0.4037179423937724
0.76638965876527498
0.56248731453365941
0.21236270288701595
0.66269072262989637
0.46152807371485105
0.61645340175057828
0.042118612262719575
0.32878771874393631
0.77931604024790868
0.16484052131889618
0.42009635326450606
0.016756529852556056
0.24348943213403776
0.27634494458701225
0.1339650421532369
0.71208797842903948
0.50538592952036177
0.22582692202859972
0.53988879559511771
0.69319440458250292
0.2948908488573817
0.67915010090163286
0.59180643664621191
0.5451655084928797
0.15008038769279911
0.4005477855354127
0.40870125348264891
0.83612104964855394
0.59133647643418552
0.7741012627967031
