0.19800681721793917
0.40700284746730175
0.19407772651748298
0.97463205169603229
0.2778822864880432
0.51716312462213709
0.15633984752516003
0.62308145808018878
0.8013394631637949
0.32265623725845843
0.55195844736513155
0.61326069853411513
0.54999835988076073
0.30780343107608238
0.0012021365485514804
0.54654488991868433
0.58722765912048946
0.070577747966523427
0.61574373222787249
0.52405529989636701
0.67702139186462484
0.4452060795451801
0.4287871284955313
0.15795096256153671
0.4665697592797925
0.40203192672899013
0.094669661124707705
0.064449058918194857
0.051950621448253208
0.79951206943384268
0.041743334652279945
0.82171168112319726
0.0012842620014176958
0.96152535828380059
0.70083954187027464
0.75748419121786281
0.55727318696749339
0.72362362575437489
0.47662603578094109
0.38811550281276697
0.98491154002534975
0.98609047048233001
0.19972738729219672
0.31121930234371459
0.74587639114430759
0.14521788578937939
0.001322677772726555
0.87733640698136317
0.34137988828424587
0.14453430734609171
0.94483611329203054
0.87652767610732774
0.81838364063866864
0.67737624403878915
0.40910148726331774
0.32653308276040255
0.28292250641697408
0.071526540224193511
0.29336491066945058
0.45939109546234846
0.22899734002533201
0.65937069325281561
0.55449830681035372
0.64845698898962789
0.42396913137367803
0.39788467568067154
0.69178077133187166
0.42591312296184747
0.066665388237530196
0.38743725582326938
0.51626191104288577
0.14267983587292443
0.021740282388335648
0.54804052069199893
0.036473487867023272
0.8157693910795899
0.61101528752803125
0.51255111940942899
0.85636297342376555
0.86130824683449669
0.94169931901829373
0.15566054310644412
0.77443506473348411
0.23844439138310489
0.18178699197402803
0.93659139005553915
0.26516538447417259
0.69484280641618101
0.30072563240057804
0.35732055797327805
0.50282134045325155
0.18562376112907528
0.43270492923178533
0.85386466919386339
0.57120832353444762
0.9404437324409658
0.80933975209998243
0.53462993833049566
0.87034456644369518
0.53737141859241722
