0.084637264247558699
0.053395310933742238
0.30039930671214632
0.511092294444915
0.14394409224073487
0.70154414749416349
0.50885130752443886
0.22171846194148753
0.48503047278754563
0.95853857813699983
0.3130632716858685
0.48316898163739563
0.4045128245272322
0.075772465629760435
0.96007321279417024
0.63196868463254019
0.5497679084359911
0.20563151420775452
0.82233337975789556
0.43187847552787884
0.2992591785152991
0.90261307900779775
0.042756114830655285
0.98560434236227779
0.88616697233122965
0.30301706557384817
0.87235891818320666
0.90693472229608563
0.61314249127382037
0.1695199738697884
0.69801919903443999
0.71512436768589083
0.80827899044319995
0.59968911761606813
0.37383849291894572
0.243071674601641
0.96037618394721092
0.88169929256467772
0.34594899869464246
0.94881440911389658
0.78229714159442132
0.63256149432248288
0.067450330375150261
0.51614930369966905
0.51626191104288577
0.43757802288850411
0.30268895151655367
0.10805483238952701
0.7061191459845757
0.31983370871617578
0.7616648349048738
0.15488724722970507
0.67867713948226904
0.44825611228444673
0.62450270506084005
0.48437309398560724
0.30954967091827834
0.56946117156201925
0.3265330827604026
0.65676145057500002
0.19466009498469056
0.050684743893637592
0.81345872885953907
0.69319440458250292
0.59992472056703161
0.47120635130016542
0.74896034209468665
0.99733446027434247
0.16367506449987196
0.38136625482264669
0.68954121953892744
0.93567412625387181
0.64620266274369575
0.17883011216183584
0.95335114665155063
0.26695478501689385
0.199727387292197
0.45747215701029353
0.85578794491077137
0.22806903520992008
0.049921249501256572
0.23119724637406791
0.23721299703189122
0.21349107584669047
0.19436873303569444
0.14756267604432405
0.17785336248679781
0.43270492923178533
0.67926833347290039
0.38059962851024637
0.9478791390199397
0.028959290355098942
0.22432008938701706
0.24147541480872384
0.27834472656295883
0.40351936802625443
0.25089038710224842
0.67524674486940972
0.59039678658747707
0.31172143692818549
