0.96067783648909644
0.54378729322976915
0.78866336466355158
0.13013473983131804
0.11924442900070517
0.25375485197963976
0.15590286535483161
0.58793159403354944
0.53771445392413297
0.95822769577485845
0.61314249127382037
0.77243036221085859
0.96007321279417024
0.38107865620727099
0.98457166727976786
0.28597887957803897
0.013636407752205332
0.78800722958681613
0.18539953622380029
0.078897012397252192
0.70001725599054354
0.3134834329340358
0.43820228277404971
0.53314707299153863
0.24168316019312222
0.90748811650516126
0.86813210693603149
0.70389139082966445
0.12660206364267371
0.85463517818672574
0.64999940348307761
0.41251280501302906
0.85105829450692272
0.68068687612775491
0.34558915647404592
0.3882124553019235
0.018004877101871812
0.059115884111036861
0.733697106976405
0.95961628364578166
0.35402047286930788
0.35174066306161939
0.80187596599646671
0.29136586999595793
0.81198344656917465
0.19759331488150852
0.18629777280526694
0.095395727481171935
0.44415692641118487
0.27849900022169244
0.062754857065956016
0.91324121854030982
0.80187596599646682
0.10664867225936107
0.82830469814065977
0.59098405655377317
0.26294138923958588
0.47488846052891898
0.050684743893637647
0.0093912378502013331
0.63979607243647019
0.26427408674007979
0.14858404663437594
0.058971946106986285
0.078550128764161842
0.75010053736219584
0.83055110005907906
0.4630269614586523
0.2000252589109347
0.060615102735266817
0.67323473837912817
0.87580689884312324
0.007976469747294504
0.66470590544153663
0.10944148284584594
0.63196868463254008
0.84911086144448678
0.26516538447417259
0.4792381206047962
0.0037904534645728113
0.89885907101388707
0.071869933769898739
0.8782323242634692
0.93859775726187467
0.89992669221629762
0.94501771576058968
0.64169418975986114
0.20875929419404768
0.98677406134578372
0.027944794506314239
0.17484278964387009
0.91308807958175564
0.48667573361736671
0.3851174320259777
0.28605756641098828
0.76549144032569749
0.083028135719610083
0.12648034165402811
0.45237529911050145
0.62402892233887319
