0.42468475121674115
0.694018720109431
0.89852951533281178
0.85817789887463758
0.55727318696749339
0.9532405705420588
0.83177201439614334
0.4594978240346389
0.088234477588898033
0.14802619352937682
0.034644692855758108
0.22523634259218675
0.7607623372123764
0.44112192217781576
0.37025152035245817
0.46356287501950633
0.29184473077461998
0.74129349882418383
0.1719272570957999
0.20906798678228375
0.26935478302699212
0.084097814696039663
0.74014523774962404
0.97786986533750464
0.080952617755332204
0.12741613518541564
0.09615862224734921
0.1972983857123547
0.022158245047682643
0.4023291512648528
0.16786196753560811
0.053432834067032621
0.36556566041830402
0.73450473570984176
0.1109884174758107
0.34983318700852484
0.30236109295232189
0.14066785222326969
0.96725225775884915
0.033885618178780039
0.77109139561981965
0.99734338734117933
0.049552235918524708
0.39054381257028731
0.40312239484063078
0.96352584540939956
0.64193146458202699
0.13589470554729843
0.63315433755096051
0.48557860564846611
0.54815562479252278
0.6856479141075551
0.95670651647933636
0.71407383262008062
0.69907718166206856
0.60098513627670047
0.47412923735605894
0.69036649866002264
0.7095152074334059
0.21330268139308781
0.74633376526316231
0.29376591499681326
0.32592790172244301
0.14013543613725771
0.056316912521578118
0.65047398486433017
0.69260546981843274
0.020058703518646345
0.18383618803323701
0.30780343107608238
0.53828635092641974
0.22628710622763523
0.51547386730547706
0.064761525088390129
0.14053458633533117
0.1182843968069268
0.89310520196488064
0.076134187758217856
0.11612065753933529
0.4695863572859601
0.77398996733872905
0.13947234039036382
0.90653847759038497
0.50259859712527366
0.43363573950584344
0.69743125160561337
0.87117021574637288
0.23059563229409408
0.70529864083214644
0.6323243663476924
0.29033030731920567
0.25260607406141899
0.66766851325394683
0.73773069042715622
0.94758496364006162
0.45036603274507725
0.38792164286997838
0.84911086144448678
0.1114235244044551
0.2000252589109347
