0.623318
0.962801
0.747476
0.390836
0.572957
0.024829
0.224582
0.674182
0.925770
0.429199
0.630546
0.798758
0.332803
0.094512
0.097701
0.911472
0.034620
0.884599
0.403619
0.796275
0.361938
0.669209
0.611015
0.581837
0.650711
0.298122
0.570509
0.633391
0.591689
0.163776
0.885645
0.433429
0.508292
0.059799
0.592982
0.265389
0.828714
0.597569
0.779979
0.639203
0.564693
0.757824
0.916276
0.182671
0.250463
0.591924
0.216016
0.784608
0.008214
0.411006
0.096574
0.893696
0.957863
0.355210
0.853093
0.229330
0.628057
0.814195
0.385310
0.356677
0.386663
0.577276
0.074113
0.335528
0.394644
0.073109
0.235579
0.662216
0.824504
0.300399
0.249326
0.218180
0.167141
0.929544
0.020569
0.587932
0.187595
0.592747
0.393568
0.128235
0.591219
0.583945
0.305899
0.863286
0.042955
0.262277
0.951395
0.700722
0.498819
0.951846
0.537143
0.411508
0.781856
0.018320
0.761101
0.732081
0.680332
0.677376
0.343167
0.258755
