0.967567
0.730231
0.456940
0.134306
0.212175
0.300399
0.688834
0.319834
0.571674
0.337914
0.641813
0.391518
0.801339
0.366313
0.207590
0.504382
0.624503
0.335087
0.594393
0.634814
0.715591
0.489644
0.274585
0.397688
0.204901
0.939046
0.786584
0.250819
0.170302
0.807323
0.760198
0.486676
0.494498
0.013139
0.208020
0.271923
0.629005
0.203024
0.865904
0.039174
0.194020
0.877785
0.900908
0.564925
0.712205
0.812722
0.636475
0.191762
0.897289
0.207467
0.212425
0.725365
0.360363
0.715008
0.319834
0.628294
0.673116
0.378306
0.224843
0.312224
0.724901
0.212613
0.580667
0.647389
0.988388
0.048306
0.417458
0.908276
0.510980
0.606174
0.065300
0.523489
0.678795
0.321115
0.848036
0.684231
0.466462
0.111642
0.716757
0.531894
0.172191
0.288188
0.624977
0.820882
0.249538
0.665180
0.736925
0.257298
0.026775
0.916502
0.318386
0.154984
0.388116
0.125510
0.488763
0.099593
0.737846
0.860647
0.311387
0.162416
