0.060952934483080833
0.19090004539247282
0.78614509014887957
0.70142672686645802
0.66612809916247762
0.28464363882779564
0.92961286484703931
0.85998363624179486
0.27734349506114003
0.21236270288701567
0.21856413882902903
0.25977833478699314
0.59545116280817445
0.98922512224833525
0.016980143590492002
0.5382863509264193
0.022939983164917306
0.71372353016664025
0.31779186067859649
0.85521201219599852
0.22412413331061423
0.96924581452824088
0.97923466917758439
0.97145794036267763
0.55011359727648645
0.77721177402112085
0.31289531889859074
0.95925884314288112
0.94893066480326538
0.8122998941669648
0.88310903801058371
0.51727582057650878
0.80058761958704538
0.31466200676384348
0.28866316559899863
0.1781784541591192
0.015632121504348787
0.38107865620727099
0.67216925932975458
0.65521941199756406
0.37421735666673206
0.13956059776185264
0.13780450478587708
0.4918474841086321
0.94922066866897792
0.84607326493778023
0.99863378134303127
0.28645123938935546
0.34820371316412912
0.12040540978275632
0.50449326598796662
0.95712922709842285
0.4265280627865497
0.10316948055884793
0.32610073106762039
0.56701759611992752
0.013568708971021116
0.17899333420404057
0.36818499397307713
0.89670810958005653
0.74804739778292784
0.6883618930759221
0.58136887223290745
0.5934518926341632
0.26516538447417259
0.39906695325818192
0.54275440485232895
0.50337838449659933
0.65616837551801943
0.68293192673919356
0.33420748073221151
0.88249318260577603
0.043062814295893946
0.45301077969565773
0.594392561900982
0.55715748239253815
0.68895160808298084
0.1138433977649063
0.33245250648954661
0.2403008084830793
0.013224844550994852
0.35493513350598477
0.78064231665498307
0.21792480415290846
0.49438738634768264
0.36575235419487812
0.45800478125428801
0.60723619131236206
0.46152807371485105
0.51716312462213687
0.2743558813878994
0.19676841463865363
0.14376290142333714
0.59815810453813367
0.26702954040506666
0.31542131274555935
0.00047674256884831724
0.91385245827415496
0.97187213745904399
0.098057095918259007
