0.95853857813699983
0.10661372522528019
0.73623384282708448
0.97256799756708134
0.61881966848187386
0.36119618210990567
0.55773607806621217
0.59733400928043823
0.19629830128469361
0.66861629666444422
0.88125723637514841
0.89844704886567595
0.15561211682029225
0.57412338192691559
0.35934722430248045
0.87408790419267268
0.0075798381812685733
0.20140010728407692
0.59651012564568751
0.076263750518483414
0.66233505615567945
0.0071204375204073269
0.90261307900779775
0.77421254419127716
0.95444887473761875
0.75680468506439103
0.18793493132234518
0.65249089269595462
0.22243151474448117
0.25875476487615784
0.37583025765672606
0.71850552766928832
0.12052204654731212
0.38165398986959426
0.84754594566225805
0.45672701991439024
0.015134574303066388
0.48514007631621225
0.24706283774637816
0.63410295316524701
0.53897290910465845
0.076497463734960677
0.5447059731917363
0.090475819873779603
0.87867922421350064
0.95099841272033392
0.95563949446814656
0.89064366178236876
0.10724431392939819
0.93763119362976721
0.3108848652097283
0.90717208402914695
0.92682836758415488
0.77176112669962649
0.89394811737582824
0.21939750329508478
0.36509919650571471
0.9811018211204755
0.22747383445218602
0.30971634669723996
0.22074903943393229
0.93213905536913666
0.0030722092900950962
0.10088375643313724
0.61527067519632883
0.94616032246747173
0.46624712665300672
0.51603670623450826
0.64572806961595453
0.8108216747177367
0.16071696704484695
0.7148909640146488
0.79019210899968795
0.78328840711899128
0.87006886075319834
0.15663174257321205
0.37175912389545579
0.52734428818647583
0.53920182988814547
0.6642317862386623
0.6348144657164545
0.52133935975136769
0.68718215859731546
0.44269034866357249
0.18079691508195705
0.19794770247094937
0.28708194413998528
0.32428919677444418
0.49317191612390088
0.19553631577380459
0.57832772118877884
0.57435675286904708
0.89570833166205799
0.68021408007088957
0.56190726092301657
0.77487993643288455
0.74816155385802796
0.25649921579213458
0.60440421476921302
0.85376824361612869
