0.160170
0.611724
0.705181
0.824813
0.867484
0.333593
0.289933
0.772542
0.549653
0.805192
0.203265
0.022191
0.615152
0.390544
0.986670
0.789646
0.331053
0.748162
0.278268
0.632443
0.895207
0.635170
0.658185
0.941199
0.517614
0.763130
0.580667
0.555076
0.152777
0.344960
0.877874
0.551036
0.438202
0.837227
0.886948
0.095459
0.442795
0.404215
0.767511
0.786474
0.654745
0.706705
0.430125
0.052484
0.502710
0.822437
0.350287
0.229263
0.717573
0.220749
0.397885
0.044200
0.827178
0.751126
0.830755
0.423561
0.831162
0.331752
0.335352
0.733120
0.805619
0.297069
0.921896
0.188729
0.657948
0.251962
0.955961
0.945681
0.834204
0.259925
0.776102
0.577743
0.195361
0.133157
0.630428
0.730693
0.354935
0.293605
0.256064
0.239612
0.902127
0.753969
0.275349
0.274127
0.580667
0.451106
0.223994
0.973053
0.353199
0.874903
0.361474
0.566087
0.952908
0.171927
0.349561
0.273746
0.764930
0.712088
0.581135
0.490415
