0.639915
0.050792
0.168430
0.351923
0.053508
0.203688
0.565506
0.189641
0.691074
0.985467
0.313820
0.889017
0.141425
0.148444
0.815035
0.221136
0.047965
0.450366
0.171875
0.184170
0.133327
0.299097
0.112408
0.014792
0.774546
0.675247
0.414225
0.342094
0.313820
0.162266
0.112262
0.040215
0.981167
0.480001
0.078205
0.048426
0.608771
0.391615
0.750670
0.656524
0.661979
0.623555
0.689895
0.019305
0.141157
0.349108
0.990087
0.107737
0.052743
0.665536
0.080000
0.693077
0.085180
0.151732
0.665061
0.055846
0.968014
0.973850
0.367904
0.690013
0.896708
0.295213
0.814930
0.332891
0.786364
0.468077
0.292724
0.990427
0.310133
0.030866
0.234697
0.488763
0.632443
0.790083
0.541264
0.891920
0.168017
0.615389
0.493945
0.760198
0.469694
0.821919
0.090506
0.730809
0.467000
0.311136
0.968192
0.601339
0.051423
0.417560
0.417053
0.910698
0.099593
0.124466
0.131639
0.580667
0.009730
0.426631
0.876977
0.675365
