0.97711285540439485
0.70647070151280145
0.79854258825988755
0.88875946770350622
0.49394524190130473
0.64572806961595441
0.3263600943721866
0.76492963165722849
0.82553368622120971
0.43612331514112346
0.4464668143411078
0.028547321857016913
0.46281268381219276
0.26605895009251374
0.99805136071808054
0.62225254094636129
0.79886590438832561
0.054953724972960846
0.20734402273898569
0.96546483296006991
0.31889672192360946
0.046161520526141142
0.81671194126203961
0.051713357009908555
0.27268119176268352
0.77254185306767253
0.84832917384017914
0.17051086031773774
0.52677666347819552
0.27642166100735427
0.67098516440531819
0.9404437324409658
0.6835225220712029
0.17975666596123926
0.99906940286295487
0.1558058982831968
0.84607326493778023
0.072958886092859526
0.71290591936996972
0.1735655471029732
0.24649964159822291
0.60570194402384614
0.52405529989636701
0.44039102250926143
0.45047166625229385
0.64027058700616635
0.98661825049026353
0.43757802288850411
0.71605770188496232
0.11458570488206789
0.61397000507165478
0.8790362345901972
0.87345206717764712
0.22793666247415428
0.96679923304353232
0.8803709752375023
0.31415652073851713
0.86375474729747115
0.44699268274540371
0.82233337975789556
0.99349919157979771
0.7298837744973613
0.15760804683237634
0.99460408323905025
0.21030642431338731
0.82830469814065977
0.69743125160561337
0.82656177848766044
0.91695185392020562
0.16983236553089442
0.14928387238508442
0.69660791375863562
0.036738164162964458
0.1439440922407349
0.37223105612676133
0.60251742179249401
0.9307794732611423
0.93207140821087853
0.54183684302236124
0.083533298181409421
0.49339281080595088
0.22399357115215379
0.081254086967374434
0.21658704763418399
0.63635621387980801
0.49206811111489801
0.73738540684691922
0.39758943855710388
0.95235070729995286
0.77521344154855321
0.35603478795679805
0.44101746764258554
0.35265141334292671
0.99552527633992183
0.39965888854147097
0.67276121686792467
0.42509398482012878
0.39857407931499289
0.20746678267295629
0.79767965410816788
