0.04097265367409321
0.38473163831412682
0.84152391462400322
0.31652036924822591
0.86970087359078529
0.67642991356925597
0.53337510901315865
0.10135065960315051
0.66387617968651291
0.49759820422888945
0.74370157087831013
0.13771719925603756
0.71384030449752633
0.86692722349319384
0.036145136487159474
0.47521402221536846
0.73750051094280367
0.92094839795312033
0.27139235980551535
0.7485039569890688
0.58711035446582738
0.79313143145908316
0.093077154504321816
0.82036215491732478
0.0068184003446419717
0.85347881793576508
0.69531360830617017
0.60747228264162845
0.98927043618015953
0.83662408860750559
0.30342756743659222
0.81963407150209411
0.62829409369740463
0.67572004575838063
0.36519245836442382
0.90390322846102822
0.23341370715855339
0.049116205765331405
0.50393569325893406
0.12263835723239223
0.44751888113503935
0.43633096752241396
0.30301706557384817
0.80615191635074035
0.74140827007534571
0.12091154522951217
0.093948501980006593
0.2966649206574547
0.68517570854547283
0.54654488991868466
0.76042369584268477
0.97761925434681651
0.87805336642971166
0.041060900938509226
0.34433169200251929
0.33800213348934222
0.19853949515441394
0.79681562349552471
0.21305169563448004
0.71838903724091008
0.24699238399199888
0.23476509479375082
0.58711035446582738
0.064851053573534059
0.55195844736513211
0.14435248343735299
0.023232211562847126
0.44941591971185768
0.5600522648008226
0.035897430944638549
0.55843063223630085
0.42407132074935888
0.00084002220235667889
0.15008038769279908
0.38031239397715821
0.026363354116384522
0.24868755427238107
0.056159568728861776
0.55345883126520068
0.51772670246132679
0.52541530959485572
0.267927835314482
0.58054972496839152
0.39582081208461545
0.24890007902797828
0.40381725151182651
0.29009171390450206
0.53817195441480603
0.28739767871625255
0.69813677325263734
0.77865210501852467
0.13319979658344128
0.014888641813589225
0.19966785613533011
0.81932173407691355
0.85482755615400652
0.41755959929407438
0.69696080281531225
0.80849129163511579
0.062820099065809307
