0.491186
0.206609
0.923342
0.759972
0.122994
0.355393
0.820882
0.197652
0.165809
0.951846
0.577042
0.274509
0.364167
0.614798
0.131052
0.501041
0.720136
0.664824
0.243838
0.862816
0.638254
0.591924
0.283079
0.310801
0.811244
0.020538
0.003774
0.086593
0.068056
0.924060
0.993613
0.395821
0.386663
0.446993
0.829735
0.562139
0.949798
0.190155
0.257807
0.215003
0.074595
0.122875
0.863755
0.005006
0.522131
0.356953
0.141872
0.229130
0.810716
0.707642
0.541952
0.008861
0.626754
0.201220
0.718971
0.291685
0.604286
0.394449
0.630190
0.963718
0.372892
0.075105
0.162617
0.704243
0.297798
0.030406
0.482294
0.848036
0.398771
0.615034
0.129306
0.138417
0.678322
0.853768
0.136760
0.003991
0.351104
0.136543
0.036302
0.548846
0.434360
0.598511
0.278345
0.338268
0.146639
0.216460
0.717923
0.188105
0.006805
0.893443
0.344601
0.549537
0.836222
0.629598
0.801447
0.843112
0.950257
0.771091
0.926547
0.718156
