0.93698237978986487
0.75623810268957303
0.019619195055868476
0.17287694948704621
0.55843063223630063
0.4101030843868731
0.47706090777892218
0.60711815091794841
0.24216843871894397
0.61929304652357064
0.88337254240140273
0.46313411910065416
0.48174775352811383
0.16637111573449623
0.14886364199261551
0.94723075771768706
0.81124440272241161
0.40520911296095952
0.87272374124552976
0.75838952807605331
0.32394493825672654
0.061590996822704309
0.97725824597274713
0.72095010457551667
0.18629777280526694
0.21907668006344275
0.28890089843565175
0.42683572086699484
0.39749105574454902
0.69036649866002242
0.33658675030363566
0.85347881793576508
0.72362362575437489
0.56353184671158263
0.054340672153492017
0.94157440462078124
0.43187847552787895
0.43404978911742165
0.47956511103224608
0.075002553693239965
0.90350092676252292
0.023527943336017185
0.46743065777345671
0.58066672922673845
0.045428696675259304
0.74358700280193124
0.71768994070215741
0.080843241542232783
0.97002263502301489
0.82748526265973121
0.88564529382232715
0.84676118392724264
0.83450757583988022
0.70764215970130318
0.28755564156550134
0.83742778345980429
0.44310910408181392
0.32489226190460924
0.083056128382083025
0.73796083154421999
0.68186863474726955
0.73980056618080203
0.42203020061923924
0.81240533853079999
0.17720465159445689
0.99808715213568899
0.46613960724657011
0.78691240398577422
0.22806903520992028
0.83379989511277564
0.38107865620727099
0.69954726099215658
0.95025716198526722
0.12048315671918709
0.8636609775650701
0.13925190588489744
0.29974742171214092
0.7182725394587437
0.81576939107959012
0.53702846065152077
0.20919156642646086
0.055943877582251278
0.69496051406874604
0.90637975530718506
0.011730048042966162
0.93254420333020593
0.51098014811712311
0.70775927188707233
0.15575743383570767
0.089693143340401557
0.78746001412180489
0.094575319157522333
0.8147202548501562
0.037896747164368291
0.96738745448685137
0.3463090926439622
0.4326015744440897
0.12228341451000796
0.12819368963062808
0.17404360208528374
