0.173300
0.609952
0.220040
0.310217
0.595686
0.808810
0.014463
0.562835
0.752378
0.024820
0.913318
0.685766
0.781194
0.384057
0.452164
0.511092
0.568414
0.136240
0.413519
0.874903
0.386953
0.432912
0.780311
0.780753
0.737385
0.473804
0.395821
0.873270
0.992720
0.654389
0.148817
0.765267
0.708813
0.711620
0.478802
0.513450
0.424787
0.551036
0.787131
0.178016
0.508516
0.420910
0.050703
0.023642
0.098610
0.657592
0.568763
0.753287
0.230329
0.041953
0.028579
0.041609
0.412513
0.760649
0.244117
0.779869
0.695196
0.953737
0.120444
0.699312
0.028949
0.266059
0.434879
0.538401
0.871628
0.330529
0.627583
0.114809
0.295293
0.254043
0.607354
0.972972
0.361196
0.825945
0.827588
0.461849
0.234156
0.058277
0.532007
0.169312
0.801017
0.453435
0.940001
0.857892
0.794868
0.770868
0.726525
0.531666
0.098187
0.511878
0.292884
0.970322
0.584883
0.955155
0.168172
0.732312
0.159724
0.355851
0.284879
0.147609
