0.10135065960315051
0.28882163822316287
0.61657168967276177
0.90984191060126429
0.57622458955790334
0.97641452969619513
0.90212718885998433
0.45036603274507725
0.1765040935189629
0.55669473712969597
0.52100025319295695
0.047491296513759815
0.47586546945348163
0.68612005892644379
0.18691738081028589
0.47673473589154391
0.8837234760697017
0.64489753746754286
0.28511437504053161
0.61503416371605479
0.89679122468670636
0.56422851025223075
0.94050685153173585
0.12204728163206834
0.39405698957914204
0.15932891516779948
0.93580558818255066
0.5298445632409039
0.9188142715026042
0.60216375814391898
0.62616119892646216
0.83581895774939741
0.40342010278215656
0.15121101307224963
0.55276618685487433
0.072091472457549918
0.69813677325263734
0.19176244144250953
0.47989220762382212
0.19859875331605681
0.55958879832590802
0.081473969182525835
0.18821838886784847
0.16131494982507671
0.58546863084381551
0.67441836374218422
0.37516558694646135
0.97988034303611249
0.87805336642971166
0.33570419320081568
0.88625381611248333
0.7250168471766637
0.4524811800981221
0.1958877017922501
0.085065329125485895
0.94828946218916788
0.67926833347290039
0.70787637790613456
0.64810104353803366
0.60487606450633669
0.9095297537312973
0.94556057516158265
0.43033124875237416
0.48865344609880923
0.64098237796461777
0.33254010456018196
0.94126149189353092
0.49826366009546352
0.18596051616867076
0.3883094227999685
0.57085877873704116
0.034033708439463135
0.44039102250926143
0.3778287569631551
0.49693314061441773
0.65688006292144496
0.66209793793523997
0.47434609808695805
0.34504986527712445
0.42162265166832119
0.34540932978244054
0.14013543613725774
0.95707651637217717
0.97733072959714851
0.06532292513701228
0.88205242042397836
0.31940756654707836
0.55392074525965718
0.032603338520725403
0.66352055878347627
0.65521941199756406
0.10994304805316577
0.69048437861285206
0.49848556566778657
0.63706784839549746
0.47978316363924578
0.95290796631941554
0.76515439393681706
0.2499647998453681
0.43218829261370778
