0.013900
0.259339
0.684822
0.174363
0.030585
0.773433
0.733697
0.219398
0.736579
0.334647
0.585586
0.401141
0.669209
0.863192
0.729305
0.153064
0.860930
0.310885
0.654270
0.578795
0.754423
0.822437
0.933618
0.512327
0.464421
0.311554
0.753969
0.760988
0.112189
0.481748
0.735888
0.604876
0.047592
0.679623
0.279581
0.312727
0.288663
0.084694
0.172877
0.506391
0.990615
0.730693
0.372987
0.035510
0.338091
0.090234
0.215446
0.459391
0.496601
0.315928
0.158885
0.439869
0.796816
0.288901
0.060363
0.525415
0.459178
0.156146
0.483826
0.687182
0.184338
0.221136
0.356127
0.834204
0.294489
0.208205
0.799081
0.084183
0.052410
0.193207
0.712439
0.903662
0.447940
0.065526
0.259705
0.741867
0.049622
0.257516
0.155515
0.383576
0.233077
0.046822
0.489314
0.371476
0.929130
0.773879
0.592747
0.193613
0.372987
0.267404
0.423765
0.552997
0.792153
0.942198
0.178667
0.227738
0.267628
0.718273
0.320687
0.274432
