0.50806793192126687
0.90041766396723977
0.67974123226057293
0.42294800921001335
0.2455865619941108
0.41573863740838835
0.37355450585213862
0.6381353626103603
0.67832238606533557
0.46270556381694583
0.9598704994563888
0.46313411910065394
0.86412956376001304
0.6113697509637761
0.11943724695343498
0.47434609808695805
0.79670754293934598
0.92541542231111562
0.03499839929966013
0.45343469270906811
0.76695062039895223
0.95002784794029849
0.99284255388480736
0.80069507848404564
0.069640350625150643
0.75544439108564732
0.85425012289906632
0.70248331391644081
0.098577621237572646
0.82481277709437928
0.10155134410433589
0.41281460305898254
0.86469099960943663
0.23159900643526984
0.084409751508664907
0.29456912010004255
0.97562781450837899
0.99821901578990513
0.56225527225338534
0.82707503635156443
0.032508423667036657
0.86534480830845362
0.75748419121786292
0.93782514587523436
0.23700824753114674
0.6642317862386623
0.68175047400605526
0.55403624256851702
0.44227180705995883
0.27519610068780676
0.83632233243304244
0.31685908278450392
0.35402047286930788
0.51513628289751767
0.18799159481970343
0.9581237753671259
0.25246275745913865
0.49926257661835594
0.035304250048229964
0.11661108084776758
0.33826796866080744
0.35237802387271711
0.2146873316479708
0.75340079110876845
0.93254420333020593
0.66446884914557902
0.36593910978787314
0.79051928672951777
0.56469308880228564
0.2166506015987989
0.10415807961603785
0.07057774796652351
0.31247571622396081
0.80774791308333893
0.0051456067007183389
0.67666651351596974
0.14133580305292584
0.47532256678429885
0.40610539067136375
0.57622458955790301
0.22939609397745855
0.64216874137062652
0.61420646433617565
0.71313955633856363
0.68411302801036489
0.31348343293403597
0.65474491173930927
0.034657267678163441
0.87517475292726987
0.089333946248123464
0.97412512244032501
0.38656630599389968
0.44909945110508021
0.37916482267315466
0.92668769208313617
0.8645039596453955
0.035884437668176464
0.35392909276243556
0.83541585605659385
0.49394524190130473
