0.618820
0.190041
0.578562
0.748162
0.709515
0.257516
0.174150
0.952686
0.607118
0.309050
0.744160
0.983374
0.712439
0.566669
0.404215
0.125591
0.398279
0.018508
0.161615
0.412211
0.495715
0.952127
0.768296
0.930848
0.111860
0.270485
0.239474
0.642050
0.072834
0.982089
0.037692
0.412010
0.302115
0.887207
0.573890
0.074442
0.113363
0.971541
0.442272
0.143040
0.587228
0.545051
0.819218
0.573657
0.093388
0.039542
0.415032
0.099035
0.522357
0.524848
0.759746
0.613497
0.755218
0.419690
0.711737
0.578445
0.277805
0.074773
0.090476
0.523602
0.551151
0.309383
0.754650
0.616217
0.819218
0.544247
0.840329
0.044294
0.711153
0.105605
0.461100
0.626043
0.285586
0.897538
0.258098
0.133624
0.166013
0.151826
0.029942
0.491186
0.410504
0.005272
0.226090
0.583945
0.539774
0.947762
0.158442
0.570975
0.058828
0.930232
0.932948
0.280510
0.536800
0.465495
0.044215
0.107455
0.557157
0.833192
0.828816
0.366033
