0.46088644903039278
0.32826646448282393
0.89276718717815728
0.44478625884990985
0.15121101307224963
0.64133828140462001
0.37345987412401688
0.94453272148756284
0.63789813108035887
0.40252737425616952
0.25570247436307297
0.73750051094280367
0.91777389225908435
0.95864191262354093
0.044515867537489054
0.61751809068754437
0.54252496471653389
0.95760197639101396
0.72292658432669477
0.6471518529021294
0.46635465846383672
0.82666447220529682
0.63232436634769229
0.2018801045397568
0.90622090491611018
0.59298166872695168
0.13260720784236343
0.69801919903443999
0.33552787177992577
0.79843478170434201
0.45047166625229385
0.84528564673502093
0.5217916358701411
0.55947294950770377
0.81145565307635903
0.61018831875770241
0.10605594000580829
0.241129480545376
0.53897290910465845
0.92341426767304324
0.29304439432708529
0.41180911278929877
0.52043526761376668
0.49372423616743866
0.77176112669962649
0.1339650421532371
0.70963221940091059
0.24960950444430807
0.82285089936308231
0.10692861113703968
0.68175047400605526
0.88116873907701432
0.95423049791269365
0.095111028469542461
0.15721691143568955
0.39005740174221198
0.32368691149787687
0.29280417454593616
0.11492111989526237
0.31163770792498569
0.54286913730647601
0.70506415752913676
0.31155399488388785
0.74175252360254862
0.79356586853952427
0.44321382631541073
0.49505093478129125
0.68954121953892744
0.66328347036374502
0.55623210910629917
0.21978298392585893
0.22866546182417735
0.77387865783153853
0.40411526657091662
0.067218599643372567
0.35851722267550779
0.27207411310982271
0.50293272804837508
0.57179102418764205
0.14567513269852153
0.073886098383903753
0.76807155504158187
0.53622852751408745
0.9461005103064446
0.16061748454259672
0.058582868178097672
0.2778052686842824
0.32566877700170227
0.17677326695266923
0.21576219783594758
0.8365235256349719
0.37583025765672645
0.9773669185189876
0.68186863474726933
0.44783475834971487
0.41989308700306371
0.44185347952198506
0.35365504624772592
0.72350747197952991
0.056593234654695811
