0.19818424746520727
0.033640135320257794
0.44772945277262166
0.85931943934776722
0.10361161869444373
0.055204581736283877
0.68541181887024227
0.64916887649405275
0.23059563229409422
0.13658653450849259
0.2518186040294107
0.72606099816029324
0.96911520128724116
0.74037496942734182
0.53782881619894585
0.8184879531201219
0.60983395245860983
0.45407095047952151
0.33245250648954611
0.93724233091140041
0.47055802382056666
0.44583620855144901
0.035702990736092448
0.42806760549267825
0.2317330481211051
0.89629207276734024
0.1608165013166909
0.42786215239208586
0.41695209912051795
0.68186863474726978
0.96841307493739037
0.97002263502301489
0.24425676466430485
0.11131460788501861
0.5902793471516361
0.6832862945799294
0.89081423512313707
0.92836669138914085
0.30203348987801487
0.63185012683571451
0.55623210910629917
0.50941117033875916
0.90772480313557213
0.31030021482470754
0.51479878791395872
0.92933690856533513
0.96783574256839744
0.48876342716611143
0.98289166457378219
0.44195804132413097
0.49859653473087528
0.26058472481960093
0.36884171677616429
0.00096614683747494234
0.16352355866011542
0.4326015744440897
0.10819633978946386
0.52269664607809119
0.027944794506314173
0.57015986029238164
0.62296303473472914
0.65652422318296666
0.26279362630483072
0.039941653309861248
0.46120720457297681
0.83642294023882191
0.70682220281694397
0.50885130752443897
0.20648633892707516
0.11015862066528219
0.3379135533942228
0.29618031690348778
0.69036649866002242
0.28866316559899863
0.49494031577142739
0.76818357559287931
0.68446728802887213
0.38821245530192333
0.97566563230069381
0.54126363685023948
0.61456117522654286
0.56946117156201903
0.20260183495016712
0.20056233490489139
0.80305471290078989
0.86636960108876737
0.95905378563692012
0.081446454762895734
0.76537910448557733
0.44552108439598181
0.32360093441488402
0.11778784467600173
0.71372353016664025
0.11843754833027251
0.90960784161049091
0.18019406158577136
0.84498989937695623
0.50104058714441402
0.12478683572133673
0.90685553750983439
