0.750898
0.679268
0.559010
0.317452
0.112371
0.382902
0.282065
0.392396
0.756238
0.296988
0.029811
0.574473
0.166987
0.279890
0.479238
0.942322
0.920289
0.950543
0.659371
0.895458
0.807216
0.762116
0.306560
0.555307
0.347571
0.295132
0.563880
0.007730
0.163221
0.990300
0.944593
0.579029
0.118208
0.267030
0.543672
0.448678
0.678677
0.716058
0.266059
0.399560
0.684349
0.113548
0.322656
0.610661
0.421623
0.378974
0.361752
0.661149
0.673353
0.041878
0.077913
0.364167
0.112958
0.664824
0.380121
0.941136
0.961723
0.671577
0.436435
0.913011
0.727568
0.911472
0.466032
0.775880
0.904465
0.779537
0.362494
0.022233
0.170877
0.412915
0.250178
0.075361
0.185904
0.748618
0.118093
0.105155
0.277420
0.322056
0.110663
0.165502
0.313147
0.368936
0.911781
0.420910
0.285036
0.430434
0.171927
0.605938
0.087440
0.471206
0.103919
0.297555
0.483388
0.740145
0.373555
0.706588
0.394742
0.710685
0.395723
0.836121
