0.015373
0.338800
0.064941
0.465495
0.856171
0.032260
0.660438
0.643474
0.683404
0.535657
0.235647
0.338623
0.231867
0.444262
0.289536
0.881434
0.577276
0.011671
0.316944
0.111714
0.148212
0.292644
0.751467
0.931529
0.460780
0.373555
0.902532
0.462277
0.537028
0.352651
0.878143
0.418472
0.000364
0.474997
0.709983
0.467969
0.267404
0.127090
0.586876
0.284800
0.136673
0.656761
0.651067
0.190098
0.859129
0.910542
0.742326
0.647508
0.079111
0.915598
0.343167
0.675128
0.193439
0.437474
0.783509
0.500818
0.815560
0.689305
0.564577
0.371005
0.150080
0.964290
0.516938
0.814195
0.411006
0.768967
0.547235
0.952351
0.138023
0.935608
0.248688
0.961426
0.453859
0.740490
0.704595
0.774880
0.622371
0.891070
0.535543
0.688008
0.186073
0.400054
0.203145
0.591924
0.089813
0.947879
0.080326
0.344601
0.041267
0.055243
0.937177
0.742211
0.673471
0.411910
0.443842
0.317622
0.454814
0.434360
0.179538
0.676548
