0.254259
0.504716
0.658303
0.104845
0.336057
0.952407
0.624503
0.039414
0.276345
0.020677
0.966845
0.593099
0.936199
0.498042
0.837829
0.550459
0.748846
0.824710
0.061080
0.609362
0.027516
0.882493
0.552074
0.610897
0.009624
0.729999
0.995639
0.895207
0.898034
0.665773
0.787679
0.220105
0.537829
0.226287
0.409402
0.607354
0.429713
0.448467
0.073811
0.526550
0.748162
0.532463
0.894872
0.215636
0.514686
0.173778
0.602989
0.589575
0.750328
0.358702
0.337029
0.598040
0.341648
0.056120
0.462063
0.780863
0.962117
0.798543
0.256137
0.286530
0.923917
0.458005
0.198243
0.119669
0.453329
0.025842
0.743243
0.089125
0.621897
0.321970
0.273441
0.521452
0.131975
0.523942
0.847350
0.263829
0.492951
0.267928
0.126399
0.531438
0.692605
0.421623
0.499374
0.128112
0.751923
0.319748
0.154646
0.452693
0.506056
0.022626
0.956600
0.891750
0.264719
0.327312
0.270636
0.178341
0.159428
0.769527
0.775325
0.684585
