0.05801376077716746
0.22510526852955817
0.87381556842435404
0.20098086768652146
0.38753410318834108
0.43893120149392684
0.47163881335377844
0.23510389596841938
0.43167199956580116
0.3972943344773765
0.73208051396545049
0.65569390016616691
0.79865037756861812
0.48448262823890631
0.11051873159732373
0.1472389482186176
0.59627476964050075
0.73115595851348525
0.90653847759038497
0.13121936276090254
0.67501007800827284
0.076523471622320857
0.24932554785625927
0.54286913730647623
0.018168690025399642
0.79789549072583477
0.99128324521606304
0.39582081208461534
0.1688447686843686
0.20679232611252654
0.20968647168338914
0.89512308950839403
0.95754959512351201
0.12470668465806847
0.73323540397413733
0.94580090752585244
0.30490867967029983
0.032213474550517221
0.844595239170289
0.4368503363527283
0.23968075811647993
0.96863348894628742
0.44952143546269641
0.99821901578990513
0.36959318114714501
0.12319226702943338
0.72327514063423126
0.94050685153173585
0.75771059758590753
0.84508850545233027
0.36258697710753862
0.13336952549326389
0.44646681434110802
0.29481039273534432
0.070023552754690924
0.71068503873899802
0.20642518525864567
0.92801854037080111
0.60829871194656926
0.57657497924345069
0.4676460060145583
0.46334847199914619
0.44878310055394688
0.28810901328555111
0.27765128067901895
0.26695478501689385
0.82108924890609403
0.87390637466978682
0.80891567095710104
0.28969437699171674
0.56411238260431351
0.19889525943536582
0.46861568351364835
0.2095626573396645
0.79291411367749731
0.85405744579463727
0.4524811800981221
0.85318916911871978
0.17441617808571633
0.97794115201891285
0.2689035522589181
0.41563760832898689
0.60652800203682067
0.067264887965714726
0.98698000580514067
0.57365671322537903
0.11399152217811249
0.69142726226798512
0.86178009412402101
0.66778699319388779
0.30105221355610268
0.64928752384088417
0.063850311435170892
0.25955873966571913
0.72071743104402775
0.4972656233118159
0.5496526944022907
0.47250432101187279
0.9232703037757497
0.60723619131236206
