0.506391
0.962558
0.571908
0.330355
0.305651
0.031504
0.257661
0.672406
0.144489
0.733235
0.149424
0.419284
0.807748
0.774324
0.102156
0.385310
0.972201
0.851641
0.549653
0.756125
0.004359
0.441853
0.446257
0.709047
0.124227
0.515136
0.031070
0.405408
0.795842
0.567483
0.304167
0.682696
0.119206
0.304414
0.440704
0.339510
0.000620
0.512888
0.858844
0.552074
0.039713
0.617281
0.850183
0.689423
0.544017
0.718273
0.498042
0.463992
0.790737
0.337825
0.480329
0.706354
0.687300
0.346039
0.066872
0.678795
0.646915
0.474997
0.472613
0.686828
0.026034
0.049447
0.115933
0.197534
0.161665
0.055321
0.195536
0.346489
0.575407
0.618583
0.980315
0.504940
0.408101
0.100088
0.995293
0.888329
0.030619
0.511990
0.510083
0.285900
0.364074
0.580082
0.213114
0.410203
0.084637
0.495604
0.365192
0.970407
0.873179
0.058726
0.719554
0.725133
0.602046
0.706119
0.894536
0.271847
0.147100
0.655101
0.080271
0.939874
