0.614679
0.321457
0.174896
0.156875
0.939238
0.184784
0.400548
0.008633
0.525642
0.254187
0.295696
0.170302
0.074214
0.087498
0.274432
0.810822
0.120561
0.291925
0.922186
0.207651
0.176289
0.320773
0.557157
0.641576
0.542754
0.659015
0.262351
0.238650
0.227342
0.527344
0.927039
0.347301
0.152587
0.365379
0.434360
0.607118
0.401141
0.833901
0.253180
0.012919
0.528139
0.241129
0.761778
0.302443
0.863098
0.931053
0.518291
0.318301
0.121341
0.941387
0.608889
0.318386
0.435916
0.175431
0.831772
0.062106
0.812722
0.472071
0.534858
0.494830
0.766277
0.207958
0.632917
0.986303
0.870987
0.672406
0.721997
0.963382
0.881611
0.520774
0.437058
0.898694
0.836222
0.814615
0.399166
0.950028
0.064316
0.557157
0.862910
0.182284
0.039160
0.134563
0.806684
0.281831
0.588636
0.309966
0.931053
0.676548
0.477387
0.657117
0.502821
0.232740
0.324548
0.931529
0.224320
0.804445
0.861497
0.187030
0.833598
0.500374
