0.271771
0.883021
0.902936
0.325496
0.036818
0.122638
0.329832
0.507061
0.319748
0.345679
0.356769
0.556695
0.742211
0.563532
0.921823
0.183447
0.421215
0.018662
0.239199
0.522470
0.857510
0.579731
0.495936
0.809658
0.211925
0.273822
0.433636
0.046839
0.286924
0.091753
0.177151
0.866370
0.386856
0.384057
0.208266
0.181071
0.409302
0.427451
0.988578
0.283704
0.728842
0.013757
0.182173
0.707525
0.178124
0.940633
0.599454
0.137281
0.312057
0.996970
0.330355
0.565390
0.174150
0.235240
0.917699
0.721066
0.107561
0.563184
0.298772
0.632087
0.045623
0.486237
0.340133
0.950885
0.837227
0.261319
0.259486
0.010527
0.373365
0.507173
0.551958
0.919258
0.207037
0.470990
0.781746
0.966021
0.136197
0.210741
0.127294
0.070844
0.712672
0.420198
0.265165
0.011703
0.034494
0.709281
0.615980
0.906618
0.314241
0.997235
0.474888
0.924704
0.164790
0.548386
0.946041
0.188786
0.385697
0.109907
0.145996
0.135120
