0.4758654694534814
0.20931520472492385
0.10525861964947497
0.43726607584434307
0.70353944825996484
0.81796619163728468
0.74175252360254851
0.31525246640716115
0.61007019337257717
0.20218057245540016
0.86036261210546783
0.83034731134757067
0.76582836994002768
0.80026513783910302
0.64038921728584719
0.89902366258983979
0.046955205466452161
0.031584891532747551
0.12056094728505135
0.84062805983144129
0.39965888854147091
0.63149446191800984
0.77164953918488322
0.98860127566899203
0.61598027761892826
0.84548269343509752
0.83521417153629263
0.32957067254389222
0.19512701398786397
0.7365794115094636
0.87254138463774056
0.061633749858282696
0.97381016040943924
0.59157144699386799
0.42611804711819906
0.0037706621513308057
0.49859653473087551
0.094543890377828579
0.39444853425119358
0.63113880993139571
0.22674803004440833
0.90098904202697594
0.1358084387289239
0.078683383050070485
0.30359187996202597
0.55785181900088388
0.94633954209195603
0.74496113671546382
0.079541029958137346
0.75362804289375462
0.57482356759408093
0.18878635508202196
0.060467838699306518
0.30211536669460065
0.84666298123203976
0.13430636261460835
0.79465079807955907
0.75305982738619104
0.69507821694297522
0.2797354755512057
0.96872140005999985
0.22256135571168792
0.7694149198690039
0.15050352947321571
0.83992999563019599
0.37801944083577155
0.50460481214340147
0.35621828221935325
0.29715009896823785
0.19280151435766948
0.054455140198507342
0.80986943281895285
0.042330129237903608
0.40242825543219873
0.36444679660140755
0.062148898395002344
0.66529851664656003
0.57004339616926636
0.05233600630353815
0.54436140703758262
0.44573115391692641
0.053040044245774486
0.90937348070811863
0.41745831369247483
0.72652485187444404
0.22992861509824439
0.97015096282570834
0.26058472481960093
0.37015742575344324
0.91672696120734543
0.14331077497571362
0.88310903801058371
0.22126564543114774
0.38031239397715838
0.42223405959693827
0.89495560229668081
0.3104671779716352
0.91484122193371387
0.53840075597911285
0.77953723429274879
