0.16322089962486325
0.21550890261208694
0.96555784618327489
0.59992472056703128
0.16201495689895457
0.4014378737421746
0.34004383891003453
0.60039597573252634
0.53440170832815226
0.61408823323103068
0.54482084484318216
0.17335342861085873
0.083448913847487233
0.39337235901537404
0.0017959473809101003
0.55982051733899918
0.22602405329548286
0.25404267040635709
0.088857010711001536
0.89462026156421981
0.93974706540452657
0.031515760673932684
0.95008523099831832
0.86729843838222809
0.39818004578050348
0.42806760549267825
0.73462007450502576
0.34093414378825637
0.77321050654899681
0.74003035708665665
0.10145095806205622
0.53645703659192856
0.31113566911550772
0.44499614264525611
0.17915667937279867
0.73335084335267109
0.4014378737421746
0.77820918842497766
0.33052936313988235
0.8350123980494919
0.26905389935090052
0.2848789353211254
0.50382421036502256
0.83369870957270831
0.020965777298285016
0.017057460400192005
0.63469587738047117
0.31584370776067555
0.20423335344740803
0.62734606802663673
0.6634020153476351
0.72559701277334032
0.45992486522332321
0.4807649831610844
0.78284799648810821
0.37573525886963149
0.0067835297763637345
0.25737054683195865
0.16002167572132445
0.64905022896561726
0.60133868099415455
0.43012518630413205
0.80337581531147118
0.25224789943241649
0.64916887649405242
0.98736061849851875
0.23173304812110512
0.93685219157279753
0.093356444466411809
0.60995207126960604
0.94616032246747173
0.57809394645028456
0.32731231761923063
0.44794007709354622
0.036937842230009156
0.76594065379584342
0.10344136838220047
0.62521344052792693
0.32765905758608949
0.94675645572664047
0.39415485344714407
0.71920431507180171
0.65225361578547059
0.3261871695980838
0.46067267517329624
0.88616697233122976
0.31365160914106788
0.24565670600455422
0.44227180705995883
0.2583899487308961
0.91836919848766962
0.74048982041476652
0.86655558176106395
0.80923375981864187
0.25003590555883343
0.31381984917862915
0.98746090083927407
0.80015760895190202
0.7399154665591634
0.29529336880449725
