0.100618
0.202542
0.337559
0.882229
0.526323
0.819426
0.471206
0.328701
0.605938
0.632443
0.530527
0.833800
0.810293
0.917251
0.068150
0.876977
0.013841
0.365846
0.443319
0.958331
0.863098
0.191302
0.164029
0.910387
0.694254
0.785377
0.820985
0.933752
0.831874
0.122757
0.827075
0.584062
0.873088
0.230529
0.606528
0.671814
0.352196
0.543672
0.261172
0.235511
0.336940
0.539087
0.736925
0.597687
0.663283
0.368373
0.395625
0.513225
0.084980
0.357596
0.243629
0.414527
0.765941
0.786693
0.914689
0.279039
0.331927
0.095872
0.924418
0.424174
0.863661
0.109764
0.922041
0.783729
0.281676
0.221007
0.533261
0.080081
0.700722
0.365939
0.464206
0.488104
0.122796
0.630902
0.324892
0.163120
0.895625
0.634103
0.470882
0.196886
0.560864
0.412211
0.100950
0.826151
0.500818
0.053885
0.850572
0.018760
0.819113
0.718622
0.523263
0.313904
0.272985
0.437474
0.888587
0.697078
0.863755
0.411508
0.656761
0.205998
