0.71477425173285225
0.18511956813110148
0.58535140391170626
0.77787684774580557
0.94250776770592037
0.87912541630594365
0.41040384530860269
0.36435365850592527
0.21818035919724862
0.086100590610863101
0.2616137861865902
0.77576899911268526
0.34612901420731557
0.12362900273382323
0.095617682224256317
0.46270556381694616
0.71605770188496254
0.73715517001576458
0.93415217117534843
0.82850934444789837
0.91769932846366498
0.060069764605837885
0.98574043968570113
0.54355770497131672
0.51817774094126223
0.82326454552757644
0.23341370715855339
0.68163230987221968
0.66719457392541115
0.95318522773886583
0.53782881619894618
0.4414353662997782
0.41583968076518885
0.98700560424313288
0.028109807481686407
0.6456094216570829
0.99034247005041542
0.17521678466692467
0.1049480631202598
0.036053692109990688
0.4788022987536209
0.94263160635214727
0.42981619624447315
0.1914171018314213
0.95537045283415711
0.71465753250439246
0.38453883197069066
0.87098692868874383
0.19038413128097553
0.60511201167565076
0.9532405705420588
0.49427683362796082
0.39818004578050326
0.32317128779490883
0.49815272359789309
0.98617046483710968
0.50427020526859889
0.033701350104494661
0.59756944361481623
0.79595050375666554
0.59886463789566546
0.89712337722563074
0.4648503436253375
0.88961770888666791
0.76986227835104726
0.087968870328716295
0.48909343843325748
0.46485034362533784
0.93527889293293009
0.94592085701788031
0.8440025426622374
0.5056092003246464
0.59933574419226643
0.25447486627773097
0.76807155504158187
0.88529692252539949
0.39249319171973168
0.18156658935171827
0.0078124182103050718
0.45992486522332299
0.10629965457551677
0.070481082166417144
0.022566943949132237
0.26740355390508097
0.69566665919925574
0.72698857306049436
0.40431401633747543
0.90590282013446033
0.41321720154687525
0.69931223181782665
0.83712656662652007
0.74975859443900006
0.082358841452884621
0.24202971065273862
0.80986943281895296
0.19176244144250953
0.54850098447536333
0.67926833347290039
0.37440688036193764
0.89141029695166463
