0.735658
0.926124
0.958435
0.666010
0.264868
0.654864
0.676193
0.267179
0.722694
0.778652
0.958228
0.777766
0.528139
0.873816
0.202542
0.239956
0.941324
0.738191
0.972405
0.825225
0.971665
0.863848
0.293205
0.817757
0.001477
0.439348
0.812194
0.387922
0.423050
0.470882
0.881080
0.714774
0.344870
0.105501
0.752491
0.266731
0.868132
0.376876
0.243141
0.721066
0.655694
0.991806
0.774324
0.806578
0.115332
0.749188
0.952183
0.314325
0.271923
0.144534
0.430847
0.218436
0.240853
0.136673
0.950657
0.823988
0.946340
0.438515
0.572607
0.841623
0.592041
0.768072
0.633036
0.408401
0.291206
0.842418
0.600749
0.402825
0.393177
0.598511
0.795084
0.491186
0.992703
0.008495
0.480329
0.323515
0.501152
0.933150
0.255558
0.622608
0.190900
0.689423
0.061805
0.690131
0.935081
0.550690
0.905025
0.792044
0.990511
0.768072
0.557968
0.105328
0.852609
0.389474
0.243559
0.271090
0.976266
0.209192
0.012323
0.560748
