0.111860124007521
0.44552108439598159
0.32368691149787682
0.40810133738367826
0.92058246715167757
0.98850692641633253
0.44604635754843924
0.74656238866308966
0.11680018552035609
0.39768783615230924
0.1554669142494858
0.12959533327178918
0.081584110208048066
0.015174973402763262
0.86290987687419396
0.820154231832813
0.90115201108289367
0.4323949060576287
0.024682523722705015
0.91046466545281357
0.23456199740071709
0.8987767286434788
0.52235719584235407
0.79139104738922628
0.99345015752145205
0.3598088808420154
0.9060619264981582
0.32248468113294576
0.3899601644662517
0.96221537055422635
0.1439440922407349
0.75408240829098228
0.28810901328555111
0.42468475121674115
0.73784576578840544
0.89745503661552983
0.96457391850979968
0.50583251300016496
0.727220383688016
0.66636510656813974
0.94082191086587164
0.15908211287615559
0.3200042771445421
0.3739331858960549
0.59580411054137361
0.085811894713136577
0.18456067446825947
0.57342341560255483
0.88867348005388991
0.44888853761346514
0.11997858070223906
0.38879448534579331
0.9078036342968735
0.52292299372898465
0.6642317862386623
0.12228341451000808
0.069951557369842723
0.93234178688670799
0.096094841780374529
0.2710897695121266
0.70048716584473625
0.68871573441956957
0.033530209904626969
0.83481053570830532
0.61196058670190334
0.255196441896404
0.06591146555446524
0.26131945460763895
0.80625844451529771
0.54585505424631742
0.71348996103096596
0.76098803622479749
0.59439256190098233
0.27588497902504244
0.05335781196027136
0.33280299393608515
0.49604700146041403
0.022931440858141236
0.84979356883953139
0.12354949653884917
0.28834641154398349
0.83642294023882191
0.095395727481171935
0.58429659899171504
0.1577549338389832
0.8160837510749579
0.84350798345557398
0.68847984428710052
0.85550009139700633
0.87535550537541318
0.12366877246207132
0.95775890052719748
0.24509598715075143
0.36743537840775348
0.73150273332758164
0.976673293149106
0.27427959286712944
0.85434642410638251
0.87661764732411451
0.13248052010857464
