0.066918
0.108586
0.745076
0.621661
0.241891
0.002489
0.054742
0.258901
0.259998
0.156827
0.118975
0.118170
0.094356
0.203205
0.423254
0.402627
0.736234
0.928575
0.192397
0.321115
0.132270
0.887639
0.298203
0.383961
0.537257
0.741293
0.308800
0.257807
0.647033
0.224516
0.940822
0.029002
0.960928
0.683050
0.755444
0.643948
0.182671
0.848916
0.825328
0.783619
0.084381
0.156000
0.473371
0.098839
0.968059
0.533489
0.159131
0.120717
0.901884
0.505386
0.613497
0.245236
0.073710
0.473696
0.226880
0.381366
0.730693
0.446151
0.512214
0.743587
0.591336
0.838230
0.642287
0.732543
0.381175
0.836322
0.787898
0.706588
0.203084
0.284487
0.146363
0.659015
0.398574
0.524169
0.801554
0.941387
0.960124
0.340044
0.536000
0.436123
0.519983
0.164891
0.407003
0.828714
0.861308
0.769191
0.503490
0.921095
0.342362
0.474888
0.558083
0.716991
0.919480
0.639677
0.318727
0.516149
0.285350
0.072984
0.039756
0.820674
