0.048994751427072422
0.35667729088315936
0.88459877786694896
0.16565536537517253
0.93220666753892689
0.36472630373641135
0.19448523515037794
0.64454159815982681
0.89064366178236876
0.21588893447917135
0.76211578427181392
0.27056084517126217
0.16540036531354091
0.65272816762446595
0.96333338450990658
0.40520911296095952
0.20826614784226363
0.94031738707565093
0.86942459898729352
0.29674574380842045
0.82501885535955721
0.91247420989239014
0.77909478727801917
0.94056993488786889
0.44583620855144901
0.61929304652357064
0.35301615173929035
0.001532191675571574
0.95992123273355123
0.94705316592162647
0.10823174204634638
0.2839386085852178
0.6067640509322334
0.30449674061838305
0.80933975209998255
0.77176112669962649
0.3620302401730342
0.73945580607704375
0.16171464224762985
0.8184879531201219
0.69272326587678079
0.38069540370744803
0.11358458472986781
0.63777951660065946
0.13490547173698625
0.085065329125485784
0.45110574147528548
0.57891225907721044
0.90717208402914706
0.99906076972930691
0.48152927813643787
0.89217449750557909
0.27481394517173391
0.92334230275739648
0.75771059758590753
0.53908736525130285
0.76549144032569749
0.72559701277334032
0.31745244546710799
0.52813934976686927
0.35667729088315936
0.1129949424584991
0.7464480822795666
0.077333673120566104
0.78592571687126789
0.48514007631621225
0.86877901290833603
0.44289969966158738
0.70518140212237113
0.55472938382548087
0.80785416557006118
0.57599102611174757
0.090990851583590285
0.31214032136992625
0.10763128460416396
0.94392323590710203
0.93788972560660566
0.43872287143238575
0.089363830315259921
0.42366264737407716
0.2018801045397568
0.81440513459253105
0.61763640286805321
0.86525148632991777
0.93361842918092686
0.29264410777153116
0.65640560816017723
0.77942664464307687
0.57599102611174802
0.038281225720872836
0.60735423522349752
0.36790377249763467
0.52292299372898488
0.30056243762333895
0.2393368237043095
0.20068184361191682
0.61503416371605502
0.93455100023070103
0.15416523135896021
0.45279890094179776
