0.35990125880261636
0.34603899858496767
0.010285085560915851
0.73023083858957472
0.81061019729583772
0.26190836908865134
0.033762668737243158
0.93782514587523436
0.26538856320856813
0.068879634451532598
0.58722765912048946
0.35411186860843297
0.66506147728598197
0.42253995361790475
0.075875656572706743
0.90788243325046813
0.39249319171973168
0.69707842253297547
0.59968911761606858
0.59874687178952413
0.30039930671214649
0.16002167572132453
0.49604700146041403
0.59651012564568773
0.60570194402384625
0.76986227835104726
0.97428174432610581
0.49904051935981575
0.51581154096418591
0.83843037174179813
0.028244552529612985
0.86627657084659049
0.8913252353410096
0.54241025704970791
0.62189732426801836
0.12032770645771608
0.050953593620954481
0.75623810268957303
0.30921651094779523
0.7775443761498777
0.97725824597274713
0.78910046935709144
0.94337162153739151
0.93381884608500598
0.88284527329078977
0.694018720109431
0.81124440272241161
0.60122082874459859
0.77276479317232849
0.33052936313988179
0.60558395022998601
0.74599075055445496
0.87571667593149882
0.20146005639071923
0.36147406176669455
0.74918846908336856
0.28905946666320081
0.84872021065210879
0.52405529989636701
0.97729450541741736
0.17839545491669917
0.45100002965199337
0.73034650921392719
0.70787637790613456
0.59651012564568773
0.8594144015606201
0.93600251605677531
0.13269172424090542
0.14290489864929226
0.081584110208048163
0.17855834889014341
0.88310903801058382
0.13417827995715306
0.9060619264981582
0.96102809792340982
0.62355517312558084
0.0030264653328928577
0.91316466549828568
0.50204192494767264
0.36314427225265705
0.97769103338254026
0.43280829774432544
0.55138171988875251
0.63777951660065924
0.22004026980932628
0.98477050604702432
0.38637292703926812
0.080434260364080967
0.35621828221935325
0.91385245827415496
0.43997366134928695
0.96509131890525035
0.860173175636892
0.90740915661280874
0.48810371117251428
0.60440421476921302
0.83238129782378634
0.75827640313984468
0.032543986472969307
0.96620484919939464
