0.405707
0.676903
0.142455
0.111496
0.068455
0.177691
0.687418
0.466677
0.401735
0.298122
0.786255
0.934086
0.072462
0.088560
0.875265
0.425811
0.964998
0.466785
0.288346
0.292964
0.128728
0.175591
0.380791
0.970449
0.735197
0.248617
0.367061
0.317368
0.980645
0.166987
0.574707
0.464421
0.284095
0.613615
0.589457
0.480110
0.140846
0.410604
0.175110
0.819634
0.641694
0.804552
0.813985
0.382806
0.041312
0.216905
0.180687
0.926899
0.328788
0.843706
0.166320
0.436850
0.554614
0.331840
0.535087
0.429301
0.298609
0.825842
0.252320
0.733466
0.574940
0.419791
0.638966
0.675602
0.866927
0.744503
0.150221
0.904945
0.292644
0.597334
0.347120
0.355668
0.519419
0.262056
0.922114
0.215572
0.980612
0.020149
0.442272
0.278731
0.670511
0.424276
0.860363
0.729999
0.574007
0.449521
0.853093
0.825019
0.248051
0.906697
0.174469
0.272605
0.430228
0.085151
0.477496
0.143311
0.357321
0.431569
0.020561
0.604168
