0.0091814683130591306
0.5737733712315739
0.75021449620518033
0.99053148427660009
0.84429899670106723
0.71278909077271213
0.59980691703101185
0.63398437188978018
0.080897913069525901
0.53508650353152554
0.23354857128221485
0.90952975373129719
0.055127283602416449
0.73069346867947527
0.40491061608966517
0.37859185786094124
0.65106720465429446
0.41725578516715656
0.23823881389188015
0.42930148934633883
0.71056808460101939
0.49482970779565938
0.5826566524318767
0.86450395964539539
0.35055902941533923
0.29690743799082076
0.8378290901473292
0.41513267719989194
0.92815790454277969
0.076160084446697862
0.45396487519577633
0.30639496579728809
0.93923768690376208
0.1740967867364645
0.42437797295732804
0.64181282691968256
0.80101734991751417
0.73646423138637584
0.83136538997460341
0.35019598275413222
0.86111932659080637
0.70189637640489755
0.36165939249065843
0.57097528735027459
0.55472938382548076
0.85134956847666232
0.73023083858957472
0.8367246291424375
0.9811018211204755
0.6426433004976202
0.25904689987596879
0.17150656679015627
0.70412599051880909
0.93441819802078663
0.22068453104076893
0.82553368622120971
0.036249908545109732
0.85808260474658382
0.80155411725517223
0.28261040033230195
0.82129680763137969
0.54861612013801353
0.42223405959693827
0.094606757207129091
0.99124364155447642
0.11015862066528206
0.35420327997856693
0.14714656551521668
0.96980803040325858
0.20820457043612245
0.20838934656939753
0.13624024325115863
0.50460481214340169
0.82243692466091056
0.087469112832032833
0.14613360456710878
0.76907925953634726
0.051368375111323625
0.2018801045397568
0.60700011404997789
0.48207555429058047
0.68918746517823837
0.59274658471345054
0.018299375096127134
0.91007568741709388
0.38889154285049132
0.41999471306074976
0.53862959167870916
0.89293625509669161
0.4643136797658981
0.62237095101640116
0.62675361027511944
0.51176538565185992
0.940569934887869
0.95644113295976207
0.96211723676949168
0.30474385614293981
0.65332134568286893
0.23247136541440624
0.29991029716707152
