0.20104071576862534
0.97551414773138645
0.37735231386967677
0.84212011136791953
0.66660210661538977
0.73046217111266598
0.11649774622036141
0.35750448886369812
0.071209002956158382
0.96192052982329379
0.25751598777264656
0.84032902715290447
0.051477087783272979
0.33140256705237514
0.51614930369966905
0.35411186860843291
0.7514673085703063
0.18528750726007071
0.1562912429843103
0.43768203234519654
0.18019406158577136
0.54206618374236182
0.23139805797843258
0.58863571094061373
0.72687265523529088
0.44153987449958121
0.78493776722362629
0.44227180705995939
0.39542843586881365
0.13982565663321667
0.68800801501110354
0.28401688163817307
0.0082950467545768458
0.97002263502301489
0.80732271849216763
0.074391707189580408
0.32783252294463844
0.38898861534849155
0.3391551135817007
0.22451618090627251
0.37459646525205892
0.45322271029614836
0.54654488991868455
0.25926616571445532
0.78691240398577422
0.47445454651509666
0.9037424028371619
0.88214063046903457
0.35640183888882399
0.27481394517173396
0.78438836460102279
0.95054298617193056
0.44112192217781621
0.13828553333660643
0.43757802288850356
0.50694970273850237
0.46850789230664569
0.045639291017738316
0.15638846481488922
0.77487993643288455
0.12275686995845991
0.90082594764736657
0.34102326111761483
0.12462657819045307
0.42796487199887323
0.81733942247632818
0.32835330046742156
0.82779271013995159
0.56213926152314087
0.6708667420723371
0.10005472276286639
0.59251151942500413
0.26509102306224092
0.53862959167870894
0.61751809068754437
0.97703994834874852
0.1317645890544894
0.4751054896464797
0.85540409005508344
0.20722132125170076
0.24251552867723056
0.4040159136030903
0.65130449012459424
0.98728507175083369
0.56631996345102231
0.73727029320003834
0.92182318270047781
0.049938884443267481
0.20194016921168623
0.18573595710224791
0.57973085291485749
0.97325345697129528
0.95754959512351201
0.21412001832885091
0.15373338854162888
0.55623210910629939
0.66209793793524008
0.17942919508440547
0.29392642839177191
0.28810901328555111
