0.3081355053175211
0.050275038407825115
0.35392909276243556
0.80026513783910302
0.49970682078919881
0.75974608022681589
0.39631161594653813
0.13995834748080632
0.82347124512415348
0.21481356416125463
0.48821363541813212
0.37185347965183452
0.35028672089894347
0.54470597319173653
0.22223686582631857
0.39268845793035695
0.63576321252570311
0.31314727201818693
0.4234583948470298
0.50427020526859878
0.4036186478976867
0.1776369074906598
0.88196418159885903
0.89803425179313889
0.34892729587474947
0.46206310772681825
0.027811390540711418
0.69601966640844037
0.047005226057663697
0.75601138686373348
0.98843583631967946
0.93173264782445497
0.65664283732503992
0.73508133729858338
0.89064366178236876
0.18411455926484518
0.85884424437095563
0.56515777569214665
0.9917493945888548
0.99481726980685081
0.52530192395105779
0.26242449408567009
0.93448461673198246
0.046938542841735105
0.9900866663933483
0.60888912165894249
0.92456106684893147
0.9351468661412049
0.51975760276841543
0.41857323699379134
0.26412575750501166
0.10518953729473637
0.10724431392939823
0.3986726245987231
0.97974545438176652
0.43094976734758905
0.59168893943804257
0.90866864917544699
0.45396487519577611
0.041193602007140506
0.84577808590174353
0.71547442076544243
0.0036584189812615157
0.31432495225735341
0.028006567677160869
0.028948657861475387
0.71757339907386142
0.694018720109431
0.34829410604101396
0.56179127106935411
0.26308921506890298
0.88573231349311488
0.18195243866438299
0.51513628289751767
0.17308858343636782
0.32939657161563757
0.42622053012091876
0.023310150995362908
0.75782378276649065
0.30285297660839056
0.076810084036635695
0.13559297729915831
0.74003035708665643
0.16900038582940383
0.75714449185813826
0.86581102109627128
0.5624873145336593
0.080788603157088842
0.3398659674526015
0.16121515644588927
0.4668925034185456
0.49970682078919881
0.24321086537333589
0.92940594971513169
0.59886463789566569
0.95212678256905015
0.95279680633516917
0.19594631604921026
0.29999175884304008
0.28590020866504029
