0.56725019328161885
0.67193245930685075
0.94144934695063121
0.96863348894628742
0.75271876074308575
0.34361452679788784
0.38031239397715821
0.61420646433617565
0.78833536868053111
0.22866546182417732
0.58394509303556519
0.8026263265400233
0.031665723240583254
0.37659079756163449
0.98958419354462601
0.30714004903728487
0.50026236861894624
0.32265623725845843
0.58535140391170626
0.98183737718575836
0.56121142658903977
0.87589709383871595
0.71220484717832178
0.22004026980932634
0.19919212457525984
0.61207876326241761
0.24175243946649169
0.4594978240346389
0.41614289646935665
0.99084113574227239
0.47163881335377833
0.87454124343078754
0.11774972366854058
0.86290987687419385
0.91270465720942773
0.80540570860966298
0.73865102360235113
0.90147757288309482
0.47619135473315111
0.40730226140279485
0.83156874565728123
0.4352932500778971
0.048769926269512265
0.064293340089742426
0.43653867429050874
0.90906054587673379
0.87760547807850353
0.82717762463630051
0.5737733712315739
0.93494856141549199
0.27283311966333501
0.056395735525929219
0.10661372522528002
0.52745784081137648
0.94275530140685537
0.99354798190970894
0.82871390550382473
0.3104671779716352
0.31071774242304706
0.76447995235600885
0.39582081208461534
0.76907925953634693
0.78240734286199809
0.62556883527967111
0.93782514587523425
0.44384243979703697
0.66008221298235181
0.4782577877016122
0.56109547870720944
0.12872805901751194
0.75374165153551664
0.78592571687126789
0.9592076337056662
0.011586193863607194
0.77953723429274879
0.39229798514331349
0.21361674604771436
0.5262092700912937
0.050488416501022898
0.40481114630797643
0.047795320240090998
0.60676405093223373
0.44373763756034412
0.43125921279855228
0.99657308137205003
0.95417581237228222
0.27139235980551535
0.66506147728598197
0.67252444120111732
0.10118368997364519
0.93254420333020593
0.045997734646214018
0.10429509080207906
0.86140266812683353
0.71313955633856363
0.74770486465672814
0.92864458931147276
0.87571667593149882
0.55715748239253815
0.31449344759973746
