0.048753
0.085495
0.136847
0.274127
0.692959
0.894284
0.897703
0.831365
0.193671
0.357045
0.320516
0.552420
0.946875
0.712322
0.818384
0.132565
0.575407
0.842219
0.123589
0.808067
0.440182
0.618110
0.733004
0.877605
0.153733
0.535772
0.026687
0.174629
0.724320
0.748276
0.872906
0.833192
0.594040
0.729999
0.111170
0.268678
0.080190
0.995079
0.218500
0.468508
0.050828
0.878947
0.084837
0.333505
0.523716
0.500596
0.261982
0.399758
0.092706
0.010037
0.774880
0.876258
0.964857
0.080652
0.832686
0.723972
0.501041
0.527912
0.325237
0.542181
0.842120
0.969115
0.873634
0.324031
0.629361
0.141157
0.696726
0.026480
0.717107
0.970492
0.600749
0.987159
0.310801
0.652254
0.750442
0.987930
0.877605
0.395723
0.570742
0.254619
0.403718
0.538858
0.811456
0.187595
0.770533
0.481092
0.172243
0.960628
0.273137
0.957497
0.294489
0.744274
0.669564
0.808916
0.881169
0.478911
0.607945
0.898034
0.290967
0.988951
