0.84715375605040011
0.52439517566263227
0.93782514587523436
0.51930601950135125
0.80465861084640589
0.15459809884950501
0.51705043848750432
0.062516163538424888
0.99394515845993014
0.59168893943804246
0.29489084885738143
0.24314126227111904
0.53405942923254779
0.95173351085585711
0.81942586662098038
0.51423649546620043
0.27557865237659435
0.42683572086699501
0.25117571211613637
0.021154945674677066
0.48448262823890631
0.27321321639041135
0.24932554785625965
0.54505061250124731
0.35934722430248095
0.90937348070811863
0.017855944919321021
0.61420646433617576
0.26286749991082509
0.14376290142333714
0.38840640530468407
0.37830558084889854
0.12652090439890704
0.0068426424001811793
0.69484280641618068
0.16832690803915085
0.081501491934804521
0.79193536846210255
0.32171346689201891
0.57085877873704138
0.074012209223704259
0.23314416187246154
0.3806954037074482
0.42315212133164726
0.76177759102719766
0.066390334007816326
0.021862434311726634
0.10195376529362148
0.40025135408734919
0.30466146833255597
0.99086154148180483
0.041326700211786666
0.44762416036636521
0.34120154313288603
0.56213926152314109
0.33791355339422252
0.28128678736338031
0.54942228975058605
0.3337681426554272
0.17720465159445689
0.38966854245856852
0.65747311070164027
0.5009293808797588
0.14816548975403193
0.25325177040300861
0.3177069829575882
0.91732600837804001
0.19700381431579533
0.60393242501438449
0.43924379784645295
0.91400493881015721
0.33018052606946829
0.83197519607857062
0.57832772118877829
0.093979755040878937
0.2460778951054243
0.38782473542076779
0.87435999086762317
0.19112970714277069
0.41040384530860252
0.68859779140577548
0.51401164835356239
0.82336790562817008
0.99624468818048284
0.94244579454745381
0.3145777192041907
0.95574685512832447
0.3022791682316977
0.98669630104343242
0.56097953784898202
0.5669013074443825
0.93301528208461915
0.059033594613095
0.22412413331061412
0.74770486465672814
0.086913559605393473
0.71955360842880012
0.8365235256349719
0.93968351789421989
0.95240659732761712
