0.98028168073756405
0.8304492164938152
0.22327655442965494
0.82942919621406563
0.752491325988209
0.76784747405538245
0.5124388414308374
0.27642166100735427
0.26139301394398251
0.40491061608966517
0.51491127629506139
0.71442407325982726
0.41170864288251308
0.0402874389424435
0.40760180604796331
0.12733452492412398
0.31584370776067555
0.31432495225735346
0.59074913404637508
0.76031079068190033
0.26007134787375275
0.87481291419320784
0.49770908633412225
0.41755959929407405
0.028453035063920658
0.025349902135295189
0.22602405329548281
0.53405942923254757
0.79821911691011427
0.43716212061744808
0.53565740668738437
0.6946073768262786
0.29529336880449725
0.74816155385802774
0.99380410186041579
0.2335485712822149
0.56179127106935411
0.48120165282882699
0.20405155146808288
0.68009587293986473
0.78964649008811971
0.07741248777824962
0.95128187120061358
0.34155829656448089
0.028779034409542797
0.03535546648167287
0.021060161002005671
0.96342968813917496
0.8001576089519018
0.030663470391578802
0.68576595603768975
0.81419495749857906
0.43384273694160347
0.57634138019286552
0.62284461357617815
0.40471169111853034
0.28708194413998528
0.65664283732504003
0.54298387800823489
0.18118141505450588
0.26494234748268647
0.13654320685195967
0.68375873525964515
0.58546863084381551
0.03984131873227658
0.077123853429791236
0.0062756435681674697
0.76762333998513732
0.54298387800823467
0.4014378737421746
0.14503532951489409
0.98301312093752669
0.79595050375666543
0.20746678267295635
0.039230088256292484
0.81639793459752075
0.37849641697136976
0.63955881923296165
0.27611489046112925
0.24258499292897656
0.92456106684893147
0.31643573073676384
0.82676714486465908
0.88590626496720315
0.82963337224089739
0.39965888854147097
0.4230500582464381
0.7427847389433716
0.44667712207203669
0.93646077684773499
0.86375474729747115
0.54654488991868433
0.041237923897434713
0.95428514692115107
0.7266407946288912
0.37554530711654249
0.10675357377357399
0.9811018211204755
0.6324429296590135
0.023519194979585458
