0.15770595869419174
0.11259111756709805
0.82429721762264263
0.31525246640716126
0.18228370442665001
0.77975836929866227
0.12684581156872929
0.01479246433421556
0.54252496471653422
0.80838515032147407
0.76121368558581159
0.52700368565084488
0.74576202117015877
0.70553310054994867
0.69919470935628547
0.093139154718819159
0.34784229873422418
0.96606680803106659
0.93527889293293009
0.056692221210645787
0.95628146375808998
0.22536747693613488
0.029898442146850432
0.087439794374012988
0.45174028606510319
0.9278092348468896
0.38521391815512024
0.99296349449124233
0.44541606951761126
0.44436665070094483
0.022871728567174784
0.77610216244924568
0.10633451110483426
0.55715748239253848
0.50683793688846168
0.66340201534763521
0.78339847170173804
0.94225965978599979
0.47272081927008514
0.064783896677582165
0.29885274821705127
0.86822460271692414
0.070892740289188141
0.77621318827590269
0.61822800324370619
0.17092951683472737
0.8929362550966915
0.82367786224550088
0.46206310772681802
0.11391743893529424
0.4601384618944061
0.6253319034679703
0.042451436965407985
0.47445454651509666
0.1070337545566913
0.17077242043354027
0.19147462312180183
0.68458536737070308
0.55993638751783448
0.09144745606530888
0.87742612549195176
0.76650187732371611
0.1002862434373144
0.87245016513496132
0.044898132518325834
0.97947400970559528
0.64205010273598107
0.71768994070215753
0.00033544451672711862
0.87435999086762317
0.50918719439385751
0.15614550583317952
0.070601933140943304
0.055631497786951561
0.3907384816014936
0.55970465427234772
0.89124014368481408
0.29176488078186219
0.79475919924857164
0.45725919673543414
0.5002623686189458
0.85367179320485254
0.53428760650145013
0.74117871755811771
0.73092473118232237
0.82264395302238835
0.18895701846628335
0.31753727535153853
0.85289929753043137
0.5056092003246464
0.28668763424188881
0.48832357103905044
0.49937362146314601
0.32026024930744068
0.76335485669367709
0.32265623725845843
0.86868667847601266
0.56794814265401117
0.6341029531652469
0.24432661485591942
