0.73057782427233486
0.26830279538964935
0.823574564001329
0.45385881283509966
0.96376559832520792
0.30788642568538421
0.63161301546787696
0.86272184028612742
0.30293501310689619
0.6569986743529701
0.67808586856272857
0.087001068616169533
0.11645998936042186
0.93560834230363332
0.97822489393033296
0.85047508668467453
0.96783574256839744
0.7399154665591634
0.41170864288251308
0.69154510304221795
0.56492541873757052
0.90382283149860876
0.37983397340285435
0.76470481775942822
0.053507952866712116
0.44269034866357249
0.063850311435170892
0.29296430511707716
0.78482791755862846
0.76963862610401679
0.2627197684207277
0.55750461797295991
0.87390637466978693
0.57996478810056973
0.6498807574603207
0.061633749858282696
0.76683845433211917
0.42111353263121093
0.15619407214050629
0.27192250165638998
0.095967393313115115
0.57926305074806028
0.060320900869315082
0.33131517523683807
0.81145565307635903
0.42919858947842576
0.43955651561976616
0.48689529680343935
0.93593690877579006
0.72269417408366277
0.45715273577770521
0.65688006292144496
0.048237631193320557
0.81817495592458844
0.73865102360235113
0.95173351085585711
0.87796384516515458
0.060762693592175697
0.15488724722970529
0.23544307918946014
0.96012379955737914
0.68411302801036489
0.90366194248707032
0.30507356707308725
0.39818004578050326
0.015531385533601448
0.78339847170173793
0.74610509938682945
0.22992861509824439
0.53851516956562961
0.029964250752140799
0.28027771185012867
0.65818473583580539
0.87299706997225535
0.67654821497268958
0.87445063101295972
0.10840890588343871
0.15790193615503387
0.40560731291532859
0.19800681721793917
0.4417489311145788
0.66790547115345422
0.38540693563994544
0.66458737812575297
0.35246913804351571
0.90017231859974522
0.75374165153551664
0.71290591936996961
0.27139235980551535
0.44405208422642817
0.26658124459137761
0.271846719657312
0.65486353789755125
0.40074548003685123
0.06840801558204225
0.18195243866438299
0.077123853429791236
0.51536132924415856
0.9279488064243232
0.44709789604079264
