0.295132312957397
0.42121532823009444
0.17986593257185321
0.83075480239027888
0.32214175998237715
0.34137988828424587
0.25635421297938887
0.32913553935476597
0.93788972560660566
0.32137111913001432
0.55149705004043492
0.34057783234682887
0.47023402488649602
0.64620266274369575
0.16770722584151446
0.2855856842042554
0.94968278613697332
0.2037488384766557
0.16296904266131268
0.66162368454081544
0.86905585453401257
0.41482989004645837
0.31415652073851713
0.50795606240308688
0.44994362943149191
0.36481950372581923
0.66280927517990595
0.59063168004397792
0.2146873316479708
0.7399154665591634
0.28755564156550134
0.70729078627281006
0.53782881619894585
0.68458536737070308
0.047088702859947963
0.067079907906605951
0.34576904611415982
0.24911274354581672
0.50460481214340147
0.66470590544153663
0.02116286254559643
0.34031076456038789
0.84380478928178804
0.28597887957803919
0.4131165303881057
0.38203784873150221
0.98609047048233001
0.36846635416086876
0.56121142658903989
0.42817035287005017
0.65984504451365145
0.57657497924345102
0.37868731396682731
0.043729119053424526
0.58980963823721155
0.95853857813699983
0.019224926528729543
0.74312862774351285
0.48997396665471082
0.88961770888666791
0.69848946514445187
0.10095034041552196
0.25361103638763927
0.95184605643163234
0.83349627241294866
0.057349512363318852
0.48295020301345659
0.9402541608112065
0.68293192673919356
0.76907925953634704
0.82056999723231372
0.65794753149820062
0.44080859885351908
0.63149446191801006
0.53554320861390958
0.64667725740849313
0.93200372607076609
0.79486758367212484
0.34263007154356778
0.36678027459698948
0.59509825528968152
0.904865515717722
0.79508430222556836
0.40183385036993885
0.14923713045681397
0.43726607584434318
0.99453174059298033
0.91392871502595474
0.54907674142713014
0.57517374210381078
0.32515095707938652
0.70553310054994833
0.83853050601083889
0.60688208071816829
0.49848556566778623
0.32765905758608949
0.010021164409096714
0.18366933160524704
0.064404532890260657
0.28331299683475392
