0.987685
0.585469
0.350468
0.122638
0.953130
0.285429
0.323687
0.955100
0.270787
0.303345
0.810081
0.993804
0.247556
0.462813
0.163120
0.098806
0.893527
0.117597
0.843805
0.323601
0.934418
0.765154
0.846663
0.732889
0.284487
0.935740
0.758276
0.120367
0.142545
0.868410
0.518065
0.485688
0.235307
0.008240
0.234697
0.063410
0.084013
0.507844
0.240853
0.316013
0.505051
0.497598
0.418776
0.303674
0.545280
0.695314
0.469047
0.606056
0.407003
0.728147
0.897289
0.113658
0.933150
0.423152
0.101150
0.885297
0.948873
0.718273
0.721066
0.074646
0.262203
0.998171
0.594863
0.291446
0.465817
0.172666
0.143718
0.301543
0.237281
0.207283
0.193613
0.248758
0.849111
0.218884
0.392298
0.694254
0.658896
0.786803
0.669327
0.285743
0.253036
0.778763
0.117750
0.348656
0.771650
0.970023
0.321029
0.739341
0.138680
0.082054
0.475865
0.387922
0.034859
0.800265
0.796059
0.190671
0.142815
0.735081
0.100817
0.878143
