0.713724
0.567134
0.727684
0.297474
0.436746
0.804979
0.729884
0.891325
0.845680
0.286924
0.322828
0.758842
0.886254
0.860647
0.963044
0.877964
0.096510
0.417357
0.948989
0.829123
0.171454
0.002323
0.761890
0.786255
0.641457
0.191878
0.042164
0.023467
0.169416
0.600278
0.139164
0.561907
0.671932
0.258026
0.927179
0.604168
0.056534
0.448467
0.889446
0.522131
0.517501
0.103373
0.176182
0.722927
0.590162
0.928506
0.600749
0.536571
0.884249
0.324461
0.116121
0.273213
0.246218
0.932881
0.645491
0.104673
0.116990
0.982524
0.942260
0.289377
0.335440
0.042043
0.906221
0.049221
0.230729
0.937242
0.724669
0.634459
0.231063
0.555885
0.129430
0.981360
0.087440
0.825739
0.358702
0.746791
0.421928
0.404612
0.812511
0.159923
0.441122
0.625687
0.936461
0.016182
0.147008
0.944350
0.007685
0.700017
0.998821
0.335704
0.321885
0.417560
0.735427
0.872997
0.622371
0.565506
0.758842
0.501152
0.908904
0.593217
