0.10192017654242737
0.41715454224965909
0.88936054905424844
0.1052931757934898
0.18708665800248583
0.71197110303334776
0.89512308950839403
0.75362804289375462
0.1761815337362736
0.81880077089114245
0.81419495749857917
0.23666730473227451
0.18964093586171005
0.25846288062240741
0.45704628761233013
0.26830279538964935
0.4650650964597709
0.28058791063176436
0.89695736255575653
0.43726607584434318
0.83106019367735395
0.46538731912030007
0.96620484919939464
0.66031937655386341
0.32896159727543955
0.79659944537989569
0.80123210968193537
0.74404521323605377
0.72582902187248721
0.46045895189555108
0.7123217092681724
0.51840331877392187
0.35971651843044883
0.98619706459745937
0.15121101307224963
0.065911465554465254
0.26427408674007991
0.79062831361744612
0.048016006701213837
0.13121936276090251
0.98358267097503649
0.74827569909329394
0.34748113568028643
0.98552229091936183
0.43342879683922925
0.090899774488822124
0.51019540896326276
0.52768497368953926
0.092736808278323701
0.43033124875237422
0.28074310534582303
0.24418692992486235
0.54539532476384323
0.21111455979567781
0.072165455633090972
0.95997192938225195
0.93368526995505008
0.36305135097742153
0.30048086418453379
0.85645872339686813
0.81345872885953918
0.36799749757424249
0.51098014811712311
0.56876271435811432
0.442585693207727
0.45068297245202726
0.68623808554780119
0.80508563254983623
0.77053291003325053
0.37279788099507499
0.038990847591040684
0.89968078510693528
0.73980056618080203
0.72861054118866531
0.29698830902260975
0.69248766923231608
0.81113874911188877
0.89377977711945289
0.21805255187926753
0.56841357314339935
0.025368680323977308
0.076004823192785703
0.71687399727052536
0.834709571252362
0.23564677257461378
0.21148838401602557
0.56364794021662767
0.97032155930413011
0.99950606207565085
0.58335935710020648
0.5322352840045711
0.67074831745214869
0.91308807958175564
0.23072921795360046
0.77309909909433949
0.1144740900115077
0.4397650615403681
0.94799655548405737
0.95853857813699983
0.89208970682076738
