0.871262
0.238856
0.916351
0.231331
0.275120
0.321799
0.927670
0.526436
0.521226
0.400647
0.604758
0.499263
0.298447
0.156632
0.273518
0.945380
0.036632
0.780753
0.394057
0.367155
0.549077
0.205023
0.362401
0.616808
0.706471
0.530641
0.715941
0.305569
0.790519
0.061122
0.582422
0.955317
0.755331
0.876798
0.462170
0.142141
0.372609
0.479020
0.854443
0.008243
0.442586
0.065458
0.044994
0.973213
0.897703
0.763467
0.561559
0.889789
0.321542
0.405110
0.887121
0.758503
0.242377
0.519871
0.981037
0.002754
0.851447
0.440078
0.572257
0.935871
0.690366
0.667076
0.538286
0.962411
0.270259
0.545970
0.310050
0.418269
0.541952
0.849501
0.663995
0.880193
0.119283
0.948523
0.912243
0.378496
0.861969
0.402329
0.428068
0.701779
0.037869
0.776546
0.269505
0.328006
0.504828
0.808385
0.507844
0.542066
0.688834
0.959105
0.075438
0.702483
0.669090
0.491076
0.703422
0.172930
0.062842
0.252033
0.609480
0.259998
