0.55426725970380875
0.23673546266132911
0.57540722187023663
0.96112784298654641
0.22074903943393229
0.36472630373641135
0.81261616991955921
0.6539145093801042
0.17161165897445779
0.1429048986492924
0.46270556381694616
0.56364794021662745
0.61349712209101226
0.89030215575207761
0.61101528752803125
0.33526350842682534
0.66660210661538977
0.20771247793664063
0.88205242042397836
0.4432138263154104
0.81869651826060685
0.77454630385274381
0.79139104738922628
0.42315212133164726
0.20098086768652146
0.1864665893555072
0.7466766843999495
0.34901781436578327
0.55900962567756962
0.2204266470813635
0.9171764466576825
0.0073915984512522926
0.1052931757934898
0.25274945300786289
0.97703994834874852
0.70928116442930211
0.74278473894337138
0.8872071575709588
0.10111697013464808
0.6172814743018562
0.99351548207882989
0.13434908017647484
0.74003035708665665
0.38850340281384976
0.49228878284629363
0.65782892779707169
0.83521417153629263
0.039513291313867889
0.44300439519589296
0.70083954187027442
0.57949694044070987
0.99623338890191027
0.50004011717940178
0.43882702970993837
0.48262212234390667
0.37649567665678629
0.31626650156292052
0.2887423939443961
0.56225527225338512
0.75669139232406746
0.26316315157120296
0.38424973564365461
0.0085352769009410922
0.58699305492974041
0.39690106944450576
0.88538405921786423
0.54884641507013177
0.50259859712527366
0.65237225448282743
0.57307351527005657
0.14196166677246488
0.60570194402384625
0.20888272726271273
0.21412001832885091
0.52394202679704893
0.012576349133168376
0.54930709914790099
0.45662062296247885
0.85722381446624674
0.51198983047079616
0.32325718527808128
0.72420427511843566
0.076108298997530646
0.13473406388405323
0.01550187484089975
0.36987523422850982
0.54218086655522346
0.72362362575437489
0.56318360734762041
0.60983395245860983
0.19245464729255127
0.48656596919900474
0.6254503683886703
0.54447625428145541
0.44300439519589307
0.25253440796778959
0.31239184356943306
0.41695209912051767
0.33341695751559236
0.64691455509600893
