0.947703
0.128605
0.423050
0.137020
0.178939
0.303263
0.969894
0.732196
0.596745
0.695078
0.285900
0.326879
0.263829
0.036698
0.306064
0.651423
0.062278
0.123868
0.405408
0.564112
0.932477
0.432292
0.304909
0.490965
0.570742
0.103919
0.054455
0.253827
0.134863
0.468723
0.688126
0.496047
0.128563
0.572024
0.314072
0.409802
0.269882
0.122836
0.831670
0.982431
0.110735
0.835517
0.695902
0.935345
0.082109
0.620477
0.650118
0.245657
0.744389
0.109513
0.490745
0.650355
0.487554
0.787131
0.574940
0.850280
0.999467
0.554614
0.151495
0.294087
0.966799
0.359347
0.575057
0.161665
0.402627
0.992507
0.784828
0.308967
0.334032
0.286294
0.416952
0.780200
0.796816
0.020309
0.698842
0.288980
0.962460
0.054992
0.505163
0.268979
0.240784
0.367061
0.777544
0.017416
0.682105
0.213491
0.743358
0.724785
0.009377
0.862816
0.094074
0.065662
0.466140
0.605112
0.985740
0.782518
0.433222
0.957915
0.483826
0.393372
