0.427554
0.853479
0.067566
0.785377
0.045445
0.179811
0.750556
0.704361
0.901803
0.734389
0.950714
0.145996
0.109620
0.098122
0.037733
0.823265
0.250249
0.370440
0.853286
0.125873
0.068998
0.138944
0.408401
0.833699
0.783509
0.927460
0.344870
0.210741
0.786584
0.419690
0.329397
0.021498
0.934086
0.002649
0.989695
0.065436
0.461100
0.802198
0.797032
0.678559
0.887467
0.159527
0.559589
0.093512
0.701544
0.406803
0.368654
0.386856
0.562719
0.220814
0.129471
0.887034
0.122047
0.915296
0.986903
0.871811
0.902613
0.231130
0.881169
0.201400
0.445311
0.972078
0.119476
0.538401
0.950028
0.733582
0.107526
0.992381
0.054934
0.229662
0.513337
0.223798
0.126399
0.724320
0.637186
0.885297
0.972568
0.718971
0.129388
0.645016
0.564229
0.717806
0.735658
0.420198
0.460993
0.652847
0.477496
0.301379
0.028265
0.781305
0.595216
0.970407
0.372231
0.227937
0.190041
0.239199
0.637661
0.677731
0.699782
0.324461
