0.20599751787449955
0.90098904202697583
0.64359243850070635
0.056573456318398559
0.6539145093801042
0.18041308874213749
0.66837936295281786
0.70974922499477655
0.031309215354699001
0.20248140189629465
0.6351702375181707
0.3317522930051619
0.46915482394798547
0.48514007631621225
0.076992976313956948
0.95178980186428763
0.11023056047954288
0.12438652618080451
0.15469443093933213
0.57715908018756368
0.96102809792340982
0.90342037140887199
0.17844973924680477
0.36258697710753862
0.98785694211042285
0.69625498011125786
0.66814242108444011
0.11874436933996303
0.38213385131429289
0.36416742874841507
0.33862263692635103
0.43425689600415784
0.15045646382705308
0.089154828760327126
0.66826089303233749
0.40381725151182651
0.63279862766346739
0.90542473418219405
0.83379989511277564
0.35907041703968734
0.37497581855891005
0.010600711420889076
0.29731195275774341
0.53920182988814558
0.59204144531783043
0.34567909342604719
0.26308921506890298
0.20405155146808288
0.20074161958810896
0.72779976366534793
0.1538772223936633
0.075566462810102528
0.10616032888596831
0.59145395932285982
0.78504760143031282
0.078204616171786256
0.066344591861106264
0.95976892301687367
0.47597408591695223
0.34983318700852495
0.84920846372444492
0.93220666753892689
0.87867922421350064
0.71629096478891197
0.20950077217946256
0.53508650353152565
0.77097972580762109
0.11196950759161897
0.68847984428710052
0.44636168030321477
0.45258707406871646
0.35557632539878181
0.52122631464647018
0.5270036856508451
0.76930304654133841
0.77698996693993438
0.14636330055766944
0.61385177986800898
0.32722567237034905
0.8596042490972744
0.42611804711819906
0.82470970674981725
0.37091061297471223
0.073083568415097333
0.49704395725726813
0.40900140710233079
0.67051146139753748
0.88858746271799782
0.78394856545235492
0.27903945804988717
0.31356751305863101
0.48722472737449352
0.28409517060024297
0.60924340812671529
0.27427959286712944
0.69390097468205592
0.22301627192813295
0.87481291419320784
0.66269072262989637
0.74221138726637925
