0.422948
0.921313
0.071944
0.180304
0.414426
0.208266
0.316436
0.936395
0.105813
0.589575
0.065098
0.782077
0.851447
0.467108
0.836524
0.468939
0.630665
0.832077
0.917251
0.912397
0.413419
0.989495
0.623910
0.473262
0.530641
0.216079
0.161115
0.823161
0.223472
0.189071
0.060552
0.010166
0.594981
0.837428
0.074926
0.397196
0.696843
0.512214
0.879571
0.540461
0.921969
0.869701
0.802948
0.717806
0.387050
0.892259
0.576809
0.871353
0.614325
0.578328
0.915749
0.498930
0.885558
0.046474
0.841524
0.792588
0.182339
0.064941
0.179975
0.380504
0.774435
0.734735
0.290649
0.609598
0.241752
0.325237
0.174576
0.000323
0.465495
0.820258
0.408001
0.870987
0.701544
0.898694
0.983344
0.959616
0.647745
0.708696
0.675365
0.715241
0.062820
0.661031
0.435086
0.387147
0.663283
0.344332
0.815035
0.882317
0.943433
0.426221
0.563532
0.334911
0.412412
0.488324
0.477387
0.410404
0.372798
0.378306
0.062711
0.258317
