0.27580837358563881
0.4596045653013755
0.65604975792142706
0.19425228778994114
0.58711035446582738
0.079702770142455359
0.017788634910690864
0.89158032999042391
0.54746511898479555
0.67595667959436223
0.96638839319311687
0.78515742016441104
0.19653324366806602
0.052631391756552258
0.93587126614907235
0.78317832729199099
0.47282908657363032
0.95749717724621664
0.71033415690585611
0.3917127234063924
0.78174590880313266
0.20838934656939753
0.42611804711819889
0.33844527117200546
0.94592085701788031
0.31584370776067539
0.58887045668162896
0.33482321963008688
0.67938656290653676
0.15315918928617356
0.83963048151143715
0.75872883028387172
0.42448021837586286
0.71138662681430187
0.36996928268978041
0.17004089310118617
0.79508430222556847
0.61692656981280525
0.10976368677055798
0.47099019335444825
0.51401164835356261
0.69813677325263734
0.20218057245540016
0.61066085292317185
0.94201097794340138
0.64999940348307761
0.36556566041830418
0.69342994644367861
0.12510788629238856
0.85846362849417945
0.58453096297870344
0.026217665376303208
0.53394535380456032
0.1440347606291755
0.23334629796894743
0.64881293340854529
0.29812217940953212
0.034544247189650802
0.05516592027490369
0.74667668439994961
0.96117766058095089
0.11843754833027251
0.57856151905743569
0.99553796977158393
0.54023239247526
0.22714369666277062
0.97199569307895084
0.15368546918824424
0.3664062691347188
0.99923058120421349
0.37897377356300999
0.38646960899242305
0.4875542607653981
0.038281225720872836
0.14595006868188096
0.53851516956562917
0.26154017973255717
0.18162166933852497
0.1562912429843103
0.10101696319213917
0.17066775631478523
0.24932554785625935
0.7840585382699824
0.62853111752953006
0.009293021823499505
0.23721299703189117
0.96509131890525035
0.50728506263093509
0.52518854764871614
0.72582902187248743
0.47847555658480123
0.47814892104423334
0.19978693283558419
0.65415177052151652
0.96371772090980268
0.096638172642392633
0.70799347774557908
0.61822800324370664
0.86253369934260626
0.86942459898729341
