0.46603210024924469
0.56922832667955592
0.24453625815583732
0.46721535894141586
0.90937348070811874
0.36500595011201364
0.13392242956593306
0.2627197684207277
0.8013394631637949
0.092059431894455007
0.6100701933725774
0.57715908018756368
0.99821223749019772
0.72733627646356913
0.36416742874841507
0.57797706777657987
0.5036012762773282
0.35328986982129124
0.30474385614293981
0.66695759268425769
0.81597898399889868
0.14017973823175237
0.54023239247526
0.44783475834971476
0.60074945991379736
0.43986935471070476
0.32644658061479065
0.4522694311101072
0.11410272596740571
0.4643136797658981
0.48535931794956888
0.99914865522352569
0.1267238869272381
0.75305982738619104
0.95433975939592874
0.35695288323417851
0.29033030731920584
0.84998840981120882
0.78218692521094202
0.13084303800617442
0.87345206717764712
0.94639920966803159
0.75805011705091485
0.82563658974278198
0.81303760294122407
0.94416746227010651
0.83014343636853605
0.54688991596578518
0.71792300212126459
0.83662408860750559
0.79843478170434201
0.22210717488463202
0.89318962997671059
0.61054271450772668
0.17124407064771921
0.43550068461515956
0.91612578258984623
0.29991029716707152
0.80519234270962614
0.91918424314528768
0.92576994703516091
0.98913412459991978
0.50885130752443919
0.28495739931300484
0.26875326832290064
0.27056084517126217
0.99582326818424882
0.88328473655003392
0.79302278082647404
0.63789813108035887
0.017291418348263286
0.64940617099495368
0.36668675007236756
0.64584671771509794
0.53611428597806321
0.84744793416776432
0.97149952249916149
0.89943459756231181
0.52904854166263848
0.69189859882235549
0.56713389140176995
0.26673061346171295
0.52439517566263261
0.032746195866183145
0.19635701545701761
0.7589549711152257
0.71290591936996961
0.4663546584638365
0.039912962405661688
0.66186081403276464
0.73773069042715633
0.34307731474017217
0.64489753746754319
0.83167039090172856
0.22029779484764547
0.7987581496162065
0.93987405339972852
0.97574116122247556
0.11645998936042186
0.13771719925603756
