0.43322190897079393
0.94962514862088121
0.7733219000536915
0.60133868099415433
0.38434608599144332
0.10367978791066801
0.59957132233166011
0.13589470554729843
0.84498989937695623
0.96946277715224372
0.81198344656917476
0.29505180896818944
0.06295076823502517
0.13025949287315533
0.62402892233887342
0.23388599849828295
0.72315896309037142
0.30023623966623775
0.75283246103657475
0.74438876249829056
0.13264946024919491
0.16362454948666488
0.4080014021036058
0.22145961975697986
0.55785181900088388
0.0054839736988040351
0.6394401936894949
0.7148909640146488
0.96314033813876454
0.67997766258638559
0.33968815918417283
0.91369984590484332
0.72397203932807253
0.45821792028158315
0.96574343438539012
0.23226982349158942
0.83309113416817426
0.81092738509524942
0.65284680431731346
0.83712656662652007
0.040563151671957974
0.93541077858109223
0.41573863740838835
0.015555032497582361
0.72826311598347493
0.44216720509702578
0.72756803687132732
0.32765905758608926
0.80849129163511579
0.29739290359437154
0.69130941709076699
0.8261507933175124
0.43581193860947709
0.47912914741181023
0.47282908657363087
0.90123344858784749
0.73980056618080203
0.43695425086789697
0.3211145255730522
0.91054236347408957
0.38976573482216431
0.22760599540361701
0.3110520518503419
0.02369474532898622
0.95992123273355123
0.15863867943454052
0.54206618374236182
0.38550346699136739
0.21818035919724849
0.77309909909433949
0.043916758081680773
0.39758943855710388
0.84626993220575275
0.26058472481960093
0.31736763152881137
0.40630472368948456
0.42253995361790492
0.19700381431579533
0.10602116377430813
0.24516602286206415
0.40960210509810491
0.30113389876237362
0.39376348720868054
0.69566665919925574
0.14097922611282612
0.41583968076518885
0.057710963206951398
0.51693776217910514
0.80337581531147095
0.95218281844027697
0.20314450034394718
0.8859931967467124
0.15206371062228879
0.7120879784290397
0.5019306224700455
0.36565899957875547
0.6615051177276976
0.31796166395503872
0.5066144363963383
0.82902058699429215
