0.46120720457297648
0.14026837835291117
0.41776221315957462
0.34093414378825637
0.21349107584669058
0.0014934049757920486
0.60593794253023869
0.97707641952998414
0.64881293340854518
0.06980776747051004
0.37859185786094124
0.92569911072403099
0.89992669221629762
0.25963192235621868
0.11683803851915531
0.9256991107240311
0.43436046995499911
0.86121379965140799
0.34218322258016409
0.31230798687546546
0.92981946735474463
0.9092170780637937
0.51693776217910481
0.63102026219204754
0.033971930998642486
0.78515742016441104
0.017141596888344185
0.47423766169894777
0.88503533714207905
0.61326069853411513
0.59309921773256224
0.59545116280817501
0.49804179796715364
0.86553137288372228
0.93904608190073813
0.19594631604921028
0.3093830590015002
0.92233122066889017
0.53417351346721242
0.58090075455802115
0.56376404056659557
0.51829052498031203
0.89166530139558009
0.3079694362621086
0.94723075771768706
0.60405036679607793
0.05701004291780374
0.73865102360235113
0.90558422389501569
0.096318237567733903
0.1780700356894708
0.19349677882776428
0.073634457948254947
0.038739010211428969
0.10038561136042219
0.79821911691011405
0.76930304654133841
0.053922839451581363
0.17266553067362522
0.50527430983514443
0.41999471306074976
0.74781905316846986
0.1439440922407349
0.82799756908087119
0.71348996103096596
0.17823268386816765
0.78603541131062715
0.82409084860827764
0.32128557201374297
0.081529023021783137
0.54137826141197853
0.4234583948470298
0.59204144531783021
0.40461225052404381
0.32334309868210986
0.16529845729948164
0.53474406649189921
0.44583620855144868
0.10439795330780173
0.35796458877327469
0.9102313761785078
0.19471841004695287
0.41150774626364134
0.55322791952187234
0.70213116807424658
0.1163090686066689
0.90414422905041958
0.091416952474091401
0.35137680143324174
0.83893081591840668
0.84832917384017903
0.68411302801036511
0.95712922709842285
0.9874358780698731
0.88832923270962627
0.91559800644930389
0.040359826019038043
0.060826047016358811
0.025172159718675383
0.80369675669816643
