0.104295
0.723043
0.609716
0.761214
0.507956
0.070024
0.371665
0.666010
0.758616
0.717107
0.949855
0.175699
0.152064
0.756805
0.482513
0.731503
0.291446
0.847742
0.902694
0.581603
0.544132
0.913088
0.017469
0.462384
0.453223
0.640271
0.814615
0.618346
0.530527
0.243559
0.335969
0.355851
0.110699
0.527912
0.198599
0.202181
0.070481
0.493393
0.221201
0.546660
0.918295
0.648220
0.171087
0.442900
0.436227
0.059322
0.094670
0.348113
0.893611
0.233616
0.892259
0.169676
0.926406
0.881346
0.853479
0.378783
0.038628
0.094324
0.374881
0.316013
0.581837
0.744045
0.610897
0.743931
0.586641
0.510307
0.317368
0.617755
0.119901
0.567715
0.948348
0.196357
0.312560
0.460566
0.756805
0.642881
0.534174
0.113069
0.648220
0.524395
0.263089
0.228334
0.837729
0.196474
0.463670
0.366874
0.774213
0.590984
0.927879
0.937761
0.092152
0.438619
0.002074
0.901233
0.977367
0.689423
0.423867
0.600867
0.617873
0.904144
