0.68918746517823815
0.69637262959389656
0.24509598715075143
0.94501771576058968
0.727220383688016
0.32844015234301782
0.32558243390935454
0.89951669121869304
0.094606757207128966
0.66541703373112471
0.032319367228491623
0.4751054896464797
0.73519662983241763
0.15121101307224963
0.57961389383446593
0.58417942499417985
0.53611428597806277
0.74838983347491261
0.70998321700975375
0.66221649776150171
0.243071674601641
0.92506004024276867
0.49394524190130451
0.59686319251285713
0.92584074901413216
0.40481114630797643
0.34406263689063193
0.33835661201059947
0.7215316543959549
0.28425179625353614
0.89595869044577825
0.60570194402384647
0.10609072626677338
0.56248731453365941
0.083168183552661618
0.33280299393608515
0.42888997296097331
0.97808330381864561
0.93698237978986487
0.48404456063480006
0.30863409569365785
0.85521201219599852
0.68694616382768148
0.0085252743306396747
0.72095010457551667
0.2321355383324564
0.034132770190334269
0.80965761672614667
0.43799414198851216
0.18361374050245877
0.48788389682907385
0.54321338412489872
0.47673473589154425
0.33897755813789254
0.16967610976829678
0.45481383894955618
0.53851516956562917
0.22648455441109117
0.15258680502408845
0.42734876278396167
0.73404328854830869
0.19280151435766976
0.21946171272920173
0.70998321700975375
0.52711721059935268
0.96954930814156171
0.0039318334058577277
0.47109826623314155
0.76447995235600885
0.29991029716707168
0.067033735020770063
0.470558023820567
0.57272367046393624
0.40940181456964969
0.3130632716858685
0.091569560983130877
0.65581252023412451
0.31796166395503911
0.36547233671508655
0.99606112748040032
0.34585901453736517
0.65142313229079618
0.65581252023412451
0.76019787319235965
0.17208523714221219
0.03124064846918425
0.69684317810529106
0.41908058818254013
0.20636404617568324
0.23099657158404546
0.87760547807850364
0.97049157627804972
0.037773928525538673
0.58136887223290745
0.63742367843209968
0.5085155132615129
0.042863229084462752
0.63884707698830989
0.96092820635894494
0.50538592952036177
