0.59521588664536984
0.58840098520395068
0.70717364954925443
0.41979147509464027
0.24734480776986875
0.50594418502441185
0.87670759051230918
0.44615145190283412
0.61207876326241761
0.093729988784332974
0.012590855036658324
0.1991327228145979
0.88608009920534814
0.39415485344714385
0.43695425086789674
0.68399493404737277
0.15595136798335321
0.80923375981864198
0.37393318589605468
0.72965235505440229
0.0027644307422999186
0.25555781552086881
0.61231512571722557
0.41847180931485251
0.37147614872378854
0.98044743387969802
0.041385982719123485
0.45026041230520919
0.11843754833027238
0.84162333862942507
0.8732701509724381
0.96720711930692338
0.52348902869338332
0.53121020393590435
0.47706090777892218
0.84360694214662457
0.95601461670290444
0.10809019399982334
0.91030917179534376
0.57645817675759115
0.022315884844232262
0.39867262459872321
0.28253241356402742
0.98554967418261807
0.43986935471070476
0.74793323088180541
0.10972784531207412
0.33968815918417272
0.99697006519934706
0.30203348987801487
0.85415379679064951
0.72803145673846625
0.37459646525205875
0.48744440488640794
0.84998840981120893
0.64691455509600915
0.37583025765672645
0.31762212118179989
0.90827594455451977
0.79540925410675722
0.71442407325982726
0.62142373398659667
0.0021666631303273931
0.33447127375849828
0.36575235419487812
0.48579793936985893
0.71384030449752622
0.066481904148192897
0.58242246111140672
0.61042457933510863
0.69072012559587193
0.60570194402384647
0.31575919685363374
0.50493951372010315
0.22223686582631857
0.07133098160148886
0.97885511151520865
0.2153190869474283
0.015962299793347935
0.85674582199776539
0.46377732812474382
0.4648503436253375
0.00099109972746200909
0.18573595710224802
0.025576104958624345
0.54585505424631742
0.88987460038887023
0.47467147947176214
0.64821969211808961
0.70213116807424658
0.49881850538171846
0.77109139561981965
0.32948361413806165
0.73554245162206733
0.81356396224704663
0.78383857730487083
0.91522002823779725
0.89302074366775797
0.25497980521107655
0.22165372891747415
