0.59580411054137361
0.75555781375275177
0.39562459431267183
0.74255542875553804
0.53657130411937648
0.78537701115773428
0.20242120707528305
0.72687265523529088
0.4647429859039266
0.74690524387853985
0.059384048399886126
0.96405209465255259
0.70869594628691657
0.77610216244924568
0.83217829059197279
0.62426580955251465
0.65237225448282743
0.58218829169343411
0.56190726092301624
0.80144679902631644
0.38957136507028794
0.86083575227637077
0.038281225720872822
0.25382678317941876
0.38203784873150209
0.083280374055553455
0.52360226406179156
0.091630667803712221
0.5350865035315252
0.35732055797327805
0.41040384530860252
0.85347881793576497
0.64347379495081647
0.65082991774160681
0.011958237805454909
0.86487793411466185
0.32274203920728611
0.69484280641618101
0.61042457933510841
0.22734173398416063
0.66920859463936189
0.22813524427812912
0.854923707671297
0.37034563032734008
0.21939750329508478
0.88072582295641078
0.58289086558407099
0.33018052606946852
0.96788037110297909
0.041638812996647484
0.46840011340413557
0.74324323689360416
0.47380403664800841
0.47034201231037576
0.80796039956372345
0.022600618927805235
0.80774791308333893
0.51468630948816174
0.039484885898891021
0.81911340885296435
0.74701950759269509
0.73577295283632005
0.83106019367735395
0.62213413312478794
0.75158113343336042
0.65723589442562225
0.85289929753043126
0.45078864513616257
0.74324323689360439
0.48426357129693043
0.51041956916943376
0.49339281080595088
0.050062489497795994
0.001296047654956594
0.46603210024924469
0.10306768510711845
0.27260525155038101
0.99665723673754325
0.45885764317453825
0.82305776356935201
0.80668437424742279
0.17731263384743023
0.42683572086699501
0.54080522218761573
0.0804070610675547
0.19372898753150325
0.063453960411647262
0.1011169701346481
0.14049018836486463
0.39798311760881894
0.58312510049715049
0.18528750726007068
0.69778403529255173
0.89377977711945289
0.12680515875591886
0.74679096947636159
0.17098190903632818
0.98396537585091459
0.62509497957889137
0.49759820422888912
