0.515361
0.186861
0.474780
0.600514
0.121420
0.952071
0.451529
0.074139
0.560748
0.798974
0.420503
0.911395
0.999208
0.313652
0.652965
0.678086
0.148398
0.804231
0.181622
0.429610
0.304991
0.296261
0.608063
0.344242
0.122244
0.065053
0.170930
0.907804
0.117369
0.659371
0.435501
0.785157
0.868225
0.911935
0.479020
0.585820
0.688362
0.668616
0.774101
0.062300
0.874451
0.583242
0.609952
0.002779
0.069832
0.991440
0.411006
0.242863
0.624621
0.357137
0.352925
0.148537
0.254115
0.284879
0.190843
0.185400
0.273518
0.536800
0.049029
0.229729
0.324720
0.932477
0.648101
0.665536
0.048392
0.642881
0.525189
0.694490
0.792262
0.550229
0.603343
0.291446
0.982026
0.409502
0.937437
0.846172
0.566901
0.443319
0.218372
0.332628
0.050116
0.592276
0.529503
0.752036
0.559705
0.749759
0.034357
0.510307
0.195712
0.869148
0.641457
0.059487
0.998553
0.811139
0.817548
0.895290
0.665299
0.581603
0.324978
0.104983
