0.9134706803258873
0.29860908160883898
0.68954121953892744
0.58382793509228759
0.30622956739576807
0.27742041766799752
0.91605048562315472
0.72861054118866531
0.52916223174072496
0.15687533938124978
0.78240734286199809
0.85318916911871967
0.36017848596459612
0.44846686817013059
0.77097972580762109
0.15873713018423907
0.47196328763165529
0.28597887957803897
0.0094978359922884888
0.73519662983241774
0.92506004024276867
0.25239112253440321
0.87805336642971166
0.59004448291040001
0.66292782623989543
0.2345619974007169
0.46807685057147508
0.92773939723056698
0.20968647168338914
0.94728988257479652
0.14627138532798153
0.99701857515231873
0.40590611587976821
0.1276612372486369
0.1149584410936632
0.60346069585726636
0.27772826674813555
0.49693314061441796
0.05695032756034403
0.30996648010525074
0.24057678629015605
0.39103059726966061
0.86366097756507021
0.35466057125069572
0.91514433318796073
0.60310693912628488
0.078656715955426379
0.055011522181858744
0.24251552867723056
0.29296430511707716
0.96889678615519637
0.75078412381130744
0.35585135611155333
0.031423806079232015
0.98936069485532696
0.28136451978781074
0.57821083092391401
0.23186715065842639
0.14367237895862189
0.76064946912193721
0.78548678338840294
0.2011005782773628
0.88416149034303304
0.47217966457076754
0.77975836929866227
0.52632273022194087
0.22859913163118176
0.86441040014905712
0.71267225545086843
0.25584719572733616
0.52938963921486992
0.69036649866002264
0.5075086877830649
0.86356718161222756
0.92484639987801398
0.47869337285833113
0.10313553890082396
0.1662175233415242
0.60157439747690922
0.087527776063749868
0.027955081157408919
0.51064377018517249
0.92759961837937632
0.9943998982227561
0.007757443000085012
0.36212299088397465
0.7987581496162065
0.015331760371054482
0.66553554906963774
0.50907522182478138
0.9078036342968735
0.88625381611248333
0.21273829571746636
0.89352703894436425
0.77343327959424801
0.26958061161339913
0.92477511794902612
0.24085301028396078
0.057550062190733317
0.78515742016441115
