0.263311
0.609243
0.165655
0.918072
0.795193
0.499152
0.076264
0.505051
0.317452
0.934352
0.577042
0.595686
0.554383
0.260071
0.765604
0.539202
0.660082
0.633510
0.609598
0.821504
0.448678
0.461635
0.557968
0.627702
0.209563
0.849988
0.161215
0.563996
0.000309
0.471314
0.698254
0.481639
0.074900
0.672880
0.478476
0.051896
0.655694
0.579029
0.967746
0.937890
0.492178
0.927179
0.481966
0.636238
0.731849
0.446467
0.162617
0.384153
0.219590
0.457046
0.080489
0.968984
0.662454
0.079460
0.168017
0.584297
0.940064
0.687064
0.730462
0.589575
0.110591
0.245516
0.782958
0.313568
0.221395
0.590632
0.299178
0.010519
0.796275
0.619056
0.900581
0.803590
0.780421
0.630309
0.168482
0.834710
0.105709
0.572257
0.723391
0.132565
0.882317
0.577042
0.098643
0.075412
0.419995
0.419690
0.420808
0.613615
0.215509
0.162266
0.250320
0.363795
0.602753
0.370440
0.058685
0.586524
0.885906
0.680214
0.191647
0.086043
