0.374881
0.461207
0.319322
0.070288
0.891070
0.297798
0.931325
0.125269
0.033628
0.164739
0.643355
0.128646
0.758842
0.237213
0.921750
0.841226
0.024023
0.252176
0.410705
0.720019
0.741982
0.540003
0.312895
0.499707
0.930232
0.070192
0.039870
0.574240
0.389183
0.598158
0.064227
0.742326
0.784828
0.149518
0.883021
0.906221
0.070626
0.515812
0.852512
0.884861
0.586993
0.987260
0.128399
0.818697
0.283157
0.079299
0.680805
0.709866
0.119437
0.696373
0.530186
0.186073
0.836020
0.033275
0.882493
0.917923
0.766053
0.132861
0.126765
0.431053
0.666839
0.454389
0.954340
0.885819
0.747362
0.313736
0.758729
0.035910
0.314409
0.543213
0.429096
0.320260
0.563648
0.894872
0.777988
0.707174
0.377733
0.661505
0.382326
0.762792
0.498375
0.420401
0.820154
0.150739
0.661268
0.469586
0.087059
0.780642
0.617163
0.733582
0.674537
0.460245
0.699665
0.827178
0.584297
0.509299
0.440600
0.295616
0.400054
0.292004
