0.616808
0.632324
0.483826
0.467969
0.800373
0.455132
0.696843
0.867762
0.411106
0.176504
0.680214
0.187595
0.690838
0.149940
0.472613
0.910930
0.121146
0.798327
0.143853
0.492178
0.517614
0.914841
0.821193
0.423867
0.031527
0.222107
0.937112
0.048426
0.561443
0.315759
0.215572
0.885123
0.981806
0.332365
0.580901
0.988904
0.262277
0.671459
0.728958
0.418168
0.840229
0.531780
0.259120
0.488763
0.501041
0.658185
0.575290
0.084837
0.311554
0.597569
0.449099
0.241752
0.973333
0.133624
0.032687
0.717224
0.332015
0.116990
0.614679
0.551266
0.070457
0.806471
0.638491
0.220105
0.871079
0.069952
0.334383
0.622371
0.074824
0.811561
0.892429
0.253539
0.468185
0.359809
0.099890
0.919553
0.102290
0.385600
0.710100
0.473587
0.109227
0.982861
0.332453
0.149799
0.120639
0.279349
0.960678
0.068103
0.729884
0.527231
0.576108
0.604876
0.873725
0.985849
0.266357
0.012209
0.113511
0.981134
0.299015
0.152634
