0.48448262823890653
0.39268845793035695
0.17953829723374565
0.83410331940525106
0.6946073768262786
0.88953201874150278
0.81187792591546915
0.036951189912195342
0.24341976728864512
0.80529903473434272
0.84410138415990454
0.92377358098152806
0.7894281299139293
0.93186825687149111
0.84989100147046392
0.10678856108970174
0.33702862244045739
0.33166483771466931
0.3324525064895465
0.4870050955602967
0.57377337123157379
0.68612005892644368
0.62189732426801814
0.73934086643173402
0.24168316019312236
0.79789549072583488
0.1003524790610207
0.94531966516527632
0.81671194126203961
0.23092971038395602
0.61503416371605479
0.9356741262538717
0.79746374896169581
0.60322485419487459
0.009782720135426054
0.24314126227111896
0.029799982760666088
0.48065584507823289
0.10612552255942082
0.82604799452087185
0.27382219434232424
0.85260920353660108
0.11193303600055207
0.99205090920326655
0.40690307188176672
0.33411958141824111
0.80080251984767614
0.79497595133589738
0.51547386730547673
0.094543890377828579
0.39151775555365909
0.83460858462487919
0.44101746764258576
0.8872071575709588
0.83106019367735395
0.90960784161049091
0.85251245617844906
0.56957760365439258
0.35037747472484387
0.092090126050729595
0.004508369840157192
0.97268971608496657
0.8395305977409675
0.37119331173468495
0.36940522269506021
0.27911672981350349
0.69107371357721026
0.64869428540220553
0.59945353118724198
0.98579464961971197
0.7894281299139293
0.88116873907701421
0.93691730339792167
0.80827899044319995
0.12696783762815514
0.91162671351459135
0.4070028474673022
0.9101535480491908
0.55472938382548087
0.57109180228555489
0.60853486561277093
0.61136975096377633
0.83014343636853605
0.60759033355702474
0.77443506473348422
0.72837893288692457
0.21424598433474815
0.60110298050227762
0.36865400465996634
0.64905022896561726
0.51626191104288577
0.46958635728596054
0.78920970556304315
0.55126639742432904
0.91354710177647425
0.50137427019913616
0.5516123878716479
0.63161301546787696
0.3659391097878732
0.67690310197396775
