0.445416
0.429816
0.820050
0.584414
0.012149
0.068033
0.145446
0.246500
0.487005
0.009322
0.086245
0.961822
0.436643
0.524395
0.869240
0.309383
0.356769
0.231130
0.716174
0.514574
0.798435
0.934750
0.504493
0.763017
0.637305
0.741408
0.659964
0.990800
0.480110
0.870069
0.717340
0.600043
0.414426
0.426016
0.219141
0.770086
0.644779
0.739226
0.794759
0.682459
0.974787
0.899352
0.830449
0.205875
0.276882
0.549883
0.878053
0.642406
0.624029
0.353838
0.329745
0.472721
0.572141
0.126724
0.190212
0.375071
0.849988
0.829123
0.198243
0.368842
0.539431
0.080843
0.405010
0.146409
0.062690
0.560748
0.973731
0.800695
0.256644
0.650593
0.304579
0.208513
0.713023
0.026549
0.912551
0.384732
0.591806
0.484483
0.845089
0.437682
0.466032
0.066918
0.128358
0.410705
0.407003
0.222951
0.435708
0.993945
0.136240
0.830041
0.412915
0.893443
0.691545
0.811561
0.848818
0.669445
0.771091
0.092490
0.369969
0.375735
