0.287951
0.754196
0.979166
0.126237
0.298284
0.555885
0.951734
0.919332
0.307140
0.252749
0.856459
0.159724
0.799835
0.752378
0.206670
0.231666
0.027354
0.887726
0.049851
0.972324
0.958487
0.322742
0.643118
0.541149
0.813459
0.989043
0.579497
0.886948
0.316774
0.821815
0.703891
0.879215
0.535315
0.851350
0.763805
0.631732
0.122559
0.591924
0.581837
0.835113
0.708228
0.064650
0.760198
0.488214
0.144807
0.025042
0.171139
0.064762
0.983254
0.542181
0.264126
0.768184
0.534972
0.419791
0.398180
0.161715
0.654152
0.766277
0.268979
0.612670
0.156388
0.042573
0.878322
0.289297
0.930232
0.537600
0.838330
0.913929
0.470450
0.958900
0.321115
0.876798
0.024391
0.592629
0.050685
0.402032
0.191935
0.306560
0.572490
0.138680
0.598865
0.753742
0.603107
0.421725
0.720252
0.668261
0.786474
0.787569
0.542754
0.155757
0.175752
0.578328
0.347030
0.023563
0.712322
0.466140
0.665891
0.284017
0.459284
0.755104
