0.23490056942888801
0.90510537197865504
0.81187792591546915
0.48240346013679847
0.87957089899733365
0.82532781648478915
0.71862201073069987
0.37592527171505241
0.094042288851694064
0.93885415635684766
0.015134574303066417
0.70130930076459408
0.87912541630594365
0.43384273694160336
0.89992669221629762
0.0065364433138362515
0.58335935710020648
0.84842696918460281
0.68505764775600397
0.89877672864347868
0.21405705752204379
0.90518526035121161
0.18629777280526696
0.71710716007607034
0.75385524865824849
0.22425475564769767
0.30880042022004262
0.44489119410750932
0.98549487485775844
0.78108393313768709
0.99460408323905025
0.20771247793664097
0.98917968509457288
0.0099320676614873156
0.10215550293124316
0.3177069829575882
0.52757140264802049
0.31214032136992625
0.94201097794340127
0.8207777586639402
0.90748811650516126
0.18355816324961866
0.24932554785625935
0.33897755813789254
0.32670613475855526
0.10095034041552196
0.72524893783698108
0.40860123123999553
0.27131668851406859
0.30515603472774916
0.67039302998679817
0.27703596326868618
0.69307662676022996
0.95379199084283506
0.16765567175554308
0.012228243890714485
0.56631996345102231
0.91247420989239003
0.97964392330028138
0.92668769208313606
0.74701950759269509
0.65486353789755125
0.23032864322963961
0.66648360751742097
0.03750232098346408
0.94580090752585233
0.71897141558130473
0.1134000332587904
0.59121899833700786
0.15556370325020821
0.87661764732411451
0.046194342182960896
0.79062831361744612
0.60204587811034371
0.2032048689237361
0.96318865462332381
0.95488387442258937
0.099658928652293019
0.72478472407863925
0.5799647881005694
0.80933975209998255
0.55311247499098204
0.50896325953290589
0.74724800290177285
0.30482625992218881
0.54114902063957671
0.51671243906697328
0.19483508285902926
0.12745695726537173
0.71827253945874392
0.39552650767351299
0.23490056942888771
0.55241996706699115
0.69130941709076676
0.77798764253746411
0.78328840711899139
0.098838799280183479
0.93118881422810595
0.8782323242634692
0.65937069325281561
