0.71208797842903948
0.20140010728407692
0.39268845793035695
0.40910148726331774
0.23557885948870594
0.42868429788940798
0.76952677972794081
0.25505200181777599
0.87235891818320666
0.0064543215313391999
0.0096130663890692802
0.950657061171855
0.72362362575437489
0.49460852496924734
0.33641011223704281
0.3521958424949253
0.96172323700719986
0.52292299372898521
0.17736664539906741
0.37497581855891005
0.29521283290276179
0.74530443590891216
0.47564827244104635
0.87634764963792655
0.42325419846234691
0.48437309398560757
0.19948934896553813
0.37507069510969859
0.46463564065261365
0.16606404953566023
0.33508734538565027
0.1512110130722496
0.954503377601156
0.39376348720868054
0.66470590544153652
0.820466086178125
0.030685915745377101
0.59098405655377295
0.4390353867805471
0.22707771445125596
0.69166293940100254
0.2898532639420347
0.95477534377963791
0.80058761958704538
0.23940557985420105
0.9925074007918312
0.68210494600310656
0.50516270063597968
0.11540712143123211
0.25447486627773097
0.41583968076518885
0.75123962513434828
0.81723489163891527
0.28370388487647968
0.46624712665300672
0.40064662543425156
0.18844540710361696
0.99171118711511952
0.067195466313812846
0.44415692641118509
0.60759033355702485
0.10215550293124316
0.64833834060566298
0.64940617099495346
0.68151414235794106
0.22094265440643684
0.47423766169894777
0.90637975530718518
0.72710448254919668
0.38242194991165945
0.83551666491927978
0.64169418975986114
0.63042754589139161
0.29248410479172071
0.26710431156279135
0.29112665485614631
0.61077899457160267
0.42386695601702523
0.003365149600481523
0.17224333792100596
0.011207883281940102
0.06666538823753021
0.15358966836422666
0.19320683718248255
0.60004252821466242
0.28590020866504029
0.024309907985333303
0.20557056457607847
0.81524506663872476
0.83853050601083889
0.87299706997225535
0.67181405569846264
0.8963753415969552
0.094418267915050924
0.79778758099026514
0.5005958264294843
0.047071996577197406
0.6454907738495228
0.031229234306629605
0.27290910735305174
