0.60369655282269008
0.49019421169257849
0.28511437504053161
0.90164016545740777
0.22321146127084257
0.026082371582917881
0.33986596745260145
0.10078395316035643
0.37241993640943405
0.10933426599121684
0.18884322884297192
0.12017243056963653
0.36472630373641135
0.20080140998184678
0.44352807306278963
0.024940072456171903
0.3659391097878732
0.17720465159445689
0.74484668272483301
0.84469393958015027
0.67607499231823143
0.63564461537363881
0.15097487273105248
0.010134593920189628
0.66577257446178417
0.18907086423777286
0.78317832729199099
0.99590759122798689
0.37887827181980099
0.67974123226057293
0.19907333542211583
0.78394856545235492
0.38937705522870258
0.97520947031338934
0.63434011931573475
0.76064946912193721
0.79562580456114385
0.86859431711997592
0.58558586302023041
0.5578518190008841
0.02461852845440687
0.36734174585975277
0.94828946218916788
0.66672060385033127
0.89208970682076738
0.5405760651098328
0.12490714597262147
0.47185511738334496
0.90725114036478605
0.69130941709076676
0.27634494458701225
0.74014523774962404
0.45545110320360793
0.31525246640716126
0.40890134141665951
0.78174590880313266
0.64584671771509794
0.10678856108970174
0.69649027414722309
0.34938004528702538
0.12510788629238856
0.67832238606533557
0.53897290910465845
0.3254961067251278
0.4862367447076491
0.42930148934633883
0.81671194126203961
0.77975836929866216
0.39220040422378777
0.73450473570984176
0.46142110471966535
0.47023402488649579
0.19925154070593856
0.81440513459253105
0.82789515022442683
0.82025820346414358
0.56457693398740383
0.67642991356925608
0.48612702614981751
0.70412599051880898
0.28472205507895831
0.97648863915405393
0.11982369662659598
0.6637576409645376
0.45662062296247863
0.027739805170512638
0.56399626176861406
0.027842122972941998
0.19653324366806602
0.76391756424904877
0.95770662909359705
0.59945353118724221
0.57844461723618523
0.76952677972794081
0.042924548611388322
0.86055194554128933
0.21437200954138536
0.55218919194991112
0.83238129782378634
0.56121142658903977
