0.817235
0.170145
0.231599
0.752036
0.999498
0.889361
0.928088
0.792914
0.802733
0.456195
0.643830
0.217160
0.707876
0.935081
0.235240
0.465925
0.560400
0.247698
0.570742
0.487994
0.580667
0.148258
0.769974
0.666721
0.229197
0.568646
0.204537
0.025804
0.348023
0.277190
0.261319
0.557736
0.215193
0.239337
0.784388
0.079676
0.053470
0.078577
0.149471
0.074646
0.922548
0.969980
0.583476
0.045074
0.429199
0.876977
0.957968
0.434671
0.612906
0.939874
0.631376
0.262056
0.896209
0.900826
0.844595
0.447940
0.743358
0.749873
0.553112
0.272150
0.260218
0.337382
0.697314
0.110627
0.159082
0.963813
0.507173
0.802090
0.095206
0.352651
0.599807
0.012543
0.155564
0.915069
0.566552
0.012275
0.192686
0.003508
0.378974
0.406006
0.913394
0.548386
0.801983
0.726757
0.536800
0.859889
0.673353
0.388989
0.796275
0.961970
0.802519
0.508180
0.600749
0.307057
0.737961
0.532007
0.634696
0.302525
0.576575
0.115745
