0.105570
0.137543
0.290888
0.475214
0.525756
0.939238
0.716641
0.345769
0.971583
0.884161
0.432602
0.847056
0.416649
0.559125
0.175645
0.479565
0.588284
0.555307
0.184226
0.392103
0.143989
0.452799
0.119090
0.974864
0.037597
0.233954
0.815979
0.901233
0.973652
0.748162
0.378878
0.495826
0.538172
0.182173
0.895625
0.851738
0.101418
0.109263
0.986722
0.518178
0.981932
0.149331
0.910465
0.697549
0.347842
0.524735
0.355118
0.313315
0.168741
0.094575
0.061038
0.443214
0.083956
0.739686
0.812827
0.445731
0.410304
0.802090
0.304250
0.808597
0.888157
0.917475
0.987783
0.774546
0.158147
0.150645
0.339155
0.286294
0.921823
0.067497
0.261540
0.157168
0.110591
0.753969
0.037801
0.527912
0.206486
0.932746
0.014602
0.428068
0.484811
0.251318
0.603225
0.089454
0.097345
0.909764
0.528821
0.755444
0.158049
0.473696
0.120717
0.761439
0.720950
0.731849
0.286845
0.264422
0.528708
0.133667
0.714191
0.697078
