0.289694
0.517839
0.618346
0.935806
0.491296
0.077597
0.394351
0.150080
0.879215
0.366967
0.620358
0.077781
0.488104
0.145401
0.492509
0.144262
0.500151
0.323085
0.698137
0.691663
0.912474
0.601221
0.275273
0.200204
0.221524
0.842517
0.521339
0.690484
0.509859
0.300971
0.335881
0.949740
0.736810
0.831569
0.303099
0.596510
0.469478
0.733004
0.556810
0.137717
0.039856
0.612079
0.400647
0.560748
0.626043
0.406504
0.923917
0.419487
0.921678
0.565971
0.509747
0.628768
0.040389
0.188389
0.459071
0.652372
0.065571
0.887812
0.620477
0.607945
0.264645
0.469802
0.483278
0.728726
0.881080
0.440287
0.239199
0.231197
0.491847
0.864036
0.712555
0.731040
0.453753
0.884074
0.232875
0.804231
0.927879
0.522583
0.631257
0.293766
0.703187
0.106649
0.257443
0.571908
0.343973
0.324203
0.974979
0.360826
0.007646
0.380887
0.207344
0.409001
0.292244
0.391713
0.390349
0.758163
0.090084
0.003771
0.370534
0.993597
