0.070095615165594052
0.59957132233165999
0.92218623660530863
0.36027092610729089
0.49660075629295075
0.33044213005661793
0.82171168112319748
0.054474239666228344
0.52100025319295695
0.26792783531448194
0.97388911580797677
0.74781905316846986
0.65676145057500002
0.81681657078185022
0.080298346389514511
0.53588582894769776
0.019998568549998902
0.34919889843720242
0.57295689415374418
0.39670452571854198
0.24537622280721064
0.2804327794679381
0.022382575278784452
0.91476536140208886
0.081860046919237955
0.85540409005508344
0.072759793659564378
0.56806449048739927
0.37166478348749887
0.1850076782331109
0.55808332260653504
0.91918424314528768
0.77309909909433949
0.40760180604796331
0.61952975060519999
0.61077899457160267
0.024255824779672568
0.72257795719059859
0.55553838800212141
0.51987052277471635
0.42325419846234674
0.9304373972423442
0.92491764757515227
0.30285297660839067
0.38107865620727099
0.70412599051880898
0.2721499425655749
0.57809394645028434
0.7250168471766637
0.4676460060145583
0.10929854751519121
0.56539015960027106
0.28401688163817307
0.89520678728645298
0.83410331940525106
0.40381725151182657
0.54172218512999493
0.97940580078079864
0.075258404334971843
0.26095189346919584
0.73865102360235113
0.60877103291699997
0.96082816829071072
0.36444679660140739
0.058828328028317098
0.55924127328807582
0.24840440528684773
0.60770838795995208
0.40720244223060581
0.83227980512511202
0.24897095166995162
0.27071188737391971
0.068572748475370274
0.73184942839904776
0.12478683572133673
0.90285559840056251
0.082553551306843331
0.62095018082665598
0.1667299594796508
0.44101746764258598
0.5982758495197833
0.36138141968909843
0.38376821040700426
0.10494806312025967
0.15987301418434313
0.23402107617635282
0.064761525088390129
0.93435174410331034
0.12350976006760679
0.85530806365025924
0.09366763938079746
0.47695217189561634
0.74289937875467982
0.21393118029243235
0.76549144032569749
0.52632273022194087
0.15026832600386064
0.9234861985146865
0.49549352104738398
0.2166506015987992
