0.400844
0.530527
0.476626
0.271847
0.447729
0.792044
0.038935
0.804018
0.802198
0.941949
0.607000
0.583828
0.620713
0.928228
0.261835
0.159378
0.143718
0.069117
0.362401
0.205510
0.946638
0.511317
0.694843
0.714307
0.187200
0.859129
0.755444
0.547695
0.972487
0.338268
0.235987
0.913241
0.744045
0.626754
0.636712
0.169260
0.326533
0.184561
0.457046
0.311387
0.785926
0.528708
0.256137
0.783839
0.367342
0.650118
0.412815
0.635763
0.341291
0.436746
0.404612
0.694843
0.832686
0.002176
0.840130
0.564345
0.836524
0.281909
0.571674
0.504940
0.965928
0.081117
0.225893
0.668379
0.451740
0.979678
0.909061
0.396606
0.143401
0.597569
0.425913
0.928714
0.832686
0.022408
0.756238
0.963957
0.156875
0.178178
0.203567
0.193729
0.640271
0.886774
0.503713
0.696843
0.536914
0.420706
0.138242
0.962509
0.215256
0.556579
0.400350
0.223863
0.576225
0.262720
0.635052
0.987285
0.439869
0.794651
0.768743
0.958280
