0.861874
0.068455
0.086564
0.517839
0.443528
0.650711
0.890217
0.690720
0.375260
0.435708
0.854635
0.788773
0.332190
0.088619
0.768632
0.158393
0.929957
0.431156
0.661268
0.932544
0.033215
0.104364
0.157804
0.270863
0.687536
0.358517
0.553112
0.903984
0.409202
0.082609
0.059384
0.661861
0.259120
0.166064
0.026775
0.529958
0.653203
0.643711
0.849794
0.179102
0.492951
0.519193
0.464528
0.979063
0.767287
0.642881
0.337914
0.799404
0.562139
0.359901
0.228135
0.664350
0.586289
0.057309
0.569927
0.145538
0.812300
0.085180
0.771315
0.733466
0.353107
0.411207
0.744274
0.119129
0.692370
0.383191
0.411709
0.955478
0.442167
0.359347
0.164942
0.546545
0.376496
0.382326
0.789756
0.293285
0.429301
0.765604
0.729884
0.069760
0.743472
0.228135
0.386953
0.264422
0.475323
0.915069
0.297717
0.140224
0.935871
0.754650
0.084637
0.351286
0.400251
0.157706
0.763242
0.500818
0.507061
0.113289
0.578562
0.437994
