0.44541606951761126
0.42981619624447315
0.82036215491732478
0.58441377832286046
0.012148507606232341
0.068032828560886591
0.14544635626336114
0.24649964159822263
0.4870050955602967
0.0093220198517473297
0.086245263649328024
0.9618219566514209
0.43664254806030012
0.52439517566263227
0.8692402807627847
0.3093830590015002
0.36073335992241773
0.2311303395776855
0.71617433688890286
0.51457384102408188
0.7984347817043419
0.93474993939020645
0.50449326598796651
0.76301707955627862
0.63730506750199645
0.74140827007534549
0.6599636293543959
0.99080023533983275
0.48011033092920341
0.87006886075319834
0.71734029404557953
0.60004252821466264
0.41442637412329847
0.42601557806404589
0.21914081485653364
0.77008587649700644
0.64477889079948347
0.73922591700380702
0.79475919924857186
0.68245938713755994
0.97478681496761765
0.89935247277881492
0.83044921649381509
0.20587545837828888
0.27688229254511104
0.54988313026470437
0.87805336642971177
0.64240602003829883
0.6240289223388733
0.35383772828905619
0.32974483700337298
0.47272081927008536
0.57214071980225156
0.12672388692723813
0.19021241351829785
0.37507069510969859
0.84998840981120893
0.8291227714097088
0.19824341955589234
0.36884171677616445
0.53943078460328253
0.080843241542232769
0.40501010046087477
0.14640927659592667
0.062689676723509224
0.56074767723562446
0.97373106167895218
0.80069507848404586
0.25664428117091131
0.6505926294762453
0.30457909649103715
0.20851260386119369
0.71302274122960108
0.02654898440161509
0.9125510584672496
0.38473163831412666
0.59180643664621191
0.48448262823890653
0.84508850545233027
0.43768203234519654
0.46603210024924469
0.066918428866757529
0.12835790657193782
0.41070473614643244
0.40700284746730192
0.22295123885336371
0.43291167997810504
0.99394515845993014
0.13624024325115863
0.83004146656394839
0.41291523114118511
0.8934427321870575
0.69154510304221795
0.81156124979118349
0.84881790957373726
0.66944549906011352
0.77109139561981965
0.092489978783696108
0.36996928268978041
0.37573525886963194
