0.449310
0.520887
0.947585
0.244047
0.166218
0.553459
0.748504
0.178558
0.520096
0.791827
0.856076
0.876708
0.772542
0.681160
0.877336
0.433429
0.612788
0.776990
0.927670
0.890558
0.195244
0.959565
0.142006
0.332540
0.605230
0.004083
0.889960
0.763467
0.330966
0.848622
0.089903
0.211301
0.232270
0.216587
0.878053
0.283079
0.612906
0.908982
0.002467
0.428581
0.041923
0.954121
0.630190
0.465280
0.368373
0.778209
0.495826
0.825225
0.978541
0.390447
0.515812
0.070626
0.477931
0.686002
0.667669
0.599336
0.807960
0.747248
0.012707
0.328875
0.424174
0.190270
0.687418
0.272605
0.512663
0.067893
0.548501
0.592747
0.324806
0.912628
0.280898
0.671340
0.431775
0.594863
0.567715
0.418370
0.527004
0.014889
0.496822
0.816921
0.504940
0.784828
0.601221
0.224189
0.871719
0.579848
0.606528
0.650355
0.309550
0.948989
0.085438
0.883021
0.019414
0.613497
0.533831
0.141024
0.430434
0.468939
0.080898
0.540805
