0.993417
0.491517
0.304497
0.844990
0.959921
0.892259
0.085352
0.861308
0.289536
0.518291
0.328093
0.311303
0.268453
0.345050
0.427349
0.775880
0.756125
0.434671
0.726757
0.633984
0.184449
0.989111
0.992543
0.682459
0.460673
0.175003
0.622845
0.452481
0.764705
0.835315
0.170982
0.086768
0.876077
0.969202
0.576925
0.481639
0.645372
0.707876
0.294408
0.056712
0.939238
0.044643
0.307637
0.424276
0.847350
0.688244
0.288901
0.215509
0.074442
0.725829
0.715124
0.180194
0.853479
0.842319
0.225499
0.113069
0.692134
0.358517
0.587462
0.102526
0.507285
0.488983
0.210369
0.911858
0.895959
0.556463
0.981963
0.343077
0.895207
0.792153
0.477931
0.588988
0.054915
0.342273
0.454495
0.478911
0.096127
0.749531
0.752719
0.758503
0.074798
0.369405
0.052966
0.875717
0.332102
0.340756
0.431053
0.128440
0.338978
0.328180
0.665180
0.268153
0.860078
0.161265
0.998565
0.115183
0.931121
0.587345
0.075233
0.557968
