0.42683572086699501
0.43053736642786006
0.43105290205037489
0.083448913847487177
0.20272232589849409
0.9647154663121017
0.26014464036445289
0.54149289431742986
0.28152003231537748
0.39513430948580203
0.68257752726711951
0.8797488930965065
0.036592371984030848
0.32317128779490883
0.99023641213608138
0.088323172134143188
0.89712337722563074
0.76177759102719766
0.12118484463704519
0.2227562297259737
0.74804739778292784
0.66600959272950699
0.38889154285049127
0.36128879313635415
0.40173483419776695
0.6059379425302388
0.86877901290833603
0.70974922499477655
0.011972063024746146
0.98510759947136739
0.78196644715330443
0.24119863659949467
0.28779270529934919
0.10367978791066788
0.019670860129287693
0.055340092260810589
0.86356718161222756
0.94355581671831379
0.26190836908865156
0.21747815620929931
0.86026790674363607
0.47499696908265654
0.70177897227612984
0.36912340045361908
0.75940710673705036
0.6662466037792566
0.18355816324961866
0.41301587358521713
0.17150656679015649
0.15624265119015449
0.2462886986619868
0.27857616085996278
0.0556899471404542
0.83400220004308456
0.095079441807867648
0.19280151435766976
0.70271804988777276
0.036698349183348827
0.46206310772681802
0.87080353265139498
0.056613019313649836
0.97082987269199605
0.30614689214777807
0.47836666621684554
0.25919306142462795
0.60971583694940623
0.55403624256851702
0.2430716746016407
0.99930327689669329
0.81796619163728457
0.56271938451949488
0.71010020340493774
0.83571821577968597
0.39484031670038638
0.61243331159172387
0.78767894776837211
0.24586723089686829
0.41311653038810581
0.20981034473629451
0.60239952999454349
0.75567122467805259
0.02469167866457771
0.72339131026838244
0.73254257785760002
0.72652485187444404
0.76369251946228101
0.38012098019040497
0.43156878222402573
0.35101319048039187
0.8556920188383067
0.73462007450502576
0.65723589442562225
0.95775890052719748
0.87481291419320784
0.080515907791155028
0.860173175636892
0.88187591400582943
0.9089038842254894
0.2181803591972486
0.61834633114277504
