0.39847554878878044
0.66446884914557947
0.16101572523834573
0.89436843584753678
0.87034456644369507
0.58887045668162874
0.45598251050617233
0.90082594764736657
0.74140827007534549
0.15163685423660334
0.72930516108658305
0.9157489656135317
0.68671015333047269
0.82563658974278198
0.18674822931845916
0.26036461197700145
0.90645913246732668
0.92682836758415488
0.99562614592551946
0.42601557806404589
0.8322798051251119
0.10131724623623786
0.10145095806205622
0.51953179177008491
0.18703021830177219
0.94893066480326538
0.46969427127339936
0.74964459137933326
0.80636495440156475
0.35548467971437187
0.56063175749663041
0.10205459014271022
0.11369544156964259
0.23059563229409408
0.47945610242018255
0.52156547868422165
0.72339131026838255
0.20496186881538633
0.41806624056675079
0.49449795013000908
0.48011033092920319
0.46334847199914619
0.57727591801884581
0.33192725118681404
0.55519162733046001
0.52802574197460816
0.98387756167386142
0.10484472361131038
0.17087713800179388
0.48338780675396587
0.7563514428712701
0.193612854794386
0.9240604176267887
0.58922261264259124
0.79616688539587221
0.28953555379136875
0.080081312647827974
0.79041024365437818
0.73323540397413733
0.98929304697510079
0.15045646382705308
0.91911031596786341
0.29505180896818939
0.050971563435139637
0.53223528400457143
0.29885274821705166
0.1472389482186176
0.39347011873863547
0.55843063223630118
0.98041435237768348
0.53988879559511771
0.56376404056659524
0.37716184330750807
0.631257359139209
0.62888666599878973
0.54298387800823489
0.51693776217910481
0.88372347606970181
0.21766948742371783
0.89902366258983979
0.31121930234371442
0.083984639072036182
0.41918210095699998
0.84002978789251337
0.22800284127574916
0.047155582649167187
0.70787637790613445
0.54103441278734876
0.056870796029580305
0.74461774343686815
0.1516842325600867
0.28771366812623278
0.29731195275774341
0.93508079983164172
0.73265807141010009
0.094795580293730544
0.91308807958175564
0.67276121686792467
0.52280981515862812
0.51120445093748046
