0.738881
0.300889
0.629716
0.656524
0.658185
0.246992
0.156827
0.964479
0.975171
0.621897
0.560864
0.012964
0.300644
0.870804
0.524622
0.361845
0.369405
0.509859
0.545740
0.167192
0.900499
0.421826
0.557505
0.567483
0.429404
0.168793
0.343883
0.305404
0.986170
0.023607
0.679032
0.538515
0.381366
0.782738
0.555654
0.011032
0.367623
0.148165
0.894956
0.642999
0.559936
0.304661
0.123589
0.534516
0.928367
0.456089
0.881080
0.120951
0.741523
0.414830
0.846859
0.617636
0.371853
0.039131
0.888845
0.751240
0.594981
0.080598
0.248192
0.121341
0.689187
0.525982
0.491627
0.252320
0.399560
0.562487
0.154791
0.092521
0.383095
0.596745
0.328701
0.054877
0.054915
0.178776
0.065685
0.240439
0.444367
0.052318
0.205998
0.420300
0.061080
0.202000
0.550459
0.458325
0.942941
0.728842
0.259486
0.850572
0.321029
0.786364
0.656168
0.184952
0.897372
0.493172
0.475757
0.757031
0.512776
0.584765
0.285822
0.850183
