0.31121930234371442
0.81765289625596227
0.29304439432708518
0.83400220004308456
0.7787627975877861
0.70260068470296577
0.91559800644930378
0.019946090243499175
0.088767838364649687
0.15903279103917006
0.38617960828657383
0.49626847050335376
0.96880916578794973
0.49372423616743899
0.97954207946204019
0.58335935710020648
0.91093036511951997
0.22668213848283944
0.93717739630936348
0.9298882653524897
0.63777951660065968
0.56353184671158285
0.39886975942861519
0.65996362935439601
0.37706663089299147
0.90653847759038497
0.60723619131236206
0.36668675007236756
0.25577482722944417
0.28495739931300484
0.11193303600055207
0.45343469270906811
0.72246173246754208
0.73623384282708448
0.24769761914925065
0.26029127241515315
0.6380167464205202
0.58031573331017339
0.74633376526316231
0.0075353107683235167
0.41543559301461103
0.6738265833679189
0.93254420333020593
0.34983318700852495
0.45843111030113415
0.2158255587369233
0.12615624444484236
0.22589261736509234
0.86431681432730878
0.87281487832513016
0.54424656794452297
0.83843037174179824
0.91807181307556418
0.69260546981843274
0.062256713160200448
0.10422656538476899
0.28858395318661578
0.39758943855710338
0.70811057139249312
0.6077083879599523
0.72849474129312575
0.30186978414847154
0.72211301145116735
0.91038693489000688
0.89836455140155214
0.5536897731986089
0.82983746239514966
0.33210227283163363
0.68375873525964492
0.39965888854147091
0.7563514428712701
0.93737209372467689
0.9556931930848217
0.60700011404997811
0.86187438576415176
0.64596536594346865
0.78229714159442132
0.32800605188069643
0.8021976555189716
0.093917258145954072
0.50449326598796651
0.62853111752953006
0.84715375605040011
0.54344292314290077
0.59145395932285993
0.9605774321524766
0.58417942499417996
0.95145150928198807
0.70729078627281006
0.44709789604079264
0.34200459340621647
0.70424328171776063
0.43820228277404949
0.70822765883395933
0.33438332690306044
0.63268006032750157
0.13413560907319938
0.36987523422850938
0.17182200411054918
0.55438277951459014
