0.78361855507740819
0.61349712209101226
0.60487606450633691
0.41241223440780722
0.29416731813032426
0.48174775352811405
0.17970205322069138
0.77765521453779218
0.82922493442755529
0.4095019526033617
0.32360093441488402
0.74037496942734182
0.6217789232533002
0.58101777561338896
0.40670356431685833
0.65462628487085084
0.75271876074308575
0.2036278548460991
0.13572221891754294
0.47034201231037598
0.66328347036374535
0.25267775574108997
0.25512421404587976
0.81744393353447919
0.86599732065217494
0.11055479935822599
0.52870752614740857
0.39523233677252828
0.53440170832815248
0.96231335788743277
0.83692564284356663
0.30565117600070818
0.67737624403878893
0.60263531749279753
0.44625655948910725
0.64062647973389386
0.91544691460858685
0.3212855720137428
0.054972984528516136
0.45971131925806552
0.39239558097607496
0.56876271435811421
0.86159143298631558
0.77042117202900307
0.95162081952535915
0.92240366177547628
0.66138654955189424
0.79821911691011405
0.29360546541085081
0.86646260473126313
0.71255541341747497
0.70236593754096854
0.20236102672248885
0.93560834230363332
0.91740073918027765
0.46110027343057614
0.032401952775186135
0.33738240498179889
0.096734336571332361
0.046112328368367206
0.92899118234128197
0.84998840981120893
0.39985631816603506
0.60570194402384625
0.23940557985420094
0.62142373398659667
0.94269347183072782
0.46184905633308282
0.10041875332111
0.82932707603371303
0.41796488388733688
0.73242707532338469
0.60369655282269008
0.37109906345360832
0.13189068722567857
0.54126363685023959
0.57120832353444806
0.049394856541228944
0.99069746485507915
0.23700824753114674
0.066550656928719212
0.59827584951978352
0.62272619461480627
0.35778050207040141
0.733697106976405
0.86234545414908514
0.24175243946649175
0.02937682142529224
0.0025275497228934144
0.085122550444001938
0.41030357722904814
0.92036250355355576
0.72153165439595468
0.7123217092681724
0.99867279685076693
0.72339131026838244
0.74244075840643264
0.5669013074443825
0.15097487273105245
0.57202414834856607
