0.777988
0.485140
0.485908
0.443423
0.182118
0.616927
0.917625
0.246359
0.459818
0.096478
0.602517
0.853093
0.743702
0.002903
0.858273
0.345499
0.283001
0.374691
0.798543
0.198066
0.997780
0.199608
0.264571
0.477496
0.096478
0.848525
0.786693
0.095777
0.766726
0.340578
0.127212
0.111605
0.708345
0.659489
0.513337
0.593099
0.694372
0.933082
0.178993
0.994444
0.241337
0.953074
0.678795
0.669682
0.970956
0.277959
0.793674
0.868502
0.908040
0.785267
0.861686
0.973013
0.229596
0.023215
0.879304
0.448678
0.736925
0.313483
0.450366
0.120678
0.129637
0.384442
0.352834
0.495494
0.062214
0.427246
0.114921
0.000235
0.624266
0.237965
0.470990
0.450260
0.246008
0.682814
0.275579
0.039999
0.280355
0.195361
0.803162
0.929130
0.159873
0.096734
0.544476
0.353929
0.357873
0.124147
0.549537
0.208883
0.087235
0.672406
0.556001
0.745991
0.738191
0.944289
0.742899
0.923342
0.046375
0.198362
0.362866
0.006524
