0.75601138686373348
0.3547520763806416
0.71068503873899824
0.035470956475523008
0.79171768905246165
0.50583251300016518
0.3269658320151938
0.69166293940100232
0.56155931229534517
0.99808715213568899
0.16812013527347205
0.78746001412180477
0.83762848195824124
0.19233913819438692
0.73127155895601148
0.24300210236367689
0.0065055305341528919
0.82748526265973132
0.62710907944092853
0.29288423185678164
0.48514007631621225
0.94823095337061636
0.80891567095710104
0.23226982349158937
0.72756803687132732
0.40580650032580956
0.17203256371481737
0.84891558435546044
0.77843067595659798
0.29658411346640584
0.20206034191873451
0.6100701933725774
0.60593794253023869
0.44352807306278941
0.13956059776185264
0.16760413090540247
0.053960702232666816
0.78240734286199809
0.80251918543584466
0.54896157432433879
0.85722381446624685
0.26553742778861911
0.23496832966246528
0.92167772381241664
0.39317688423322023
0.62959780769631646
0.48393507267201696
0.056910549094198341
0.58277375628343453
0.77942664464307687
0.60723619131236195
0.80176870075457507
0.76650187732371611
0.21449809396198796
0.73634904182105476
0.070360418291013374
0.38801856533471463
0.16056776269966225
0.95601461670290444
0.57517374210381078
0.68694616382768137
0.87235891818320666
0.52938963921486992
0.14106829820085451
0.00461792662754466
0.43903538678054732
0.23193422474990621
0.35631005275387562
0.22932959708621495
0.55912544590267832
0.30888360643301238
0.20032349042128164
0.28307865487297285
0.22158901087975419
0.19466009498469056
0.98960637505701976
0.80955168056804416
0.54183684302236146
0.91702675150847257
0.89302074366775797
0.26710431156279124
0.37621040549885321
0.081281543115884355
0.88996017120647652
0.056435184853425156
0.43115605053521266
0.88222881172188072
0.7787627975877861
0.10742005793877139
0.053564355485764222
0.84231865813647044
0.46710772806568357
0.34289837016105557
0.1543574903122954
0.33782498911481407
0.14956458491527849
0.31230798687546546
0.36696736995478124
0.4792381206047962
0.6125515005510811
