0.099988660786052411
0.24642931179756308
0.95433975939592874
0.32420310827076704
0.15097487273105262
0.6044042147692128
0.42101175114306466
0.83349627241294866
0.98113417903302613
0.10650894450393111
0.14608770219355011
0.47673473589154391
0.117179196978764
0.16423159270271886
0.13767356426844868
0.75044238061094548
0.93961993471568661
0.51930601950135147
0.86478448005094677
0.21677775411694011
0.23858151977619177
0.081062126667963308
0.36940522269506032
0.53977428017021534
0.26538856320856763
0.88978899972196401
0.3193223859278343
0.64928752384088395
0.39896834896970812
0.81092738509524942
0.048735422173729517
0.76053658866070162
0.53348914030133354
0.77120305175116066
0.4648503436253375
0.40810133738367826
0.46270556381694616
0.49959574355443848
0.67465505746532128
0.60428626168310795
0.78119429989618272
0.26051133817830535
0.15163685423660334
0.83055110005907906
0.74117871755811771
0.087939402474053879
0.77198426041758317
0.34084504224560863
0.13828553333660643
0.71290591936996961
0.4786933728583308
0.72269417408366299
0.17628899934452827
0.057010042917803601
0.15483902413778888
0.96196976148359181
0.16708944990815444
0.019968564990985666
0.80668437424742279
0.15008038769279911
0.51401164835356261
0.47673473589154425
0.62355517312558073
0.71629096478891185
0.73669458217673034
0.77765521453779218
0.67098516440531819
0.37289240546877778
0.15982348615276379
0.32558243390935482
0.63991470007483064
0.93348464224609551
0.61007019337257717
0.5257555225070587
0.21449809396198766
0.88703408767930314
0.77109139561981965
0.2289309340821114
0.36762268977858364
0.75396883424804084
0.57249047155453425
0.55947294950770377
0.71815603433596586
0.83288843330793749
0.92138639955382118
0.89520678728645298
0.28692417240679186
0.94705316592162647
0.30064402702865622
0.14412547769461231
0.31323128830936314
0.09903508420835816
0.76874347836663981
0.70283540945808887
0.35493513350598477
0.46603210024924457
0.88381113699222658
0.26109887081954231
0.22543306671735749
0.09233600701038977
