0.898282
0.601339
0.511541
0.954612
0.049605
0.234021
0.828714
0.599689
0.468292
0.663521
0.873452
0.188275
0.116234
0.065911
0.298772
0.109441
0.121772
0.213554
0.469047
0.253036
0.203991
0.516825
0.037179
0.706705
0.672880
0.589692
0.650118
0.257880
0.520774
0.191245
0.014480
0.256499
0.415335
0.884074
0.533261
0.676312
0.476191
0.779869
0.757597
0.673708
0.301379
0.990656
0.363144
0.940317
0.228467
0.083421
0.972609
0.426733
0.234089
0.614798
0.330529
0.098382
0.684585
0.279426
0.813038
0.649288
0.278653
0.002254
0.641576
0.709164
0.945320
0.715474
0.419791
0.988076
0.037018
0.425811
0.945139
0.700840
0.055905
0.323000
0.297069
0.679859
0.423356
0.788882
0.831569
0.659964
0.584531
0.834911
0.488214
0.636119
0.471206
0.218116
0.967567
0.790628
0.348837
0.683641
0.700487
0.155806
0.805406
0.415234
0.718855
0.409001
0.852416
0.365566
0.389863
0.998639
0.748504
0.895039
0.405807
0.439974
