0.085237096315929087
0.42417352414074561
0.14485296873434989
0.085956134385989202
0.079218433419511985
0.98720923746606082
0.088116341749247651
0.80112473859506583
0.63493305519185206
0.69684317810529128
0.57821083092391412
0.73462007450502576
0.34263007154356767
0.84842696918460281
0.30424976881356691
0.89861195079207479
0.00088077830713945268
0.68812597842555367
0.1946017941490982
0.90139622949857123
0.26457093408661353
0.25389872998310525
0.18929872428746289
0.69825434235213968
0.69072012559587204
0.47782239227049439
0.076705749763553974
0.94300226059590497
0.0917529902536664
0.82233337975789556
0.062754857065956043
0.76717491304406249
0.77843067595659798
0.66565406265041949
0.90237027573301687
0.93368526995505008
0.36286555492374878
0.3082185637960525
0.15512855298118752
0.52711721059935279
0.76019787319235965
0.49826366009546352
0.42488934004042184
0.80090994366360824
0.81377437121156126
0.31677438047743328
0.51468630948816174
0.17124407064771929
0.28653002175060066
0.71699058227122947
0.1160077387242648
0.42488934004042184
0.7406046614830144
0.80348281368435825
0.47923812060479642
0.75487710211080339
0.85751030623767588
0.43301507592951743
0.10671859653128793
0.87706708272962841
0.098447261271337419
0.20104071576862534
0.15234884635223789
0.38743725582326938
0.48898342333883438
0.93814768929844439
0.72246173246754186
0.96783574256839744
0.042239359027905703
0.62758306382858331
0.40920158189676936
0.54930709914790099
0.060132459136865761
0.11623367220991281
0.098122028313646747
0.34120154313288587
0.58078373909287551
0.1119330360005522
0.91193535227943756
0.35128587519127463
0.80005006260297074
0.42806760549267797
0.098936898701520309
0.71873848641196358
0.95499225885893946
0.10699869666149427
0.22687985848291042
0.6789136263946155
0.073108527942511201
0.15957603950294016
0.63600040998073282
0.44384243979703708
0.01716106879600092
0.75215008864447519
0.62556883527967089
0.16347308284248183
0.39690106944450571
0.061998243265252974
0.66897168173188626
0.37298694526986564
