0.610779
0.419487
0.840927
0.561095
0.426323
0.887898
0.810610
0.017174
0.899024
0.134349
0.332277
0.566087
0.068080
0.186242
0.650593
0.323773
0.676903
0.525075
0.045042
0.586524
0.587110
0.345769
0.629361
0.523829
0.271468
0.815874
0.042527
0.838230
0.031184
0.147378
0.348927
0.477822
0.997189
0.024866
0.605348
0.459391
0.186917
0.611606
0.160916
0.424787
0.757371
0.720136
0.390933
0.896375
0.310050
0.562487
0.822333
0.234562
0.663283
0.181622
0.012266
0.385793
0.523376
0.274967
0.156000
0.859889
0.834204
0.027193
0.927250
0.692488
0.241545
0.389280
0.826664
0.369311
0.355027
0.444576
0.382326
0.702601
0.210990
0.944472
0.518742
0.509411
0.074951
0.620832
0.323945
0.984600
0.569694
0.071307
0.977619
0.678677
0.999223
0.772988
0.493614
0.775325
0.914081
0.154117
0.188275
0.740949
0.087030
0.797464
0.856554
0.851641
0.092799
0.482185
0.602046
0.186185
0.885471
0.464958
0.705299
0.713140
