9.826936877738593e-20
0.00022084153303981275
4.7336064426752278e-161
5.2274982463840387e-106
5.1467126064966954e-12
1.2944075923646374e-06
2.0801510236831908e-35
2.1087592476954115e-05
1.2321792906206563e-165
1.6023810345180729e-114
3.461346127687403e-25
3.878714289313124e-05
2.014209526598678e-21
3.512361715238586e-11
7.7198667683332347e-184
2.6923822662360853e-98
3.5470091405408026e-20
1.1394387857383855e-07
4.5403412138821418e-30
4.3096150282901915e-09
8.4776088736257889e-182
6.7616447919149145e-99
2.6550832272036528e-34
0.0005076434671469998
1.8945238744863308e-22
2.8939959203454269e-12
3.1652899240541042e-172
5.2870385878465685e-94
8.718588128290265e-22
0.04609594173027224
1.379326532186013e-24
1.5198717837375049e-07
1.1966079896115507e-152
4.6857924347730783e-106
3.910255522188283e-21
0.020530576132542201
1.4581165645152703e-25
7.7146147285674572e-11
8.8874219671052967e-181
5.5002948103064942e-100
1.4837874721052377e-22
0.017252215267644786
3.0878367448046431e-23
7.4274601928287856e-10
9.5630565368703951e-183
4.9897207784645963e-104
6.8251050781542159e-21
0.0032174020826063808
2.3671653497606082e-17
5.6595865316616746e-08
1.4785844025404928e-164
4.9640140929469406e-102
1.4026141681407545e-17
0.0002079997101853705
8.3214429905524275e-39
6.0110095780025692e-11
3.1397207427251252e-178
1.3716011058372236e-95
2.9646089222155778e-21
2.9173652418335319e-05
9.5644824805389134e-30
3.7372638300824591e-05
2.8544612600054238e-168
2.1435794997232954e-105
2.1361360328906511e-27
1.5207523248952323e-08
2.5699032969558982e-15
1.2796651279811823e-05
3.2449335475229185e-163
6.3245766394353794e-104
1.1678222920766804e-21
0.0071795427267070311
1.7051629513145951e-19
8.2665483852072021e-06
1.0048672696757812e-188
5.5002948103061805e-100
4.0303913525432403e-33
4.279079788717127e-09
1.7118114930219058e-24
2.4261459730210062e-11
1.0337987375431809e-165
7.6317137271663055e-104
1.2085676907918206e-18
0.0015628922674277208
6.2235167915043576e-25
5.8548186736235422e-06
3.1043752891367247e-152
2.7190176854087015e-113
2.6989784809994594e-20
0.017734960036656165
2.359626054121963e-23
5.0918642125537578e-09
9.3242730936069364e-182
8.4984667447595757e-98
4.986087128728816e-25
0.00011363175177443524
4.89756794354975e-22
5.139840790423827e-07
1.1926053998110327e-175
6.3711597220214641e-102
