0.000000
0.000000
0.000000
0.000000
0.000425
0.000000
0.000000
0.000000
0.000000
0.000000
0.000250
0.000000
0.000000
0.000000
0.000000
0.000000
0.000361
0.000000
0.000000
0.000000
0.000000
0.000000
0.000011
0.000000
0.000000
0.000000
0.000000
0.000000
0.010442
0.000000
0.000000
0.000000
0.000000
0.000000
0.000034
0.000000
0.000000
0.000000
0.000000
0.000000
0.000145
0.000000
0.000000
0.000000
0.000000
0.000000
0.092953
0.000000
0.000000
0.000000
0.000000
0.000000
0.022957
0.000000
0.000000
0.000000
0.000000
0.000000
0.010829
0.000000
0.000000
0.000000
0.000000
0.000000
0.001043
0.000000
0.000000
0.000000
0.000000
0.000000
0.000003
0.000000
0.000000
0.000000
0.000000
0.000000
0.000675
0.000000
0.000000
0.000000
0.000000
0.000000
0.009250
0.000000
0.000000
0.000000
0.000000
0.000000
0.000055
0.000000
0.000000
0.000000
0.000000
0.000000
0.000446
0.000000
0.000000
0.000000
0.000000
0.000000
