0.000000
0.106404
0.000000
0.000000
0.203567
0.082220
0.000000
0.031115
0.000000
0.000000
0.505274
0.003022
0.000000
0.645016
0.000000
0.000000
0.532691
0.021603
0.000000
0.234021
0.000000
0.000000
0.964621
0.000185
0.000000
0.070072
0.000000
0.000001
0.161665
0.430744
0.000000
0.609362
0.000000
0.000000
0.332453
0.439765
0.000000
0.005464
0.000000
0.000000
0.327746
0.002551
0.000000
0.346669
0.000000
0.000000
0.006258
0.000081
0.000000
0.095143
0.000000
0.000000
0.934617
0.220233
0.000000
0.190155
0.000000
0.000000
0.594863
0.270108
0.000000
0.064049
0.000000
0.000000
0.133327
0.004992
0.000000
0.189698
0.000000
0.000000
0.288742
0.063082
0.000000
0.052668
0.000000
0.000000
0.322914
0.001938
0.000000
0.180413
0.000000
0.000000
0.480110
0.000052
0.000000
0.176289
0.000000
0.000000
0.018059
0.025957
0.000000
0.222172
0.000000
0.000000
0.094733
0.015841
0.000000
0.299015
0.000000
0.000000
