0.000000
0.000000
0.000000
0.000000
0.274356
0.000000
0.000000
0.000000
0.000000
0.000000
0.248475
0.000000
0.000000
0.000000
0.000000
0.000000
0.358794
0.000000
0.000000
0.000224
0.000000
0.000000
0.208266
0.000000
0.000000
0.000000
0.000000
0.000000
0.120405
0.000000
0.000000
0.000003
0.000000
0.000000
0.000619
0.000000
0.000000
0.000001
0.000000
0.000000
0.003011
0.000000
0.000000
0.000000
0.000000
0.000001
0.048203
0.000000
0.000000
0.000000
0.000000
0.000000
0.005526
0.000000
0.000000
0.000000
0.000000
0.000000
0.233886
0.000000
0.000000
0.000000
0.000000
0.000002
0.228268
0.000000
0.000000
0.000000
0.000000
0.000000
0.030518
0.000000
0.000000
0.000000
0.000000
0.000000
0.027679
0.000000
0.000000
0.000000
0.000000
0.000000
0.000927
0.000000
0.000000
0.000000
0.000000
0.000000
0.103680
0.000000
0.000000
0.000000
0.000000
0.000000
0.410404
0.000000
0.000000
0.000019
0.000000
0.000000
