0.000000
0.000000
0.000234
0.000000
0.000006
0.001302
0.000000
0.000288
0.091570
0.000000
0.000002
0.008090
0.000000
0.000000
0.000428
0.000000
0.000002
0.033689
0.000000
0.000004
0.000274
0.000000
0.000000
0.000331
0.000000
0.000000
0.312057
0.000000
0.000046
0.001533
0.000000
0.000000
0.020646
0.000000
0.000003
0.001268
0.000000
0.000000
0.037152
0.000000
0.000001
0.048221
0.000000
0.000000
0.000156
0.000000
0.000000
0.007634
0.000000
0.000000
0.019560
0.000000
0.000001
0.095491
0.000000
0.000000
0.503490
0.000000
0.000235
0.001703
0.000000
0.000000
0.000736
0.000000
0.000446
0.000699
0.000000
0.000001
0.082944
0.000000
0.000000
0.004711
0.000000
0.000000
0.168275
0.000000
0.000001
0.001422
0.000000
0.000000
0.032272
0.000000
0.000000
0.000896
0.000000
0.000000
0.022491
0.000000
0.000052
0.460352
0.000000
0.000000
0.044595
0.000000
0.007174
0.225040
0.000000
0.000000
0.021546
0.000000
