1.8851524848887549e-185
9.0979272187364706e-06
8.7770295080891523e-09
4.9595236687573711e-10
2.4470579772335967e-13
2.3231840895877116e-20
1.0266397348301429e-194
1.1703712468266193e-09
4.8104773402740407e-09
8.3495142810075478e-05
2.9931532043570056e-22
7.1795646515355908e-22
6.2219378285673733e-191
3.2188518421636633e-10
1.5016113333534812e-11
1.2440003212600877e-09
5.8923553417923374e-17
2.0697094082249772e-17
1.0295852086345536e-206
2.1171984816218488e-09
2.7289501707767451e-19
1.4115319044361632e-07
1.8147946020597113e-09
1.0661697038936006e-17
2.5729585152265274e-195
0.0040521764607506835
1.579815971304495e-12
2.4653269127790355e-05
5.2219523326092045e-08
1.4200409945020163e-15
2.6792494397823726e-197
4.314919537419014e-10
1.0924412442244156e-11
1.9298890269023816e-08
7.5230106379850373e-17
1.007531685665656e-14
2.0505093194021521e-198
0.00013528135051295154
9.5830334007655122e-09
8.7239980791546576e-10
3.5122718496800237e-15
1.8234506055589922e-09
2.0474727971738085e-188
1.2505390443284519e-09
3.9576885772107812e-21
7.7700637837107949e-12
1.2864130196186869e-16
1.2641951056422434e-20
4.2836554717435833e-194
9.0854813865356225e-07
4.1727517912489721e-10
7.4396968762834056e-06
1.4538678344447237e-14
2.403045900332655e-22
1.8499467217613929e-205
2.2202988346756925e-08
1.4007474296031698e-12
1.9945215699363102e-07
7.0570308401771723e-11
4.4233611966186647e-16
1.6595931141784881e-200
1.1111039834862945e-09
1.2779641445450601e-17
1.8260139657492284e-10
2.1727686610001527e-13
1.8956125820784239e-25
8.9814671811795425e-202
0.00012663494461737985
1.4472966441194934e-13
8.4576432024708016e-11
2.0806300795773307e-22
8.7876359032566155e-17
4.8507765766411999e-211
2.2201142833491148e-12
1.1786476024951e-23
7.974110854121264e-06
8.0225066536479722e-14
1.1444419389054365e-11
2.1300816176961694e-195
1.0141343537617734e-07
3.4273498078362696e-22
3.9479674821935127e-12
4.2601083873286959e-22
4.104417076759201e-12
1.5874473839592712e-199
0.00013026374901448052
6.1659071892857326e-16
3.9394108296803201e-16
6.1050541811448376e-08
5.3441080567120956e-25
5.5939324775497438e-195
3.3465055012610789e-06
7.5052010811875129e-19
1.3734143903889191e-10
1.0865316353859363e-17
1.3515709791044603e-15
1.9767292619171677e-195
8.9213627316138476e-12
5.4621768153531657e-13
5.7053511368176811e-05
