0.000000
0.000000
0.000000
0.000000
0.000051
0.014911
0.000000
0.000000
0.000000
0.000000
0.000026
0.014957
0.000000
0.000000
0.000000
0.000000
0.000051
0.260732
0.000000
0.000000
0.000000
0.000000
0.000000
0.015112
0.000000
0.000000
0.000000
0.000000
0.000328
0.101217
0.000000
0.000000
0.000000
0.000000
0.000006
0.035936
0.000000
0.000000
0.000000
0.000000
0.000127
0.002186
0.000000
0.000000
0.000000
0.000000
0.000001
0.000669
0.000000
0.000000
0.000000
0.000000
0.000000
0.054800
0.000000
0.000000
0.000000
0.000000
0.000116
0.057973
0.000000
0.000000
0.000000
0.000000
0.000000
0.010584
0.000000
0.000000
0.000000
0.000000
0.001141
0.007180
0.000000
0.000000
0.000000
0.000000
0.000166
0.000116
0.000000
0.000000
0.000000
0.000000
0.000039
0.116762
0.000000
0.000000
0.000000
0.000000
0.003026
0.005423
0.000000
0.000000
0.000000
0.000000
0.005172
0.000561
0.000000
0.000000
0.000000
0.000000
