0.000000
0.000001
0.000000
0.299910
0.781084
0.000017
0.000000
0.000008
0.000000
0.026529
0.642999
0.000000
0.000000
0.000081
0.000000
0.541952
0.050954
0.004672
0.000000
0.000001
0.000000
0.514686
0.259998
0.000002
0.000000
0.000000
0.000000
0.004749
0.871353
0.000013
0.000000
0.000068
0.000000
0.013322
0.473371
0.000003
0.000000
0.000000
0.000000
0.018424
0.055748
0.000000
0.000000
0.030990
0.000000
0.001528
0.007126
0.000000
0.000000
0.000000
0.000000
0.404911
0.074849
0.000016
0.000000
0.000000
0.000000
0.358886
0.019767
0.000001
0.000000
0.000003
0.000000
0.062408
0.804231
0.000012
0.000000
0.000015
0.000009
0.019509
0.074747
0.000000
0.000000
0.000000
0.000000
0.192166
0.871719
0.001040
0.000000
0.000000
0.000000
0.621542
0.556463
0.000012
0.000000
0.003236
0.000000
0.186242
0.429919
0.000195
0.000000
0.000000
0.000000
0.604404
0.071796
0.024023
0.000000
0.000701
0.000000
0.010166
