1.5705667643028134e-43
3.8351392795528015e-09
2.3708568151437403e-274
1.2603617959160326e-58
0.093480812080306119
1.0062367491475182e-51
1.5630720621752631e-46
1.4233963425246359e-13
6.0490173743529924e-304
1.0397283682101494e-71
0.05695032756034403
3.2227166815282889e-62
1.176666373747558e-21
4.5376384448035532e-19
2.0185851359299161e-290
1.6404460486314939e-78
6.2791569012042266e-05
5.6722200198422547e-43
8.7040417072200735e-47
0.0023217821325719891
1.2136208821434801e-306
2.0435741839206485e-62
5.5008891778049275e-11
5.8860939511647087e-49
1.5811195631138173e-30
8.246308980177658e-09
2.8258093064929461e-296
1.7034572717052749e-86
0.13005162838755138
3.8332672671449784e-69
2.9963760353884118e-40
1.3078298001916914e-09
2.2691704883421581e-259
3.1509997163209702e-84
0.00029438869460176009
2.5270449697098144e-70
1.0730921935585e-43
7.4230753151482077e-11
0
3.7736932862171815e-71
0.019685645186031216
6.8658590275168265e-53
9.8581730179125087e-19
1.1449964014896941e-11
0
5.4263989611653942e-80
8.0607501704541039e-06
1.1985835985156889e-48
1.9384769913578196e-57
3.2241640772856301e-06
1.1412381312520006e-274
1.8199884747276235e-65
0.012223539736991869
5.8146990314150101e-59
4.1356882708608441e-46
2.6713610259865016e-10
2.7216466527065375e-248
5.1138027584130118e-83
0.054055465796469165
9.0298584343720013e-58
6.9606081435812655e-42
0.00067816648391087623
6.9673465463614141e-287
3.8711966889036226e-71
0.056218525468692722
4.5268498451495171e-49
2.2424653506971076e-24
1.9961785600652767e-16
0
3.2190051175752049e-53
0.076082418162639748
7.8016068839487986e-47
4.9872043349564426e-32
0.00035627539967142012
1.3427982841479941e-292
1.1986914995287456e-62
0.62166052452800513
1.0510729094975296e-58
6.9596982889041954e-44
1.1761651556762255e-08
0
1.2079250094407831e-91
2.8749512239168619e-05
2.4191423937358276e-56
5.3618160325535836e-38
1.3756507293116414e-11
0
7.7752752003521233e-85
0.016611107445564596
4.8031121122299651e-55
1.0995552707674598e-50
1.5212858780934118e-07
0
2.9365989511802521e-62
0.03899084759104076
1.9309576806453128e-71
1.6640726417200059e-41
2.7035715704422554e-10
2.3526656733072388e-267
1.2821331573720365e-83
