0.000000
0.000000
0.000000
0.000000
0.007236
0.000000
0.000000
0.000000
0.000000
0.000000
0.013174
0.000000
0.000546
0.000000
0.000000
0.000000
0.145721
0.000000
0.000000
0.000000
0.000000
0.000000
0.068244
0.000000
0.000000
0.000000
0.000000
0.000000
0.607708
0.000000
0.000000
0.000000
0.000000
0.000000
0.003148
0.000000
0.000030
0.000000
0.000000
0.000000
0.007736
0.000000
0.000000
0.000000
0.000000
0.000000
0.000410
0.000000
0.000000
0.000000
0.000000
0.000000
0.000000
0.000000
0.000000
0.000000
0.000000
0.000000
0.117065
0.000000
0.000003
0.000000
0.000000
0.000000
0.111424
0.000000
0.000000
0.000292
0.000000
0.000000
0.000004
0.000000
0.000000
0.000000
0.000000
0.000000
0.113253
0.000000
0.000000
0.000000
0.000000
0.000000
0.000002
0.000000
0.000000
0.000000
0.000000
0.000000
0.014546
0.000000
0.000000
0.000003
0.000000
0.000000
0.488873
0.000000
0.000003
0.000000
0.000000
0.000000
