0.000000
0.000000
0.000000
0.000000
0.000000
0.000042
0.000000
0.000000
0.000000
0.000000
0.000000
0.000007
0.000000
0.000000
0.000000
0.000000
0.000000
0.049168
0.000000
0.000000
0.000000
0.000000
0.000000
0.000293
0.000000
0.000000
0.000000
0.000000
0.000000
0.002709
0.000000
0.000000
0.000000
0.000000
0.000000
0.002469
0.000000
0.000000
0.000000
0.000000
0.000000
0.000535
0.000000
0.000000
0.000000
0.000000
0.000000
0.000388
0.000000
0.000000
0.000000
0.000000
0.000000
0.000063
0.000000
0.000000
0.000000
0.000000
0.000000
0.000004
0.000000
0.000000
0.000000
0.000000
0.000000
0.000000
0.000000
0.000000
0.000000
0.000000
0.000000
0.003164
0.000000
0.000000
0.000000
0.000000
0.000000
0.000016
0.000000
0.000000
0.000000
0.000000
0.000000
0.001098
0.000000
0.000000
0.000000
0.000000
0.000000
0.000084
0.000000
0.000000
0.000000
0.000000
0.000000
0.004281
0.000000
0.000000
0.000000
0.000000
