8.4497487834095621e-24
8.2435543558261372e-12
1.5184771828515982e-163
5.3017858502072189e-112
1.8519703997934936e-27
2.4862925322446883e-15
6.4063744603525409e-39
1.1895491620749012e-10
8.8066515535717992e-174
2.1648041912677718e-120
5.9282007723155128e-27
1.5760236661503556e-13
4.9134312799378391e-25
9.0167566451038169e-11
2.4617549758398132e-196
2.155155699015211e-124
2.4316659839277241e-15
1.6944964212262221e-23
2.3347924645053145e-31
8.171742919872898e-10
3.8864017723586953e-183
5.5523555371272255e-124
1.4309285656608114e-21
1.7320106350758172e-11
8.5458883300895397e-30
1.2561619697577472e-14
8.6886975154817594e-181
4.0000318094588661e-115
4.3075164494411163e-25
2.2828040433766799e-11
6.9797346515409503e-33
7.2068657563861104e-09
2.4415470842693764e-174
6.9914338549055197e-113
2.0923928853372409e-25
4.2155610665726834e-15
2.307554637488427e-28
1.1699287203206415e-15
2.2437837672439489e-194
2.2259882609880997e-126
3.6124451597910227e-15
4.6847877369705136e-15
4.2208188451550254e-20
7.8580014276332962e-10
4.0901862870043715e-192
1.0530763348840702e-116
7.6617185117474883e-16
1.5440191480506037e-16
2.3116518774662384e-21
9.7941897729971028e-14
1.9901027967440471e-185
1.6277471345832191e-120
9.457454719808561e-17
2.5450380567323083e-11
5.1886709362472169e-35
3.5356765009775607e-17
3.0486213068608883e-175
2.3774583046425386e-110
2.6347944494183841e-20
3.7901475175849602e-18
2.9367522104998235e-33
1.7004602681081614e-11
6.7014892685907918e-173
2.1746277632027605e-123
1.9217145511219447e-25
2.2462754214080094e-13
3.1591543733759619e-20
7.2279855225772442e-10
2.3433943566950131e-171
1.1510564963009565e-113
3.9719836619317349e-18
2.5959609317290971e-11
7.5016153858172886e-38
5.0969832738430116e-12
8.4024778101757754e-178
8.0317699444820335e-117
7.1572001909141337e-20
1.4215880838000335e-17
4.9278202460159767e-29
1.9939196299533378e-17
1.6764971313329157e-188
6.6730157039539497e-128
1.0015702016268173e-20
4.0003210392356101e-24
1.2675965342070185e-21
2.8059441393004225e-11
3.7153937765957851e-176
7.4821938444473047e-123
2.7064663870531483e-13
4.4855894611554675e-06
4.0842582871062436e-32
3.6237555764117194e-07
6.9457563061236278e-190
8.4708400942493294e-120
1.2536523966616235e-16
1.4966944882555833e-14
8.4942390934711073e-39
2.292156607058258e-09
6.0586582882293878e-176
9.7806673702068917e-110
