7.7511161122323322e-259
1.3904591784438315e-51
0.27290910735305174
1.458335499001574e-35
5.8548186736235422e-06
0.00021923007923829575
3.3346429675366911e-262
6.649391673288323e-40
3.1015300579504551e-05
2.2654906021970828e-37
2.2465732903872492e-06
8.8456911485587414e-05
1.874769676419295e-258
9.0930054097431454e-32
0.047172316268821603
1.2057128851677538e-44
4.2709370786074167e-05
2.0866396553489064e-06
1.3179531392800839e-259
1.397152505589424e-45
0.39946151783500411
3.5372355022571366e-27
0.0001973352418409684
0.013098676023334452
1.8003766228545307e-256
1.0825364555637261e-43
0.0034255167114297506
5.3107290884801279e-29
3.7418086079392646e-06
0.10061780809496676
3.6582964649175989e-260
1.1884952167244781e-49
1.4701784523660445e-05
9.6015797446062954e-27
2.0257204563362394e-08
0.0014110603631743723
1.3247526974053712e-254
3.7580691234492988e-42
0.0042984613698809774
2.2743976102785546e-30
0.00036786737067181271
0.49615773049636558
9.4389086225619687e-250
1.8703315337267538e-41
0.0035580157294142242
1.6427950252308767e-41
0.00020111799074051277
0.18958386545981257
2.5945989332878482e-257
1.9396196480072524e-33
0.076836187549393531
7.6655653571894962e-20
2.3978108831162065e-06
5.5885901073775786e-05
7.0520972783224181e-258
1.8445525825662701e-52
0.026785218635834055
3.3343436365226403e-26
8.2326680537664934e-08
0.00051153297980992708
2.7204945378912021e-251
2.2925955525309646e-46
0.014001147773138713
3.1871048635568676e-42
5.3881233460927133e-05
0.024967816330119998
4.7200947506055284e-253
6.3119860393047901e-51
0.087586474397068959
1.9996702324670776e-35
3.925293037549451e-05
0.0080109300221437134
5.6985243116719157e-260
2.7028676753611993e-42
2.9659667056303708e-07
3.5507377882119013e-26
1.3200525952554052e-07
0.19297513910559996
4.9290713467350411e-259
1.9937526399265405e-47
0.11303171653978679
1.4915534479160055e-27
0.0013639085782331699
0.40123997351540941
1.0643604090178784e-251
4.534213777806788e-48
0.0004080243660734058
6.4055212567999306e-41
3.5461694340700493e-08
0.002595406707096961
6.6296419256713585e-261
5.7092871194918375e-50
4.287944837920591e-05
6.1517008138824796e-33
0.027243524537244639
0.042909211128077704
6.1267262784134981e-253
5.4531856706041331e-36
0.0080203530445334854
3.5734193158014284e-35
