0.000340
0.000000
0.000000
0.000000
0.006153
0.000000
0.000007
0.000000
0.000000
0.000157
0.000000
0.000003
0.026884
0.000000
0.000000
0.000000
0.003119
0.000002
0.005342
0.000000
0.000000
0.000000
0.003211
0.000000
0.001741
0.000000
0.000000
0.000000
0.000058
0.000000
0.000018
0.000000
0.000000
0.000000
0.025909
0.000022
0.000717
0.000000
0.000000
0.000011
0.004286
0.000000
0.255413
0.000000
0.000000
0.000001
0.001783
0.000000
0.000067
0.000000
0.000000
0.000000
0.000034
0.000000
0.005594
0.000000
0.000000
0.000000
0.093201
0.000000
0.000019
0.000000
0.000000
0.000000
0.000009
0.000000
0.218372
0.000000
0.000000
0.000000
0.000316
0.000000
0.004730
0.000000
0.000000
0.000000
0.003233
0.000006
0.008074
0.000000
0.000000
0.000000
0.002143
0.000000
0.002327
0.000000
0.000000
0.000000
0.000342
0.000000
0.000264
0.000000
0.000000
0.000000
0.044898
0.000000
0.006111
0.000000
0.000000
0.000000
