1.8065657555288765e-72
3.4849003333268457e-38
1.4123858044944722e-243
3.4056744333072879e-163
4.63009057653221e-23
1.4293164739534726e-05
6.1078572366345283e-62
5.2771382143504621e-38
1.7343504216241138e-247
5.6481716115091383e-158
2.9492527573995576e-26
0.00026776385092038815
2.2541763058150077e-68
2.6183529162904663e-39
1.1544886268386984e-266
2.2407990638547049e-157
1.572446224446573e-28
0.04915095784931893
8.8169678994145078e-58
6.0810755977024023e-46
4.1682036126312678e-248
7.6696201304265438e-152
1.6690367602830919e-16
0.18200761513829253
8.7764219484819943e-75
2.798621977361756e-35
1.7968803461566635e-248
2.4095043745644676e-165
1.088266767180512e-18
0.012523297006625918
1.231358794790609e-64
5.6106834983420462e-46
4.9138913696069697e-233
1.8081514726584058e-169
2.6476419861001026e-21
2.7052388343383079e-06
2.2731557316159267e-59
6.7523383214663862e-42
2.7962661511320701e-237
3.8495965282890494e-157
1.0659709169314166e-26
0.046739016020083797
4.2502039273516367e-49
2.7804509680541745e-47
1.3498605306914914e-245
1.0068606868635876e-147
4.5459288327402743e-24
0.00012439737425720855
9.5994973542320795e-56
3.2803731919334792e-44
5.2751411720412094e-256
8.8385130916881041e-156
5.2742416051110447e-25
0.0063555772453209687
4.4679000027430645e-62
1.0249223097041936e-44
1.6299969619051692e-248
2.0203433347991608e-154
8.0552281226339898e-20
3.4085501073563179e-05
1.7343356946150398e-40
7.7900962628565393e-34
9.070329504786867e-247
7.4459310017195534e-164
2.9137636692719883e-31
0.00047150773195176859
1.4377630195665136e-63
9.0757665435441442e-44
5.9428267440217515e-252
4.2830766161762064e-153
4.8981946187849729e-20
0.00017874902221964319
1.1738638210581246e-64
3.7313923377895394e-36
1.7566450161682488e-260
1.2990392659956038e-163
4.6432187179744969e-21
0.49637922147562064
4.3522734759029519e-71
2.5192912697274668e-36
2.5226792000699159e-243
1.5521812059800553e-168
1.9743907529461842e-27
6.0921836883713342e-06
4.587827432003755e-62
3.4792145784594741e-56
1.7100462325997759e-243
2.2697131219402513e-143
3.9502388195431353e-22
0.031047136924940662
7.0235332904774216e-70
2.2895406677481264e-53
3.5723884888345399e-250
6.0428390498540377e-146
7.304368267579946e-23
4.4692947878441069e-07
7.947613466535635e-81
5.8668281845250003e-47
2.4253334715347229e-255
5.8787636989009136e-166
