0.000000
0.002281
0.000000
0.000000
0.035833
0.001330
0.000000
0.008469
0.000000
0.000000
0.087880
0.234833
0.000000
0.000461
0.000000
0.000000
0.777655
0.035177
0.000000
0.583945
0.000000
0.000000
0.000452
0.481639
0.000000
0.001050
0.000000
0.000000
0.107808
0.489314
0.000000
0.012219
0.000000
0.000000
0.323687
0.175538
0.000000
0.001702
0.000000
0.000000
0.066025
0.330966
0.000000
0.015373
0.000000
0.000000
0.614679
0.005480
0.000000
0.012974
0.000000
0.000000
0.748618
0.025144
0.000000
0.000639
0.000000
0.000000
0.483497
0.022399
0.000000
0.004799
0.000000
0.000000
0.164080
0.203991
0.000000
0.016293
0.000000
0.000000
0.225433
0.378974
0.000000
0.003464
0.000000
0.000000
0.031378
0.012375
0.000000
0.078710
0.000000
0.000000
0.047323
0.206425
0.000000
0.016078
0.000000
0.000000
0.709983
0.639440
0.000000
0.008462
0.000000
0.000000
0.316097
0.200981
0.000000
0.138023
0.000000
0.000000
