2.87510157505187e-08
1.6659174046833861e-25
8.3513706416997286e-81
6.0957539742967931e-30
1.0556341559124877e-19
4.6889561578368141e-09
9.3383021631165301e-06
2.3266818997169355e-20
5.2205606086973464e-75
2.1745027707234428e-25
2.0585030882946856e-32
6.2474370313852797e-09
3.2666280635832954e-05
1.0326328155296479e-19
1.8640363674048079e-65
9.4420374842342286e-18
3.8403260103220431e-34
1.0257752795867861e-10
2.5489150654056646e-05
2.2371660745380886e-22
1.1120247350718004e-70
1.793604038414798e-33
9.8073481980250538e-24
2.2795376687686572e-08
0.00026456408665691657
1.2994100549912458e-24
1.4487320270169089e-74
2.1395448577169059e-25
2.367147461250761e-29
1.1679185346975786e-07
0.00060080249753127356
5.8399309553613024e-28
7.7383301558062909e-73
3.8218247970698689e-32
4.9343279694278867e-26
1.4492808447797505e-05
0.0032898073141226325
2.8045804587984813e-17
4.0620270734854445e-74
1.034704715546204e-31
5.4464292352379362e-30
7.883919416384545e-12
0.017063918512110064
1.7912514729087646e-23
1.3279959014375739e-71
1.0394127617590239e-32
2.6648000712551873e-33
4.5743261900679987e-10
2.0342884010536316e-09
1.3494420613183879e-23
2.8821493305909493e-72
1.2374798332431896e-26
4.1062979077038001e-23
3.6471260518072796e-11
6.449663678515053e-05
2.4494151192778535e-23
8.1081866773813819e-75
3.8094550502510234e-27
4.0696400845368136e-26
1.1304372407411995e-10
0.001967596649891711
9.4757162482343856e-27
1.0936545989959164e-70
9.0166101997081615e-29
2.232941830688966e-20
4.0102168058575902e-10
5.9389182742468095e-08
2.4223702151402397e-23
1.4465100972496714e-79
9.7657198664287714e-33
1.3409836821061999e-30
8.2339697215713016e-13
4.3432035608137146e-05
7.1085319554095589e-18
1.1431516625304233e-67
4.2813031916745581e-26
1.6349844025968949e-25
9.1568062759601164e-08
0.00015848734636630702
4.1244459662787201e-19
1.3154169382922772e-77
5.8249828673363716e-32
5.9192438297933065e-26
1.8852046686324343e-09
0.094512470865890735
4.9921714307358934e-19
4.279491174764312e-88
4.065581390609434e-33
1.8551553594578033e-28
7.8392637169130483e-10
1.3015386897025412e-06
2.7453775722054548e-19
3.4470550545110732e-67
2.9333133322342058e-30
3.1944195271383254e-32
9.08499085672245e-09
5.9278664176335672e-05
2.9750663262677082e-25
1.6642696224580167e-75
2.056831685341747e-35
