6.7329270331193232e-152
4.0949730413756845e-11
5.5080804420301664e-39
8.3694560553740161e-42
1.1049148386746618e-13
6.8691409973592855e-06
3.6935942862171084e-140
1.3279234433258578e-09
1.6550875634795655e-31
7.3944314083370847e-45
1.3413132387928592e-12
9.1604255656204729e-05
1.530355536789185e-134
2.5303230736332335e-11
4.4460219120446969e-31
3.3088327494610028e-23
2.4907445550810514e-10
0.0045282655340458094
6.3342950299723307e-143
1.0305798497266269e-08
3.6092854318098394e-32
1.6635588638446537e-31
4.9211292998067571e-11
0.40133891628601881
5.2595702389580436e-153
4.0595618716079281e-11
4.1713679862968378e-35
1.2249846670735897e-26
2.8957761338126153e-09
0.00062910992280954068
3.7235813712904695e-144
1.503255798240624e-12
1.3374672613065826e-18
3.3260262305505868e-18
4.3275768652176844e-12
0.00011522619620813088
1.0030238863468057e-150
2.4039021741313238e-08
4.8211208017786657e-29
6.2516106951865444e-28
1.3401534930880215e-11
5.3881233460927133e-05
1.5508450967590801e-136
2.3768042502661587e-07
3.7376194035600679e-29
1.2320024226185856e-22
2.6694705858082615e-08
7.1924237459966401e-06
3.5349751303407628e-149
2.2479133406017391e-09
7.5957460014155344e-26
2.6269483050869242e-24
1.2786003828279539e-17
6.4254832105251456e-06
3.3466079316774981e-145
5.3843853882058165e-12
1.8685264963254688e-33
7.8185436563282794e-28
7.8730237101752415e-10
0.00036991392279663558
1.4060259019012727e-138
3.3143705232231939e-12
2.8166055081446023e-39
2.1579759044366583e-23
3.4225137649613968e-16
0.00014079424573597887
2.0536345089070773e-141
1.2803435326557429e-10
4.323477587251732e-29
8.4057688768755369e-25
2.4363386392668763e-06
3.5913619748167143e-08
5.6630286670888277e-158
1.8488916153735068e-11
1.8661349795944897e-30
5.2004152672643665e-27
9.9943458756072042e-09
3.610064987857239e-06
4.2843123277533433e-138
6.823461486882298e-08
3.713949592728737e-27
6.447344256232756e-29
7.5629693340183335e-09
0.00018116051336680166
6.7570685600072617e-155
1.6654490881988514e-11
3.066818354756935e-27
1.0408619262610577e-29
6.2044256503056379e-13
2.4609457539288067e-05
3.33378802474921e-141
2.4065636351880403e-06
9.9902605614522868e-38
1.3709800081000404e-24
5.1542789731822952e-11
0.01752841567470366
2.3312493960183887e-146
6.0612820334090686e-12
9.2523633922676374e-27
5.1995929494912891e-30
