2.3168776480427457e-81
4.7240788080037904e-43
7.5071919662804316e-196
5.9676706660775163e-136
0.15363756246317639
2.1650477665914595e-09
1.413667491159792e-116
1.0562166997647062e-40
1.7414524040872046e-211
1.0298894191939044e-144
0.0085888142583765478
2.0632543727187078e-07
1.9999844483534083e-100
3.5287983056610884e-40
7.0674254236237987e-233
8.297940821742476e-151
0.0066195697500611335
3.7622327171503544e-06
1.648970473439614e-87
8.328218832546944e-37
3.3483011892845822e-228
1.3291933742290719e-133
0.0018914963562643027
4.8333228718936995e-09
5.0811163724522911e-95
1.4220976733161206e-54
3.9702477217689401e-221
1.0876207586419326e-146
0.0084953340092396266
1.2828000539474736e-08
8.0108218318835636e-98
2.3087745548039433e-42
1.4969137862818719e-198
1.9604682845278748e-143
0.016523176438770576
3.2144169286967241e-12
1.7206217282323385e-121
7.1931270470105809e-49
3.0064290852625204e-218
3.0024633584901905e-144
0.0024765269692714614
7.8075997901541256e-13
1.249254265159331e-81
1.0131047146370136e-40
5.7917246392644909e-216
1.3639946902485112e-139
0.11200598958203715
2.7099007439096575e-08
7.9114993175152086e-105
7.5071128008380884e-43
1.1426326125354096e-208
2.1433046275290328e-142
9.7063319706005992e-06
2.4563912062992961e-06
4.6374809013929705e-99
1.1257520876667891e-39
1.5807333715101059e-204
3.8860093373696063e-148
0.088086829838481873
3.4389271951935007e-06
2.382850311175242e-87
9.5978322472525864e-42
5.7030495672565475e-218
1.4173772582654207e-155
0.0023959850424489387
1.6737907272058526e-06
4.1662936673751466e-87
1.5031992492008793e-38
1.3815322935891292e-203
1.725857221621786e-137
0.0002128072642318114
7.5593945098321203e-09
1.4918893606422712e-104
1.3952117051495912e-33
1.9901583141388575e-235
4.8253224376952163e-157
0.03826743219670492
9.3951220794814484e-07
3.9590221561906036e-103
1.2027736950718626e-42
3.4645861106471704e-202
3.6785535811872939e-142
0.00093944644786394063
4.6267083611428848e-07
2.7244024766019612e-92
5.404054169886807e-43
1.5100119640140444e-192
4.6770929473129441e-141
0.0023552298223534348
7.4670370366170393e-09
3.4219589261873876e-102
1.5567826841157213e-48
1.9938454938333382e-218
4.2205177708218279e-137
0.0065390257475234958
1.3729178033050252e-08
4.3181959539585592e-80
8.2982709911337461e-53
6.1761909575250037e-210
8.7236925741153959e-147
