0.10777230493925571
8.5001591676816988e-07
8.1934028242417668e-07
0.083168183552661604
1.6814627953055984e-15
4.8652336614410375e-13
0.2949713209349234
1.1383604916319392e-11
2.390068030128197e-11
1.4420378012687974e-06
4.5359432296743058e-11
1.6526059432000584e-11
0.25289289430695466
8.3109450659141963e-07
1.9195958723268366e-09
0.01975972817690454
1.3447791317082723e-13
6.9524414441310329e-11
0.099198918180989623
1.4350843983556211e-05
3.6287846223385067e-07
0.00022036637165219727
6.9037895302560987e-17
2.1509968986738722e-12
0.17569861019137989
0.00029050295321704397
4.2185045872938793e-13
0.00015603461292533057
2.8490678531815554e-13
2.5654318986460655e-09
4.0183367194560326e-05
1.8275473704077317e-05
2.9571011877899076e-10
0.0045591803076396658
1.204132053004778e-20
4.278228351367036e-18
6.2934585822417092e-06
9.4385340057473783e-11
1.8392110160676322e-10
0.0015784664025952967
1.3071048871588557e-18
6.3532529132687765e-10
0.0001210874564554602
8.2173115557752466e-08
4.3066672132131504e-10
0.014238562999710122
8.3462212894154544e-16
2.3071072319025062e-12
0.00016890233918376524
3.5447255884365898e-09
3.329941872163841e-13
0.00010176752364532714
1.9684256608042688e-15
2.2629147863743e-10
0.0039334150087714844
8.5119489229811284e-06
7.3164062510029947e-19
5.9159585125277007e-06
5.3801226923824239e-13
1.9372223469417212e-19
0.29304439432708523
2.0535977593155957e-06
1.4936382479881557e-11
2.6959346454749246e-08
1.688121291359947e-15
5.249786095231007e-16
0.010333051578311506
0.0047718193740266214
2.085224227404531e-09
0.02412111160921715
1.0872139822573406e-12
3.0880114458017723e-14
0.010474177234184513
2.4764521279463749e-10
5.2558788075767028e-19
0.0063380084696644731
9.7676733878106666e-12
5.2164147975462227e-15
0.0086866723338308166
1.6873472175316124e-09
2.9877866787970042e-11
0.0018393321640456468
1.3504139539239059e-14
4.7241510923475914e-08
0.010608924894953993
4.348289855818157e-08
3.8706328055925675e-10
1.0029964195430712e-05
3.917239580544734e-10
2.079925636693473e-14
0.0021835870093815917
5.8829842479922137e-07
1.3850955469564175e-16
0.0085720493452271524
2.1343828828902537e-09
7.0669438964230243e-15
0.005534343496403445
1.4014299393825284e-12
1.4560156461161342e-14
6.2805815010973734e-07
