1.713245026559435e-06
9.1022588942534909e-90
1.3773707778381318e-89
6.4756667346476464e-119
1.4549354026140579e-47
2.3534382786908812e-30
7.6472460450125933e-08
4.9455869742295834e-88
2.9106797752143234e-84
1.960212072941849e-123
6.8935552446002353e-46
4.3186513784889454e-42
0.0018122851794902155
5.2030017653269778e-99
2.5749271954904065e-117
2.8941874725480406e-118
1.7759876938268821e-44
2.1703149405397056e-41
1.5005746323263632e-06
1.9614946444684616e-90
3.0593954603442125e-117
4.1291145915591323e-121
1.0615149178284649e-48
1.9471480662255667e-40
1.1968748063315055e-08
1.1303691498092318e-91
8.9200239822991034e-96
6.6848856127813614e-134
1.3204518988651723e-40
1.5948868563328606e-30
2.8337146582124292e-06
6.5885861900785114e-95
2.052731638726297e-94
4.1592586614243291e-124
1.3223471719978467e-62
8.0188186139439698e-46
1.0070131020602313e-08
9.7600829812002625e-92
1.1604083192758471e-101
4.7560638085996447e-117
7.511712349755813e-54
1.7130231164569952e-44
9.8779242967119125e-06
2.0460521693895646e-95
2.2610784043156629e-125
2.4116286378392615e-120
2.8806787575683889e-44
4.8450110817881326e-33
2.418634197124858e-09
2.3687276759441673e-85
7.8573500510733912e-94
7.6637109483370228e-125
9.770556121968862e-58
5.7365861714458692e-46
1.875962659581329e-07
1.3716688389347219e-96
3.7943690526207805e-90
2.1264546466161226e-121
7.2326006108421125e-55
1.7691338162644127e-43
1.2819605170504853e-05
6.254644476625645e-105
5.9823462893560921e-97
4.8263581304403234e-138
2.5441226984756421e-47
4.9830659473609188e-41
0.0050722972678201418
1.415372706383864e-82
1.0311270357687743e-93
1.782499879135785e-130
9.3117179488021516e-45
2.0892115755522439e-36
0.0033125046659281338
9.4821185609067883e-102
1.9245164363968271e-98
9.0358539745420317e-128
7.6777099012633359e-56
2.2412030723946476e-37
0.011563869323243723
2.4282785400496049e-99
3.9213136574231509e-96
9.335174002789792e-124
1.3875334116365683e-52
1.952169895502722e-37
1.0115933747464202e-05
2.6005871465168885e-100
5.4964652484651315e-97
2.3790921344337208e-127
9.3737684142478721e-41
1.3384599824751294e-41
0.00015671215740014477
7.5064645708137658e-90
3.5142559228984733e-116
2.8961750123606729e-111
6.6439724328827288e-56
2.4980637379360379e-42
4.0360855508424972e-08
3.6355189179474667e-93
7.7120082874309125e-104
2.9613005070092762e-112
