0.000000
0.000000
0.000000
0.000000
0.000000
0.000001
0.000000
0.000000
0.000000
0.000000
0.026344
0.000000
0.000000
0.000000
0.000000
0.000000
0.000451
0.000000
0.000000
0.000000
0.000000
0.000000
0.000533
0.000000
0.000000
0.000000
0.000000
0.000000
0.000271
0.000000
0.000000
0.000000
0.000000
0.000000
0.044357
0.000000
0.000000
0.000000
0.000000
0.000000
0.045965
0.000000
0.000000
0.000003
0.000000
0.000000
0.000016
0.000000
0.000000
0.000000
0.000000
0.000000
0.000544
0.000000
0.000000
0.000000
0.000000
0.000000
0.160817
0.000006
0.000000
0.000000
0.000000
0.000000
0.001849
0.000000
0.000000
0.000003
0.000000
0.000000
0.004810
0.000000
0.000000
0.000000
0.000000
0.000000
0.000011
0.000000
0.000000
0.000000
0.000000
0.000000
0.208636
0.000001
0.000000
0.000000
0.000000
0.000000
0.000053
0.000000
0.000000
0.000000
0.000000
0.000000
0.000000
0.000000
0.000000
0.000000
0.000000
0.000000
