0.053752758048940655
2.0167939788681167e-100
1.9067866029329821e-296
3.2970559153603984e-214
1.6753426323614247e-09
1.5590467848138593e-15
0.11612065753933529
7.7253108095117033e-97
1.0022930447035259e-285
1.1447998873808474e-207
0.0063030110202672201
1.5672285696251423e-17
0.0083700272002347927
4.3153244471349264e-93
1.1097979160425849e-297
7.3759683413009248e-206
0.065458317076642403
4.5338167063568513e-09
0.35092232691898323
5.5959795790357271e-87
2.4507298775102233e-292
1.1992350445458428e-214
2.6446853210592602e-05
6.475858546748116e-10
0.011875605826649755
3.8894304852295225e-88
4.4938432028382427e-277
5.1260497333757509e-200
2.5139237359182902e-07
1.3602822266219936e-15
0.082303285682785665
8.5081620977939717e-89
1.7865671833911808e-286
5.1453443789584641e-212
0.00017222310413271335
1.1315249934618822e-10
0.00081297096258194676
2.2117666640969756e-81
2.3463957892690959e-271
4.738821638450323e-204
0.1176354251212909
5.6348224300319892e-16
1.6266119175165098e-07
3.1858009619245694e-95
1.7312232063586297e-293
2.2790445832675861e-191
0.00010373941157369166
1.7933995487162544e-11
0.00030543756593612965
7.7066042968257876e-101
9.9992659785157144e-288
1.4569573366229821e-203
0.014831995082424372
7.8488975578509021e-15
0.0046457149311195925
4.700974686183415e-99
1.5604150414184648e-293
3.4524043253825334e-211
8.9324286535293792e-07
6.1678009910675177e-20
0.0059136768293522905
1.5299883892670436e-93
1.025081431023947e-284
1.0577857914140281e-210
0.039004883008631232
4.2870665207086775e-13
0.00026513270608759319
1.0382505633993458e-84
3.0696815638453916e-290
1.3995402847503047e-209
6.3767350566010768e-07
6.8943479902989116e-14
0.0048525479464463723
9.2959256992873437e-87
1.4548719950311167e-279
4.6287136492741305e-212
7.0475342577382252e-05
1.2896743187082528e-19
9.0292827867569862e-05
1.2324182724106388e-92
9.9005142034733398e-272
3.1670860217436148e-215
0.00961680568886953
1.9501601552286465e-14
0.15672914299517274
2.2866333675887117e-103
6.9206162070451553e-297
1.1945456339864882e-215
0.00014294908758326577
1.5906265196437498e-09
0.00042813302319557873
2.2619230446255861e-92
1.7423034225233368e-288
8.8483820986475626e-210
4.533816706356867e-09
4.9539478554272468e-13
0.34084504224560874
1.5165135192621126e-100
1.7716892053155334e-280
3.4144486533290557e-211
