0.000027
0.000000
0.000000
0.000001
0.127539
0.001673
0.000704
0.000000
0.000000
0.000000
0.361938
0.000121
0.060763
0.000700
0.000000
0.000322
0.210369
0.000001
0.000001
0.000001
0.000000
0.000000
0.525189
0.000000
0.000117
0.000043
0.000000
0.000328
0.334295
0.000005
0.000003
0.000003
0.000000
0.000000
0.531552
0.000093
0.000246
0.000070
0.000000
0.000000
0.198539
0.001140
0.004331
0.003635
0.000000
0.006406
0.216333
0.001864
0.000006
0.017442
0.000000
0.000002
0.626635
0.000024
0.000024
0.005681
0.000000
0.001198
0.239543
0.000000
0.028432
0.016072
0.000000
0.000001
0.222432
0.008579
0.008211
0.000002
0.000000
0.000000
0.136197
0.009022
0.000000
0.010572
0.000000
0.000003
0.391908
0.000029
0.010955
0.000044
0.000000
0.000011
0.768072
0.000000
0.000002
0.000000
0.000000
0.000004
0.122323
0.022821
0.000201
0.000101
0.000000
0.006351
0.156924
0.000023
0.020958
0.000349
0.000000
0.000201
