2.238431574224498e-05
2.7327227111687381e-18
3.7755205984621349e-67
3.0372115392073809e-19
2.3394678342817611e-23
3.7044888018554361e-15
1.2380855791592596e-09
1.8893252273688067e-10
2.0493961590723996e-60
1.1725272894812404e-20
1.0940361048080299e-25
2.0694131104477954e-11
5.2714595502922231e-14
2.9416840506180933e-17
5.5133827002078502e-61
3.345208729957674e-11
5.4692312088051776e-28
2.5862370303359166e-09
9.39038881404105e-09
7.6393029118410489e-12
7.4475597065727285e-59
2.4808047769931244e-13
6.1990400218888207e-27
4.5003462205463733e-07
8.940635978247037e-07
2.6655493978198657e-19
4.0416404308036472e-59
1.5648908002016811e-17
1.7969661198530775e-24
5.7300571840497309e-10
6.6978129338354259e-06
7.4257999604201307e-21
4.8324024504864994e-62
1.9175728944590484e-23
5.2918386304711167e-29
3.5580177589900959e-06
0.00021548386283312714
1.0449209501371524e-14
2.4911738767498416e-61
2.7948621878155331e-15
3.795147669630322e-29
2.1365142920188435e-11
0.0011321948975370174
3.8595330079949957e-14
7.9810195934407341e-63
1.9277723617151919e-20
1.3246274338357579e-24
9.0849908567224881e-09
8.2982520409251289e-08
1.0494299252944129e-20
1.1029929962244674e-55
5.8457170978250911e-17
5.3755062337282866e-28
1.8641860627053053e-13
0.00019395712104081764
6.2201069702931902e-18
7.038174531246289e-63
5.8441279347635841e-09
4.1883410773055084e-31
6.1862327673145326e-17
1.6198218288757742e-07
4.3284655504232067e-24
1.6406060770563624e-63
1.6582126236810586e-11
1.531436691162216e-29
1.5229033593174921e-08
8.8034678523384449e-10
8.5119504879484336e-19
8.3323335457111695e-62
5.3830684062716929e-17
9.3514361100089312e-34
2.563332960175473e-07
2.4278473343597488e-09
7.3271367723098095e-09
1.954835010168421e-60
4.7384855959887188e-16
1.8689330845709591e-29
2.5731513386040913e-06
6.1193440638299431e-08
4.7594713419131397e-13
3.3084628622430339e-63
1.0877908260458033e-22
2.6755503052638054e-34
1.847103928260542e-11
2.3728081881140002e-05
4.8732878508607565e-15
1.2384447792470331e-73
2.7105908666058892e-24
1.1726746808906468e-32
6.6886475097011673e-12
1.7329078220116162e-10
7.9925754513170663e-13
7.4241473918439643e-53
7.4375935273169606e-17
2.2464701635241387e-32
5.4183202339811801e-10
5.5866890641265303e-10
1.6863361683733853e-12
1.0205381133317122e-66
2.7303153627361057e-19
