1.1455141286169928e-70
2.2661450022465971e-13
8.7481935053943858e-185
5.8379595731238649e-66
0.46249136150542103
2.849858790637265e-131
5.4569719600971582e-54
1.1433483418252671e-09
1.0494813130508499e-167
4.3384030652160998e-23
0.48327838838675286
9.4442306715111965e-106
3.5590588552229785e-38
1.5311431009278096e-13
1.5182566010130044e-94
0.00021363441711584486
0.0092137219981303052
2.4476484814225338e-104
1.2212890702414449e-50
8.9995640996301075e-09
1.199141594634059e-87
7.1783110471884654e-29
0.044962137253531209
3.997936741235684e-115
2.0701598865025103e-38
3.4441681192012442e-13
5.0704102205537316e-129
8.1227868605978575e-43
0.79713976300118428
3.8846880889824272e-137
5.1749231917784022e-72
8.0524814618122317e-17
7.0902211764378805e-154
7.4890524211964631e-32
0.0246916786645777
4.3033424345607956e-97
8.8880064395788828e-50
3.1972756015554681e-12
9.3501948120313278e-135
1.4364002582044348e-39
0.10101696319213917
3.6156666462099283e-107
5.6683306619295016e-31
1.1277544861183156e-19
2.3665935017931949e-74
7.6392238183168517e-64
0.00020612449788199081
2.6068379739679254e-122
3.2323671257332407e-53
1.2208370770531205e-10
1.3582046987447787e-142
6.8812110194083948e-37
0.00026399666484010594
3.6614274969051825e-119
1.4375577258606932e-49
2.0700822530949911e-20
1.6968859255530642e-174
2.1209982969480917e-27
0.020453764971012561
1.5463135679707363e-105
5.9839145751436412e-48
3.0638301180301467e-14
2.1964722293699739e-162
2.8027152038232342e-23
0.91544691460858685
4.0126498986109053e-107
3.4663188105531863e-29
4.5295207580936783e-07
5.4200544030450869e-121
1.6332634289350978e-31
0.020592221129025909
5.9233978342213854e-103
6.3291168865258358e-40
8.2696446722866348e-15
3.0357491976450179e-144
1.4453928199560682e-21
0.29128611567230339
2.8086337546273412e-123
5.4914009037534273e-57
2.4363991489786075e-10
4.9259554782687065e-143
7.0332687752988511e-16
0.00073620649434593126
3.5541433816778419e-131
2.1666224405487729e-47
6.8362604010681224e-12
1.0697637730432207e-149
1.7800186773574278e-27
0.085754259419999118
2.2740249177347303e-121
7.3649562953081299e-55
0.0014525656408265896
1.0002169657954661e-96
8.8245191283704258e-65
0.75362804289375462
3.4093213401867057e-87
3.4994826155961855e-49
3.099337174492139e-12
1.5138074114126011e-131
1.1862228272927584e-51
