8.5439783000552867e-49
9.4694758499095467e-20
1.4865860480485156e-177
1.3428065498404908e-130
1.0746076158952497e-23
0.37355450585213873
4.6420411753632518e-43
4.3056227108303274e-19
1.1405120264591391e-183
1.3491331514926348e-121
3.099701638554926e-27
0.044089413850075511
3.0422965065160345e-54
3.8300354746134161e-18
1.266331009408511e-181
9.1305003505375587e-125
5.5417511537618135e-24
0.12639924990698112
9.4157711439946805e-49
9.4862936500280447e-19
7.64253512732896e-179
1.6259405688683048e-116
5.2218296617061388e-32
0.069140277932440458
9.1492923998323081e-43
1.905287885989558e-16
2.1234499561444963e-173
3.3816659472563562e-120
1.1691186347978411e-25
0.20140010728407692
1.402367841576772e-33
6.9279256821609459e-13
1.4835761181173227e-168
1.4585263645365252e-127
1.6536927158381068e-30
0.081556562445513722
8.0883002593555769e-30
5.6976537052350395e-15
1.0987400184433269e-176
1.1496148034731057e-125
3.4172507042668984e-29
0.14567513269852167
1.6091329549224208e-35
4.9889535500869422e-23
2.6955120127414289e-168
1.1947657514170554e-120
5.519312478744297e-26
0.25671683732503925
3.2131426330318127e-43
1.8567954251651988e-16
1.7423035928913484e-180
8.9467699200497922e-123
6.6136264145723033e-30
0.077307417610549378
3.912153427043332e-43
3.0463382247071401e-19
1.5760235686297158e-168
2.0768823472788965e-121
3.0837680742437185e-32
0.18090670344865642
1.9247940633111118e-33
3.5580859372798544e-12
1.2525549872966187e-201
6.0365072106907651e-119
1.6891000762375662e-41
0.25875476487615784
2.2835573760714506e-38
2.8865664795814125e-22
7.5466861576539617e-179
1.4355142741320581e-118
2.1107516439860865e-36
0.10501700591544053
2.8291293937701195e-43
2.8954987484637597e-14
1.4546462051102649e-192
8.0932616595661586e-120
3.6530110778881296e-26
0.22321146127084246
1.36293953327549e-35
8.9933863432737754e-16
9.557407832991844e-172
1.443815970979994e-124
3.0804476701089344e-30
0.071355399977937856
1.9938258562824083e-43
4.2025926773301108e-22
1.4424856039149058e-171
3.1953900938777832e-117
3.4310823040730273e-27
0.7033047913388637
8.5874354598194128e-45
8.168426770213072e-15
4.7525402473064109e-187
6.8586762098186644e-126
5.2518103553478868e-26
0.27131668851406898
1.0616127497217482e-38
5.047741626383531e-22
7.1906255548127849e-175
1.5357469366584512e-120
