0.045429
0.002710
0.000000
0.000000
0.000000
0.000000
0.000376
0.037556
0.000000
0.000000
0.000000
0.000000
0.072685
0.003282
0.000000
0.000000
0.000000
0.000000
0.407302
0.357781
0.000000
0.000000
0.000000
0.000000
0.354295
0.002592
0.000000
0.000000
0.000000
0.000000
0.005798
0.000051
0.000000
0.000000
0.000000
0.000000
0.005117
0.375071
0.000000
0.000000
0.000000
0.000000
0.001559
0.018046
0.000000
0.000000
0.000000
0.000000
0.348385
0.153877
0.000000
0.000000
0.000000
0.000000
0.005561
0.000717
0.000000
0.000000
0.000000
0.000000
0.005709
0.317792
0.000000
0.000000
0.000000
0.000000
0.057470
0.021242
0.000000
0.000000
0.000000
0.000000
0.072141
0.143672
0.000000
0.000000
0.000000
0.000000
0.091021
0.240922
0.000000
0.000000
0.000000
0.000000
0.007087
0.000423
0.000000
0.000000
0.000000
0.000000
0.161115
0.001122
0.000000
0.000000
0.000000
0.000000
0.054093
0.001128
0.000000
0.000000
