1.7058008860627383e-267
5.8662162740341385e-59
5.2128603476235888e-30
2.3531182838672658e-70
3.4492221987734123e-13
7.5070455110342734e-06
1.5736417163438068e-267
4.4396467061382787e-30
2.5819368213084312e-21
1.8242926694105509e-61
1.347615903273637e-06
2.0757389577105578e-07
4.8607221408348106e-262
2.5350197653284156e-50
1.1502802398368379e-26
1.4612692438033966e-67
2.381216088849364e-07
9.851331444396171e-06
3.7382115157219644e-273
5.0849404265842208e-47
2.1642146225437922e-32
1.3026946869572051e-69
2.5220924170674868e-07
1.3467343954912647e-07
7.564660979447763e-278
1.1337042456854373e-34
6.551604033797843e-19
9.0617284369659255e-57
1.21212537516626e-13
8.5196202685667075e-09
1.2250167216076117e-271
3.0517603254117805e-35
1.8249551233554131e-17
2.1702434628008651e-76
1.0808108941504401e-16
7.1971340863902591e-07
4.7977318832889723e-281
1.3218112240788585e-40
4.7096115852847501e-24
3.8925290968962368e-70
2.1231280233391032e-11
8.7977872625962944e-09
3.3729740289006719e-251
2.6926545965328156e-29
1.4727271435014756e-27
1.2441643646370269e-66
3.7815651150918949e-11
1.7603569293921381e-09
1.4460561269731527e-268
2.023896199200189e-38
1.3471159765596701e-28
4.2042515408441917e-77
7.0742822837656797e-10
3.0250807820805894e-09
3.5411406543982613e-275
1.6622530752624531e-50
5.4203834798077097e-25
1.5061766463059382e-68
2.281620204484872e-15
4.4384560706590736e-07
2.4130993056702917e-269
4.8415152555904277e-41
6.2174377265547682e-20
5.6396418923804411e-64
1.4860213594745245e-10
8.3292945304511232e-08
2.4510179169733738e-275
6.8864438820458255e-46
2.6242935321436364e-24
7.7121394228797973e-84
1.7964489489426815e-10
2.4521984064372918e-09
6.8318153771192376e-261
2.0912312022200956e-49
2.4056063597960111e-30
8.8539490206954559e-70
4.6992121285279624e-19
1.976797148272831e-05
2.5944130459461891e-270
1.4238465242400548e-29
4.4827023264636574e-33
8.47628502875825e-68
2.0856674347872168e-10
3.2161740927565905e-07
5.2797205220639129e-273
3.7330575687491286e-49
1.2138393090526068e-20
1.8571068380685263e-56
3.0845556785751681e-11
1.7186557522485167e-11
1.9630655175619082e-285
6.719977215639762e-43
5.0561199786994766e-31
2.0657898247902886e-69
1.1140508286670912e-15
1.7107945445062542e-08
1.170482838662131e-274
4.9981469852403725e-46
5.8983156805365384e-23
2.2014499580094398e-70
