5.6098246127459314e-243
2.965730395433423e-206
0
1.7665236539735415e-304
9.9323303952604036e-101
4.3329952224353909e-123
1.1868607519418885e-260
7.4021770527922745e-216
0
1.1623628312305756e-295
1.8041455455605343e-100
1.5420291876298714e-119
9.0412118164407476e-269
1.5944355782915011e-216
0
7.18430891926617e-305
8.3949850694414298e-106
8.3942128163295371e-118
8.5874302096550671e-254
2.0949257997899243e-226
0
1.4757312645854493e-300
5.2746181575583547e-102
1.2130200356209841e-110
4.174011325742626e-262
8.2403889831388239e-225
0
4.7792021158459456e-301
3.9457667369711846e-100
3.5002805653480394e-124
2.6920067024622698e-250
8.6860717147599832e-214
0
5.120475725343318e-304
2.2870911140893096e-110
1.7459770562590236e-131
2.2303081787381968e-260
1.8222950647740866e-220
0
1.1674523342975265e-294
6.3812236549553365e-106
7.7313938066920445e-105
4.3520219672941219e-267
1.9612157274624171e-213
0
9.7838479319862434e-298
1.5201487942275405e-98
1.692876180379482e-106
1.7894615206706894e-255
2.4498081739197111e-224
0
8.8884259833553366e-300
3.5062418778332152e-111
3.607784187664379e-115
1.8604294765422876e-276
9.7132966405954968e-212
0
7.2553590107418558e-298
1.4382018363151422e-119
6.1777075911065074e-114
2.2720500602931347e-263
5.3290625463965275e-221
0
8.5483482722110863e-298
9.6563116664181552e-122
4.5690199308405165e-112
1.4758739272574527e-254
1.9762194515680149e-220
0
2.3335258381728316e-296
5.2532503529825002e-110
8.0900037481257729e-131
1.6260659044632356e-272
1.1935660182900634e-216
0
4.8569918484328325e-300
2.2699704700450791e-104
9.847473733122239e-110
1.0456361299893181e-254
9.3914923210503613e-212
0
2.4594174217820361e-299
7.3532114391330861e-102
5.4428804649057898e-123
7.1039697006603871e-263
2.3246529173771422e-223
0
1.3286028118558463e-293
1.8889479174420814e-109
2.0984910775655125e-129
4.2725085390777725e-271
1.2244533472214056e-212
0
6.6822834336607823e-300
3.0298413932541801e-114
1.0224282338352571e-104
4.8703241089016086e-260
1.7462018953080947e-219
0
1.5801542175997705e-302
