0
8.4394210420456028e-61
4.6659348086115591e-52
8.0935675719240882e-32
1.9695405388174149e-71
7.8126907109156746e-91
0
1.668664507846285e-57
1.0600303499152499e-39
2.0053213302578149e-31
4.003953202340146e-84
2.9243182396593845e-83
0
1.0478060413030134e-58
5.0963454649328542e-36
3.8732309967637633e-29
6.7398530481637326e-81
3.4008974376655792e-74
0
7.6386515620733213e-45
4.9016808416604552e-41
6.802186398003697e-34
9.2265585162872099e-75
2.3016855287560087e-85
0
7.3303990456780388e-58
2.7317539728667599e-41
2.8507507306001405e-30
5.0562120184120843e-81
4.4244751445885548e-78
0
2.5406851823511981e-53
2.9182886111259455e-39
5.7015181228492802e-35
1.6769206105026663e-72
1.436742868940074e-91
0
3.4303548425760081e-45
3.1703808595240156e-43
2.2330295854857089e-30
4.8803247602128812e-62
1.0860981799604204e-73
0
4.9403981981351368e-54
4.9826935994785058e-46
3.2035103587311118e-33
7.936521379075014e-80
2.1424916584749298e-81
0
1.0416069922773386e-54
5.0780877762262533e-36
1.2783390092907624e-33
1.8815989011232704e-73
3.2103528282932494e-89
0
3.4897771753862373e-47
2.8830398278770047e-35
1.6786862442226483e-26
3.4647228707578117e-78
3.157613901326405e-95
0
6.4770311430496269e-65
2.5598532108022781e-44
8.9547608296768321e-32
3.6407116714449146e-79
1.5768059975197522e-82
0
4.8130999374062551e-52
1.7805287894408473e-47
2.3210765304035848e-33
1.6585066333634408e-78
4.5706743654340938e-93
0
1.8084789580133156e-49
9.3001723658838227e-30
7.1209250352857089e-35
2.0472598709895827e-73
1.400487827858236e-79
0
5.5483184415667151e-62
2.2505176545914434e-49
2.7829447579043971e-31
7.3666065121592894e-77
3.8600448413427148e-83
0
7.1402123118028824e-64
9.1874193121660017e-48
3.8003964912293153e-30
1.0066086039707014e-76
2.609876437576298e-84
0
1.8733685391771382e-60
1.2291356993823191e-32
3.6988923606511723e-27
5.4279472001637486e-67
4.6892384500916065e-75
1.8525172478387831e-308
2.5124770960955756e-49
1.0196500036209391e-44
1.4059833771339413e-40
