0
1.0163087136638173e-18
2.1499788786970524e-76
4.9060936155559994e-105
6.533417546788257e-16
0.00043808242043991494
0
8.6756330014442668e-18
1.4032522011591584e-58
3.8221574582808109e-98
2.0826670837292058e-10
1.512976767963294e-06
0
3.3734951846938749e-19
1.7915266711096881e-85
8.9634478993126591e-91
1.6847887596126757e-15
1.4896351813252449e-06
0
9.5008488101930114e-16
1.0357908206223107e-74
9.8169148190311651e-94
2.9816191293428124e-13
4.6112132723323392e-06
0
1.8831048323650528e-22
8.9933477451216424e-62
6.2640933875387295e-87
1.6373767630252951e-17
8.4857593948909523e-05
0
2.604960252874605e-23
1.227489846309729e-61
6.6825664085229021e-76
2.8485920479517381e-10
0.00021180057279501891
0
7.8112000140968393e-19
8.8448308358207357e-64
5.4043871422076703e-94
3.7808359719369785e-19
5.6603525883547165e-05
0
2.195013047589938e-21
1.290287679396795e-77
1.1082476454613543e-93
1.6890274657125727e-19
0.62118695272557445
0
1.4067704494157831e-15
2.1618223146013456e-77
3.5528719303275352e-93
1.0421885477046808e-10
5.4357700916888801e-05
0
3.0486815396514196e-20
5.2059002488604672e-64
1.9731749318932877e-85
1.5734796857634904e-17
5.2104200815094357e-06
0
2.7054828559246855e-21
1.1052489063753338e-61
4.6717151228660163e-92
2.1541464554351921e-11
0.0020677649859600698
0
5.7049531529258837e-21
2.2867866845326748e-67
2.142212310980108e-79
1.075005261993644e-13
4.1268315797698262e-06
0
4.6100193074004472e-20
6.8984299792067124e-100
6.7265599022591189e-90
3.5309955624886753e-16
1.3494675600550779e-06
0
1.8155571417260147e-13
7.6158317094176736e-51
1.0123461503033399e-73
3.833086952649545e-14
8.9688560340582005e-10
0
2.8164933535256528e-20
2.2857659579598622e-71
7.4782880738973056e-84
3.8435616271512381e-17
0.0044688314237938216
0
1.0091210688959523e-19
2.0097698247439737e-75
1.7138305487022863e-104
2.7110025856906394e-18
1.0799946260968037e-07
0
8.1155716475070139e-18
2.8867126878490063e-69
5.1347435666584643e-114
