0.000000
0.000000
0.000000
0.000000
0.000000
0.005718
0.000000
0.000000
0.000000
0.000000
0.000000
0.033178
0.000000
0.000000
0.000000
0.000000
0.000000
0.279271
0.000000
0.000000
0.000000
0.000000
0.000000
0.000847
0.000000
0.000000
0.000000
0.000000
0.000000
0.000812
0.000000
0.000000
0.000000
0.000000
0.000000
0.000774
0.000000
0.000000
0.000000
0.000000
0.000000
0.027832
0.000000
0.000000
0.000000
0.000000
0.000000
0.002530
0.000000
0.000000
0.000000
0.000000
0.000000
0.259632
0.000000
0.000000
0.000000
0.000000
0.000000
0.000180
0.000000
0.000000
0.000000
0.000000
0.000000
0.002445
0.000000
0.000000
0.000000
0.000000
0.000000
0.002674
0.000000
0.000000
0.000000
0.000000
0.000000
0.016517
0.000000
0.000000
0.000000
0.000000
0.000000
0.070650
0.000000
0.000000
0.000000
0.000000
0.000000
0.145127
0.000000
0.000000
0.000000
0.000000
0.000000
0.012116
0.000000
0.000000
0.000000
0.000000
