1.8350543920567264e-101
5.665944172694399e-101
4.0722192489691346e-290
1.716901790513107e-204
9.2626465945245059e-09
5.8437875528477606e-44
1.8587501852757554e-100
1.0909111655520388e-96
1.3814048213275148e-280
5.4224928935199273e-209
6.1389983562903933e-09
7.7457705924338355e-45
1.3002788122594382e-91
6.1697792803130453e-97
5.3115806060218102e-289
3.2575352032629985e-199
9.1136695066253387e-12
4.9828794247629218e-39
6.8134612329944132e-87
3.0749919636855853e-104
1.1820002282241949e-298
4.7238805808590104e-204
3.6453472538062856e-09
1.7134975877463614e-43
2.6220024303928776e-116
1.6761113235270781e-116
4.4422416652504905e-292
1.7612778818097025e-200
4.9482875836132934e-08
1.8986824841832399e-40
7.5970122573781394e-109
8.0822779338701585e-94
2.2833352270943918e-282
3.1452524207755777e-211
1.9723181787792559e-15
1.8299095170396084e-37
1.8059118823979244e-104
1.9020832535985823e-110
2.2255918958747818e-281
6.6302085288610123e-209
1.4253887824282117e-07
1.5868395842209477e-43
2.0999700945130524e-110
2.6378523731815512e-104
2.3470254020609403e-292
2.8866227536394431e-211
7.4428905558215303e-08
3.2585489022338009e-49
1.2946809167451029e-103
1.2756979679617563e-107
2.9976102663407945e-289
5.3297032122081845e-213
6.2474370313852797e-09
1.4553117626233249e-42
4.9348177004318884e-109
6.8220319158438584e-99
1.2291567052959692e-285
8.3450840526416949e-218
2.7030622960411226e-09
1.5388383961220311e-39
2.8691817096910826e-110
1.934994739543771e-94
3.0519973976800534e-285
2.5411344779366009e-202
1.353848133729506e-11
1.4943366635880683e-41
4.6862455497741466e-99
3.8162359946843837e-90
7.737875898420443e-284
6.922518659966735e-195
1.5526013194901891e-11
1.4348355633008545e-34
9.0694022448159702e-86
2.3192034440933198e-104
4.2920097676597551e-297
6.097576834056607e-203
4.9699181649510735e-12
1.4711392815601152e-42
1.7012900325048653e-85
1.7167009016484662e-99
3.502877007618458e-280
7.6740649525549912e-198
4.9643791817910462e-17
6.7837009031717306e-42
6.005254434941524e-104
9.8002712593435471e-97
2.5536630620540382e-289
3.41978019878802e-198
0.00013277805939154413
8.8773201597121956e-40
6.32506428879537e-114
1.0916570823091816e-111
2.1273836201948119e-297
4.1723830389585471e-198
8.5978591781242817e-08
1.9346651468294521e-33
2.1707464060803188e-106
4.2174095270292199e-105
1.1403207665997309e-282
4.5722211577124113e-204
