0.000000
0.002786
0.341826
0.091600
0.276192
0.000000
0.000000
0.092768
0.550575
0.046178
0.000475
0.000000
0.000000
0.808279
0.270259
0.190843
0.109477
0.000000
0.000000
0.178776
0.086797
0.163928
0.049710
0.000013
0.000000
0.198421
0.609716
0.000246
0.372514
0.000000
0.000000
0.019590
0.096574
0.140846
0.250036
0.000000
0.000000
0.166064
0.485469
0.029953
0.401735
0.000000
0.000000
0.574590
0.667313
0.009395
0.362030
0.000000
0.000000
0.640626
0.209439
0.441749
0.463670
0.000000
0.000000
0.114921
0.285822
0.037883
0.000109
0.000000
0.000000
0.257080
0.548846
0.008472
0.354661
0.000000
0.000000
0.310300
0.057130
0.062842
0.305239
0.000000
0.000000
0.968103
0.010265
0.547580
0.043807
0.000000
0.000000
0.021218
0.089513
0.013916
0.381175
0.000000
0.000000
0.572724
0.017930
0.008653
0.764030
0.000000
0.000000
0.723159
0.036698
0.004868
0.054973
0.000000
0.000000
0.554152
0.382902
0.231465
