0.000000
0.000000
0.000000
0.000000
0.000050
0.895290
0.000000
0.000000
0.000000
0.000000
0.098350
0.008008
0.000000
0.000000
0.000000
0.000000
0.001960
0.368560
0.000000
0.000000
0.000000
0.000000
0.000056
0.048135
0.000000
0.000000
0.000000
0.000000
0.000107
0.047273
0.000000
0.000000
0.000000
0.000000
0.008058
0.006864
0.000000
0.000000
0.000000
0.000000
0.000229
0.100684
0.000000
0.000000
0.000000
0.000000
0.000000
0.552305
0.000000
0.000000
0.000000
0.000000
0.000021
0.394840
0.000000
0.000000
0.000000
0.000000
0.000651
0.001860
0.000000
0.000000
0.000000
0.000000
0.000021
0.021627
0.000000
0.000000
0.000000
0.000000
0.000036
0.061314
0.000000
0.000000
0.000000
0.000000
0.000000
0.176020
0.000000
0.000000
0.000000
0.000000
0.000415
0.705768
0.000000
0.000000
0.000000
0.000000
0.000000
0.005816
0.000000
0.000000
0.000000
0.000000
0.000043
0.535772
0.000000
0.000000
0.000000
0.000000
