0
2.3154229372426392e-49
3.3913985750039991e-10
1.76512781022973e-17
8.2232150624131301e-70
5.4434061670375974e-80
0
2.3610375488985938e-48
1.27045190779963e-19
3.8575718607533229e-21
4.1508235758579386e-65
6.4488681897809516e-73
0
1.6659795017840376e-44
1.9890533305455521e-21
4.2039296874597024e-20
1.3368874916585896e-63
7.0152421891277879e-61
0
5.5715947364449475e-35
6.2635159970653501e-17
1.4622619067536963e-22
5.1183677023049801e-66
6.6454576586292449e-71
0
6.354007643547167e-45
1.3593193955304073e-17
1.3244601768146205e-15
3.9733998878079894e-69
8.5115017648235698e-67
0
6.9094929947684065e-50
1.8689276853134446e-22
2.125416479208294e-14
5.1201416019032602e-57
2.3731479073857127e-81
0
7.8912409424532289e-40
2.6914980596873473e-16
1.7511890219350031e-18
1.4232918475473964e-61
4.4150027941975822e-72
0
4.410094949987676e-44
1.8251554082303108e-15
1.3903236877109368e-13
1.6537538366280511e-61
2.630588502380472e-74
0
9.5205324007858281e-45
4.8568125424025674e-19
4.9869390380380879e-31
2.3610056706043094e-68
4.2847979663697155e-69
0
1.1743832477229436e-37
3.0889620225926938e-16
1.7219999184155651e-16
6.2269152842249124e-60
3.4526667792354904e-74
0
6.3105950722036329e-43
1.9957605172629988e-14
1.863127187398445e-20
4.0501404305749082e-67
2.2832211933803235e-67
0
4.2879344109488419e-43
4.9578681130154182e-12
1.9280935125623488e-16
3.8897893426390525e-57
1.9799912686390906e-80
0
1.0378829763869516e-38
1.5691442248446097e-22
2.1472781096018497e-20
1.0447727884705759e-67
8.50278180468902e-68
0
9.5706399681859115e-44
1.0742899358520352e-08
1.2684584222476974e-17
2.8555105874157623e-60
7.3949013073081644e-70
0
3.640343677804841e-48
1.4974099837930943e-12
9.1592212834348402e-22
6.5094667233161699e-57
1.0895125426115508e-75
0
1.5186642696759916e-47
1.7595938331433583e-25
3.5674498080656914e-17
2.9263682295013673e-54
4.9377802646920103e-70
0
9.6861733363132545e-33
2.7411650287720175e-17
6.8870708486632038e-21
