1.1665819427427769e-06
5.695545919059127e-20
3.7498861180332638e-85
2.9290526533968556e-72
0.17725863591324298
0.021266036656227179
5.7399401263253774e-09
5.331049516437656e-20
1.9922134905562995e-88
6.7711720248084876e-71
0.28245444269594461
0.77343327959424801
0.00025816587074731451
1.4752056320207091e-25
1.0688098914053993e-108
8.4127761036637005e-83
0.057369538568413821
0.14774793482347501
1.3057164769256309e-06
2.0911378853931499e-22
1.8216869909873624e-119
4.7590470294721551e-74
0.0031850032250040705
0.21837218193654609
1.7174994728377388e-07
1.2041650397321012e-30
2.180941002578053e-84
2.1754626074807799e-71
0.010774477344644335
0.76447995235600896
3.1403162036958874e-06
2.5036144637692898e-26
5.0110981703116014e-91
1.4317909472383136e-76
0.33026771152079148
0.31753727535153853
0.00034313049626489954
6.5550438714156256e-27
1.8616514917613096e-90
8.1966251257143362e-71
0.30556861253327261
0.024373148438556359
3.6137182370654566e-07
2.5147447871368232e-20
1.2774063910334156e-100
1.4947443208573549e-80
0.3617520811341276
0.34757140287351729
1.0312304098812339e-06
1.0941511356120537e-29
4.4080591931931915e-89
3.1427589050396231e-75
0.9966048063502696
0.0041626883990614422
0.0091671680806561032
8.4158858523256494e-33
1.6717377154901129e-86
5.6500574222396799e-78
0.19454350753828961
0.033299244291183541
0.0013414685174672036
5.7674253021535943e-24
3.0572131748971959e-88
2.7871109386861813e-76
0.34254067020848555
0.16428226469121365
1.54500281685856e-05
4.8994299025617843e-26
4.6930396783517833e-87
1.4048221574465412e-73
0.010285085560915851
0.45026041230520919
2.9378769954481922e-08
3.0600993976890471e-30
5.2496902292027483e-108
6.8260945389712645e-80
0.72432038099605123
0.20624181175914685
0.001168598630021898
6.8928634856385432e-23
1.0963232959524241e-83
7.1090030911132289e-69
0.19741631443430352
0.031412329397053358
4.7075448159363382e-10
9.9583376618035415e-25
4.2042771029098109e-79
6.112610958910362e-77
0.025349902135295192
0.019953579168511662
0.00010414736349899664
4.5514177323563202e-32
7.0207917726367249e-113
2.6975226831709673e-79
0.63564461537363903
0.44489119410750899
6.7259965695215368e-09
1.1762860180058558e-34
5.5908874437767426e-90
3.6827191408608588e-79
