0.000000
0.000000
0.000000
0.000000
0.010198
0.000967
0.000000
0.000000
0.000000
0.000000
0.151353
0.000004
0.000000
0.000000
0.000000
0.000000
0.003719
0.000415
0.000000
0.000000
0.000000
0.000000
0.142365
0.000113
0.000000
0.000000
0.000000
0.000000
0.006741
0.000004
0.000000
0.000000
0.000000
0.000000
0.027730
0.045203
0.000000
0.000000
0.000000
0.000000
0.001194
0.060636
0.000000
0.000000
0.000000
0.000000
0.000245
0.000521
0.000000
0.000000
0.000000
0.000000
0.004990
0.000005
0.000000
0.000000
0.000000
0.000000
0.002424
0.000657
0.000000
0.000000
0.000000
0.000000
0.016461
0.000002
0.000000
0.000000
0.000000
0.000000
0.000002
0.000010
0.000000
0.000000
0.000000
0.000000
0.003777
0.000000
0.000000
0.000000
0.000000
0.000000
0.046293
0.021805
0.000000
0.000000
0.000000
0.000000
0.024058
0.000001
0.000000
0.000000
0.000000
0.000000
0.000240
0.001181
0.000000
0.000000
0.000000
0.000000
