4.3192552133924619e-20
1.71281815785098e-206
0
0
2.058742681640489e-97
2.3917252917217999e-139
6.032684239300774e-24
3.2732670783770103e-204
0
0
8.841470289166055e-106
1.0799123017281396e-132
6.2791893299765886e-19
4.2554372781364061e-206
0
2.0880019495177103e-309
1.3814181002695748e-104
1.2952822462445398e-141
9.1821361808009924e-16
4.280020644402892e-215
0
0
4.0084500134899701e-98
3.7688166471532058e-144
2.2634779180842669e-14
4.3003487940898788e-215
0
0
1.6841720147814965e-101
1.5511001978774158e-152
1.7749433183920177e-18
1.0607610252658073e-203
0
1.919013003090905e-304
2.4353904376540658e-101
1.0090777959382993e-142
1.1365821508155269e-18
5.3026667317338134e-206
0
0
1.8640829503412888e-101
1.3413763026878994e-121
4.3252922961444689e-23
2.1075332101073576e-208
0
0
5.8834578938488175e-99
1.4713896521398898e-122
7.0948565274924259e-15
4.972258107116077e-212
0
1.9504586081461972e-303
1.8275763706648734e-95
2.1693282914205424e-134
5.1473082814952534e-20
2.103109765155612e-206
0
0
3.3016486177999664e-103
8.2302817011817246e-138
3.8838836356936012e-17
5.6323464556075145e-216
0
0
3.0557415245293993e-104
2.916367433593582e-134
4.0956814326885678e-19
7.9434074725784442e-213
0
1.4358376831912629e-309
2.0178157186411674e-103
7.6328295896657123e-136
4.1198363882139084e-25
1.3113333260991254e-204
0
1.1887977370173332e-300
3.2274257845450578e-87
5.1589334738590759e-129
5.3807907444544814e-19
9.615784788319931e-210
0
2.2195397892682146e-310
5.0730332385493787e-89
1.2498263470828633e-129
5.6049710603930074e-14
8.6330978269980107e-206
0
2.0356318822536195e-296
4.4950677149656597e-91
2.5077191278588162e-137
3.3103524655715591e-15
3.94689822084177e-206
0
2.1804661117725369e-307
1.2036787951478771e-107
1.9915112378564482e-134
1.7512136536733882e-24
3.0554928350018605e-211
0
5.5919371859962859e-310
