0.000001
0.000200
0.000000
0.000001
0.323085
0.419081
0.006246
0.000000
0.000014
0.000000
0.647864
0.260291
0.001325
0.008616
0.000003
0.001320
0.830653
0.460032
0.000001
0.000000
0.016605
0.000003
0.305982
0.053283
0.004156
0.000071
0.000075
0.000013
0.110015
0.944228
0.038781
0.000497
0.000000
0.000000
0.548616
0.669801
0.002423
0.003353
0.000000
0.000086
0.415739
0.399856
0.001131
0.000000
0.001033
0.000486
0.260878
0.292884
0.001742
0.000304
0.000000
0.000081
0.751923
0.036447
0.001727
0.000030
0.000061
0.000088
0.067034
0.653321
0.000065
0.000583
0.000001
0.000031
0.374123
0.218053
0.000003
0.002071
0.000000
0.002438
0.575290
0.967432
0.060953
0.000000
0.000412
0.001380
0.796599
0.147100
0.000101
0.000028
0.000000
0.028130
0.075566
0.001466
0.452693
0.000035
0.000000
0.000002
0.104090
0.018803
0.009054
0.000001
0.001386
0.000001
0.316774
0.997067
0.000701
0.000018
0.000010
0.000085
