0.000007
0.000043
0.000000
0.000448
0.573890
0.000000
0.000011
0.000645
0.000000
0.111933
0.015793
0.000000
0.006194
0.000000
0.000000
0.154694
0.004227
0.000000
0.015896
0.017836
0.000000
0.416952
0.157559
0.000000
0.067011
0.000000
0.000000
0.350468
0.160220
0.000000
0.000215
0.002040
0.000000
0.122480
0.020286
0.000000
0.000276
0.015987
0.000000
0.003642
0.337205
0.000000
0.003097
0.000009
0.000000
0.155177
0.011816
0.000000
0.017789
0.000003
0.000000
0.036978
0.021298
0.000000
0.000321
0.000001
0.000000
0.073283
0.004605
0.000000
0.018279
0.000000
0.000000
0.129886
0.922765
0.000000
0.000047
0.000078
0.000000
0.098057
0.166064
0.000000
0.093139
0.000039
0.000000
0.142770
0.545166
0.000000
0.000293
0.000002
0.000000
0.120405
0.000500
0.000000
0.000383
0.000198
0.000000
0.251390
0.216143
0.000000
0.000539
0.000033
0.000000
0.000073
0.307223
0.000000
0.068620
0.000837
0.000000
0.667432
