0.000000
0.000000
0.000000
0.003515
0.000000
0.000000
0.000000
0.000000
0.000000
0.000000
0.000000
0.000000
0.000000
0.000916
0.000000
0.000118
0.000000
0.000000
0.000000
0.000000
0.000000
0.000000
0.000000
0.000000
0.000000
0.000000
0.000000
0.000028
0.000000
0.000000
0.000000
0.000000
0.000000
0.000000
0.000000
0.000000
0.000000
0.000034
0.000000
0.000017
0.000000
0.000000
0.000000
0.000000
0.000000
0.001672
0.000000
0.000003
0.000000
0.000784
0.000000
0.003140
0.000000
0.000000
0.000000
0.000006
0.000000
0.000000
0.000000
0.000001
0.000000
0.000083
0.000000
0.000010
0.000000
0.003060
0.000000
0.000000
0.000000
0.000000
0.000000
0.000000
0.000000
0.000000
0.000000
0.000000
0.000000
0.000000
0.000000
0.007017
0.000000
0.000016
0.000000
0.000000
0.000000
0.000947
0.000000
0.000000
0.000000
0.000053
0.000000
0.000000
0.000000
0.000050
0.000000
0.000000
0.000000
0.000006
0.000000
0.000000
