0.0015227187785606618
3.4305896420066665e-79
6.0298020151161287e-264
1.1221755413191348e-196
3.7620228810122218e-08
5.5980357530785332e-24
0.035074629809726844
1.1860792567130938e-78
1.6456770471361771e-262
1.2111949684084053e-189
3.3979029029716145e-10
1.9557817521321271e-13
0.011675904091544122
2.921637319364495e-78
1.0130031924934863e-281
6.3403263022813893e-197
0.00076911938829482063
1.3310220888251249e-15
0.0074411570019224001
4.293628160017855e-83
4.6142524499304678e-290
5.6182411929859661e-191
2.0479910850693996e-07
4.0461751177450485e-16
0.03061862572872235
3.5266878389799218e-78
9.4849844452123536e-271
1.4853131367007363e-187
5.8088097325009496e-11
1.425521551971128e-16
0.0016153960881006824
1.9760991760506224e-89
7.1037385061294437e-268
2.0137352202931302e-202
4.5632344079506356e-08
3.1615649088441438e-21
0.035061913996277519
1.719293242596182e-71
4.564956927050631e-270
2.0270796107430704e-185
3.2392390028672368e-05
7.2111770737089351e-20
0.0059183680770145417
5.054643141278648e-94
1.6931165198830166e-299
1.1269093654541724e-196
2.7985161829780344e-10
9.5102497321984476e-16
0.047189055360535026
1.2213915830401085e-83
1.2277817647337849e-272
2.1042982746784532e-189
4.7147089205804338e-05
1.6646931761404692e-19
0.042421079914803685
8.3592154033965825e-79
9.0575923942373673e-268
3.4193035581842683e-193
4.6410494094164613e-12
1.1612474424237172e-18
0.0027565723395037
4.3828592476068611e-90
1.8574896094706649e-276
3.1007660231401245e-190
0.00035749460062912166
5.8971943060506595e-18
0.00081160691490841095
1.2175376664143375e-76
5.571888421930859e-274
1.3833136803387218e-191
8.5695958049540019e-06
4.9496039691110544e-17
0.20987230328296935
3.0159934898651067e-79
9.5851397515709484e-287
5.0006452378828816e-192
8.0577773751243744e-08
2.0711207700808276e-20
0.018100263854956236
7.2199081990284915e-79
2.3864187080445257e-280
6.6723031030998449e-185
4.1719631603519797e-06
1.8167453276483844e-12
0.0033125046659281399
2.6482053599490264e-88
5.7786062090811318e-277
1.2061437787672097e-199
3.1700068541101119e-08
4.3344242041913153e-21
0.06451590040748055
4.0030263402777526e-78
1.8339305900307502e-278
3.7917649350747841e-197
2.5911125613812676e-14
3.1079501813231408e-18
0.13439180941345713
9.4146350917833072e-91
6.6902957555438539e-278
2.3577593768021149e-195
