6.1736985117077147e-42
3.9014179210595213e-75
1.9180946640471085e-270
6.9639846155840906e-226
8.5871907216483121e-27
1.9003420077118387e-06
4.6179474754450683e-39
5.9092196134526815e-76
1.6969968553334867e-272
2.7384430082882228e-203
6.9113697646099347e-19
3.0798120679660304e-12
2.6477569506837457e-42
7.2482851919434106e-90
2.4788469999795419e-269
1.6696435388329295e-215
3.4901673449272653e-19
2.1192180251106987e-13
2.2477621898707451e-42
7.2378004955925589e-103
4.7917141933771212e-284
8.3631428182829971e-222
1.260904708467956e-17
1.9048059973196257e-10
8.9993611718004649e-34
3.947468723693133e-94
1.2145760161974008e-259
1.8101450938589209e-206
1.7009756423766868e-26
9.7224422745032639e-14
1.3776767531192611e-37
1.2362421325859681e-86
3.6701970073800559e-274
1.0632134529945574e-213
1.2353325040506941e-19
3.0443424098743913e-17
6.339279877221271e-35
4.9926065810057928e-82
2.2995629224837365e-275
2.1535422356493926e-230
3.1870862510670831e-21
2.9762646827780123e-11
2.2748120486207636e-37
7.8646596820430271e-82
4.2293858085014093e-293
7.6991889388966391e-225
2.9647684434727443e-31
2.8227662673829051e-17
7.5876052179641856e-45
7.6985442238567345e-85
6.9183565529182396e-280
2.3697814340173265e-221
9.4776892920654468e-21
1.1048433743210276e-12
1.5600050967822097e-47
3.2043786226957627e-94
4.3328360452887205e-268
2.9924435836922744e-219
4.0342475872684881e-29
8.3553425357897393e-13
3.1210349277681065e-33
1.2687044373711807e-88
2.2235730813581397e-271
4.0415930445163038e-222
5.7966387904304822e-24
9.137338643982273e-10
2.3180863704310567e-40
5.2353056994555613e-83
1.9143227794507989e-286
2.0558098473675244e-219
2.1878963911654813e-16
2.40274582623619e-17
3.841608416359141e-37
8.4267717687387291e-87
8.7475535485356888e-280
5.8391150573576406e-215
5.6784502814554867e-20
3.650912181238214e-12
3.518862097661769e-37
7.3704678807365793e-90
1.6272264882289857e-270
2.9023475505664325e-197
1.2390724794013368e-20
3.6934948622258327e-13
6.6420947370937017e-48
1.3717481545885613e-82
2.0472258192322867e-284
1.4710340495897876e-216
1.692053313633886e-20
1.8642269535999574e-12
5.1840039010211996e-39
2.0380830084313335e-85
1.7362200938542191e-270
3.8508748424308568e-219
8.1792070099136449e-25
9.8008625214782258e-12
2.1043536877446962e-44
1.8978512255776193e-96
3.4019138544248272e-274
2.4896049404904638e-210
