1.2367681061420935e-07
0.039413955212390162
1.0634047627408803e-34
9.6176365419247884e-07
1.5412799320509859e-10
6.0197788804140671e-05
0.00025442200833860403
0.0606361671195976
1.519789438380468e-26
6.0197788804140671e-05
2.4174990947699418e-08
0.010099260884437003
0.018299375096127134
0.0018317799707085654
2.8436116397403631e-34
3.3437588446169006e-09
8.2355649070588614e-12
7.4247901145265873e-09
0.0029620885432967035
0.01639832640955937
1.3033114458145456e-36
1.7367575956456461e-07
2.0303819710198501e-05
3.3174215628016898e-07
0.0037223700540690969
0.001201636608267
9.166070192118154e-36
8.8667161160508322e-10
1.9945141547724983e-06
4.1850428034597777e-05
8.7980820485395134e-07
0.065820608711593273
2.1244279055501925e-25
0.0011857451668993622
2.9309880749399765e-08
6.5928211327999692e-05
0.020134112523007317
0.0007496442483029928
2.0601072554116359e-28
3.7921290981965473e-08
1.7624528588373024e-06
7.0506258678035703e-05
0.025851963657883351
0.10330534565019608
2.9902178358118329e-40
1.6509842851853965e-07
5.4464705223539648e-06
0.00012203936524938511
2.6134108720707399e-09
0.094669661124707608
2.1231542490450671e-27
3.4316201627554312e-08
2.6623685329008494e-05
1.9029456270058414e-06
2.5207458729599572e-05
0.001732017542144262
7.2591854648450983e-36
0.0061575545652785757
2.9459839682120083e-05
1.2648438645956094e-05
1.0992879574744345e-07
0.00038554091296783005
2.1852449253458926e-29
3.4504362740415192e-07
0.00091193865102652311
0.0012890707204593109
0.0015935333786098922
0.027985962411971557
1.4123897859265144e-28
1.273829156185779e-06
2.5602696129565484e-05
0.00032680734502219406
0.0012992801833023242
0.0023619752909705195
7.5974682160665499e-37
1.5123361452433142e-09
1.0236897515590917e-06
0.00029565300944435447
6.9523543572518816e-05
0.00010432918219393298
1.0374997756623081e-33
4.0197504594516075e-06
0.00063390845574739043
5.4491262208749303e-08
1.3803596359557928e-07
0.21658704763418402
4.4520900054865283e-27
5.8172145744053855e-11
8.6619898523148821e-05
9.3118630225546076e-08
0.031435286679085628
0.0034770903742357717
7.3469243953681347e-35
1.7246962793540618e-07
7.4296462972031893e-06
1.2709668223482997e-09
3.6607965709013477e-07
0.23591857785819317
1.9603985647460486e-27
3.4577127704303163e-06
