1.1879080425448164e-05
6.4474287889799525e-89
7.3207125895858226e-242
4.4790898708729446e-202
1.0155432873510787e-30
1.7102386758922759e-63
7.4257740064474016e-07
2.3054979512925064e-76
5.9650746487716765e-240
4.9223373219452695e-192
1.0552459254779616e-27
1.7345669345844115e-66
1.4500715517600338e-08
1.5020472662504996e-86
1.4744068831363513e-226
2.4883260841948478e-212
1.1158887405054311e-24
1.074156764817752e-56
8.2576557044591439e-07
2.8850234895525092e-88
1.8269585461535512e-234
1.8126982738145997e-186
1.2806935470487491e-29
7.1218343713653399e-56
4.7669750069928782e-05
1.3515400647412874e-91
2.0755921650282377e-230
2.0179789109089768e-202
4.0310681699851376e-31
2.2719527429270777e-66
0.0020067551296728569
3.4011378983147572e-85
8.4701304326513943e-221
3.2783269688510446e-202
3.4208704803071223e-23
5.8775717612773229e-62
3.171863123786295e-06
1.9453944596749847e-78
3.4728058603452494e-233
7.0543586137213131e-192
1.6317022365036947e-19
2.6743677864074153e-55
1.4293726581966541e-07
4.3128767017694369e-78
2.1090683740740007e-245
3.8580809393661381e-186
8.019507820156841e-32
2.0143604141645959e-63
0.0013172000873406841
3.4636849230521711e-76
7.5051969705256212e-239
1.8524829696577093e-198
1.2330921025195186e-26
1.5117456193066465e-54
0.0023852453447752255
7.3135552527327891e-78
2.007866593650203e-228
7.1560867218902988e-181
1.0512141863413802e-31
5.5971980261647675e-66
3.1359712762855347e-08
1.8823972893342749e-89
2.2362633609541908e-236
9.3309151478254699e-186
4.4852688804032942e-23
2.0070162455259832e-57
1.0695180305903182e-05
2.7834528521395152e-69
1.2400513541431438e-230
5.6694752439604514e-199
1.5652854684787518e-25
2.3093336098118713e-80
2.8017716068433595e-07
1.2412455013625446e-76
4.6898999267357394e-227
9.2452370649426376e-208
3.8119633787702534e-28
3.2022878367183181e-56
0.09711984040640026
3.0808671289854743e-87
2.548678441488436e-237
2.1152586628544984e-200
2.3183524030653634e-19
9.92283416658465e-70
2.3309673213864973e-07
2.0399960454817588e-84
1.5865441852795766e-240
1.1698618310411413e-188
1.2447258435418186e-24
5.5170876626752011e-57
9.7796103443186866e-09
8.1790350706331141e-83
2.8381609774277622e-239
2.3112037593433436e-201
3.6819193161531304e-32
1.1743474071139031e-56
4.378954556130341e-08
6.6725906570992805e-85
3.2852710012449347e-251
4.1697050676290265e-202
