0.000000
0.001699
0.643948
0.063104
0.000000
0.013579
0.000000
0.003107
0.155370
0.014447
0.000000
0.002025
0.000000
0.012394
0.670275
0.004581
0.000000
0.031378
0.000000
0.080707
0.007291
0.392103
0.000000
0.028927
0.000000
0.116725
0.000341
0.522131
0.000000
0.005436
0.000000
0.029724
0.155129
0.441853
0.000000
0.000029
0.000000
0.058054
0.006805
0.005160
0.000000
0.152111
0.000000
0.071576
0.362216
0.004818
0.000000
0.266955
0.000000
0.557389
0.725249
0.011762
0.000000
0.087998
0.000000
0.708930
0.016737
0.295213
0.000000
0.002280
0.000000
0.101987
0.165349
0.985412
0.000000
0.334032
0.000000
0.000000
0.272074
0.120134
0.000000
0.000038
0.000000
0.000002
0.492509
0.548731
0.000000
0.000423
0.000000
0.043745
0.008201
0.044659
0.000000
0.000076
0.000000
0.000051
0.032734
0.990300
0.000000
0.028048
0.000000
0.005447
0.429816
0.249823
0.000000
0.000000
0.000000
0.027264
0.536229
0.033046
