0.97637742182795251
7.1189805331669013e-05
2.2138362862739236e-119
3.994378640330769e-85
0.075155969868606398
8.7458116066241346e-12
0.64157555311347347
0.10912010860111278
2.3414330560644375e-111
3.0959125406610171e-80
0.56783180136047395
1.0402930577977073e-16
0.19084266521673843
0.00172489447407492
4.0977509835991265e-109
2.125870401884786e-84
0.046705837664779919
5.0552900579885522e-20
0.13649989098546361
0.015775393803883354
3.9620747736396655e-128
2.98753165779754e-86
0.12347003467751592
9.2569723405895826e-19
0.052594385113103242
0.35980888084201529
4.7767029073130906e-124
3.9446488686046186e-85
0.50493951372010315
5.4503316503822503e-17
0.11135090302943131
0.0002360813737391355
1.5293207823611375e-120
2.3836847050087997e-89
0.90285559840056251
7.646072517748305e-14
0.54126363685023948
0.094104859595623438
2.4383197449240874e-120
2.1660920399675408e-81
0.017614752025888809
2.7646774490580731e-15
0.27192250165638998
0.017239166306517364
5.2359611629849566e-116
7.3762606899542304e-87
0.81859224566551747
1.0603139726676869e-21
0.68151414235794106
6.7037117609403406e-05
1.283042810158771e-120
3.0682319200456691e-84
0.16667865651163505
1.2927706643051086e-15
0.43726607584434318
0.00088781826711671467
1.6544138990004643e-114
1.3599669250079493e-88
0.59427496221373755
2.6423783512462249e-13
0.072140786959298583
0.014195113645591798
1.1761255895152016e-120
2.1748883742397169e-80
0.30211536669460065
4.0461471173098622e-21
0.2714680469102147
0.037272882557649788
1.9772815891401243e-117
1.9520452841939591e-88
0.78284799648810821
9.2003173188759048e-16
0.91755010062471321
0.0065312813893996418
4.1115593015263647e-124
7.9129889217197199e-88
0.75294614992224118
3.1020696980175865e-13
0.92562824008839406
5.8442497078780436e-06
2.6178842295315801e-116
1.1349111279557874e-81
0.71395707198636194
1.1078332777676433e-17
0.2418217341478921
0.073534018422406769
2.6456975936169365e-128
2.0772879594187044e-86
0.42090998376888311
1.9536930679738938e-11
0.50516270063597968
0.02815120319270159
3.1514652491796849e-126
8.7699921915127153e-79
0.80689722915734752
4.8926397781752149e-22
0.12555049848588132
0.0048293491106053826
7.9627311840612579e-125
2.1760927033778255e-86
