0.000000
0.000013
0.011981
0.000055
0.000000
0.000305
0.000000
0.000570
0.020119
0.000000
0.000000
0.000028
0.000000
0.001598
0.167810
0.000000
0.000000
0.000160
0.000000
0.002549
0.723972
0.000000
0.000000
0.029931
0.000000
0.000844
0.487005
0.000000
0.000000
0.000760
0.000000
0.001056
0.155612
0.000055
0.000000
0.000000
0.000000
0.000952
0.144398
0.000007
0.000000
0.000000
0.000000
0.000150
0.196416
0.000003
0.000000
0.000000
0.000000
0.000003
0.018619
0.000010
0.000000
0.001952
0.000000
0.004552
0.026944
0.000001
0.000000
0.004814
0.000000
0.000214
0.185064
0.000000
0.000000
0.000000
0.000000
0.000721
0.164384
0.000089
0.000000
0.000091
0.000000
0.000001
0.474021
0.004184
0.000000
0.000000
0.000000
0.000468
0.000879
0.000001
0.000000
0.002906
0.000000
0.000386
0.116008
0.000021
0.000000
0.007794
0.000000
0.000228
0.015361
0.000023
0.000000
0.017795
0.000000
0.002061
0.312224
0.000001
