0.44952143546269596
1.6313279588040313e-08
8.0019464385566057e-136
4.9462391256880943e-110
0.17176939772536151
2.2861167802368655e-11
0.95707651637217717
0.00029539972079832137
2.8818767030203041e-137
5.7653140267810791e-98
0.50248724140438905
2.2331145465183699e-12
0.169936602658526
3.5709594447894187e-06
1.4494630340035798e-132
2.5886200872911781e-104
0.84380478928178815
5.009724388935398e-15
0.61893800920175357
2.4483781470000505e-07
1.9758508996017126e-144
2.0337164614650413e-103
0.87381556842435404
4.9353881068193152e-11
0.61763640286805321
2.3866051296217558e-11
1.4149089054050863e-138
2.3782004792472201e-104
0.30474385614293981
7.9827940956554801e-10
0.73623384282708426
4.8447861035572019e-09
3.2156565206639063e-140
1.3478414457242129e-120
0.014640924819562404
1.5504132268257316e-08
0.37025152035245829
3.5515643530340797e-06
1.6234764514524259e-138
1.809218909559755e-105
0.00081948085049343114
3.274657484834689e-09
0.73219604336381217
1.1850556220472062e-11
1.4312510198367422e-133
2.3737526625257543e-101
0.37279788099507488
1.9251597298203207e-15
0.17904776891018612
3.2375669769875921e-09
2.124391335667917e-148
2.6661585460691272e-102
0.65260953041358949
6.2074548130910219e-13
0.13277628698799127
1.8560637997357931e-10
2.4591904253933551e-139
1.9755193383199394e-102
0.03853029994352962
1.3697077933176454e-12
0.38898861534849138
2.7788321600738538e-06
2.9327839746251031e-147
3.9948767582533097e-101
0.32403097901144379
2.7404356636700962e-14
0.12470668465806847
1.4010682921956904e-06
3.0110109619793946e-141
2.3471678343323544e-100
0.061122492958663996
7.8886213824647647e-16
0.75782378276649054
3.7673184174144384e-08
1.2528112678791325e-139
3.8647997819389168e-106
0.50505110192894276
6.3377251957677271e-15
0.53897290910465845
4.2724307889725995e-13
4.8521423770848714e-141
6.3970000180872498e-103
0.085437883151699354
2.2248613250241135e-14
0.13649989098546367
9.7974319012591879e-08
1.9385172814591446e-156
5.6817721450636691e-113
0.87858990080265109
6.8990657786504869e-11
0.77153793791850833
1.0585445941617815e-06
1.2693584309658995e-139
7.6729655749238803e-109
0.6641132523352089
1.7378858835020132e-11
0.021772793139802935
4.1787478655876886e-10
7.8808225141894388e-141
6.9068425646863418e-119
