0.000000
0.000000
0.000000
0.000000
0.000000
0.000000
0.000001
0.000000
0.000000
0.000000
0.005344
0.000000
0.003227
0.000000
0.000000
0.000000
0.000014
0.000000
0.000000
0.000000
0.000000
0.000000
0.002747
0.000000
0.000105
0.000000
0.000000
0.000000
0.000117
0.000000
0.000000
0.000000
0.000000
0.000000
0.231532
0.000000
0.000122
0.000000
0.000000
0.000000
0.000933
0.000000
0.000000
0.000000
0.000000
0.000000
0.000000
0.000000
0.000000
0.000000
0.000000
0.000000
0.054934
0.000000
0.000083
0.000000
0.000000
0.000000
0.000006
0.000000
0.000506
0.000000
0.000000
0.000000
0.058767
0.000000
0.000000
0.000000
0.000000
0.000000
0.000000
0.000000
0.000018
0.000000
0.000000
0.000000
0.008390
0.000000
0.000000
0.000000
0.000000
0.000000
0.000000
0.000000
0.000000
0.000000
0.000000
0.000000
0.000006
0.000000
0.000000
0.000000
0.000000
0.000000
0.039329
0.000000
0.000001
0.000000
0.000000
0.000000
