0.000000
0.000000
0.000000
0.000000
0.011903
0.015060
0.000000
0.000000
0.000000
0.000000
0.062235
0.000011
0.000000
0.000000
0.000000
0.000000
0.000183
0.301052
0.000000
0.000000
0.000000
0.000000
0.030675
0.030284
0.000000
0.000000
0.000000
0.000000
0.044089
0.001909
0.000000
0.000000
0.000000
0.000000
0.022880
0.017829
0.000000
0.000000
0.000000
0.000000
0.001982
0.000000
0.000000
0.000000
0.000000
0.000000
0.002864
0.019443
0.000000
0.000000
0.000000
0.000000
0.066711
0.523716
0.000000
0.000000
0.000000
0.000000
0.092675
0.000038
0.000000
0.000000
0.000000
0.000000
0.115707
0.000643
0.000000
0.000000
0.000000
0.000000
0.153733
0.010006
0.000000
0.000000
0.000000
0.000000
0.005951
0.369217
0.000000
0.000000
0.000000
0.000000
0.177367
0.038447
0.000000
0.000000
0.000000
0.000000
0.475757
0.003398
0.000000
0.000000
0.000000
0.000000
0.237486
0.000003
0.000000
0.000000
0.000000
0.000000
