0.000000
0.000000
0.001111
0.000000
0.000036
0.000000
0.000000
0.000000
0.000000
0.000000
0.000000
0.000000
0.000000
0.000000
0.001874
0.000000
0.000028
0.000000
0.000000
0.000000
0.000000
0.000000
0.000000
0.000000
0.000000
0.000000
0.000206
0.000000
0.000000
0.000000
0.000000
0.000000
0.004401
0.000000
0.000000
0.000000
0.000000
0.000000
0.047795
0.000000
0.000000
0.000000
0.000000
0.000000
0.000000
0.000000
0.000000
0.000000
0.000000
0.000000
0.000484
0.000000
0.000000
0.000000
0.000000
0.000000
0.000017
0.000000
0.009894
0.000000
0.000000
0.000000
0.000007
0.000000
0.000010
0.000000
0.000000
0.000000
0.000639
0.000000
0.000002
0.000000
0.000000
0.000000
0.001599
0.000000
0.000005
0.000000
0.000000
0.000000
0.000296
0.000000
0.000000
0.000000
0.000000
0.000000
0.000000
0.000000
0.000000
0.000000
0.000000
0.000000
0.000000
0.000000
0.000000
0.000000
0.000000
0.000000
0.006744
0.000000
