1.2112277499433467e-160
2.9220215419688723e-09
1.7435255445130886e-111
1.0600418388212915e-28
0.17671940508024697
0.054915224395568181
5.2829772947553199e-164
1.4521578315345993e-07
3.6933730337921387e-101
5.378846640093738e-32
0.16601291794312523
0.75940710673705047
1.0563008079572723e-158
3.9566518154896797e-05
3.581579074095585e-95
4.5725056617789659e-29
0.044436608297395437
0.35164967415779608
1.7346122275498441e-148
1.5233894914210749e-06
6.8406724421654056e-107
1.1249573275289917e-24
0.054207404724396405
0.33289065544712082
3.3707402521583054e-141
8.1367047732560697e-05
4.2984458695565205e-101
3.7007748891248601e-24
0.012586017964219563
0.49074502152201149
1.174253165020615e-160
3.0578284563986305e-05
2.3405474766109336e-96
6.3270570797449431e-29
0.056395735525929219
0.8241940434745364
1.5004213511066428e-127
0.0028919851067419479
6.4241745962976294e-107
3.4015726767049768e-28
0.00018664344643799067
0.066849331540483822
1.0272464019098777e-121
0.0019055436534304775
1.166336252578185e-99
1.3695050561594915e-17
0.039470690295706684
0.60346069585726658
4.2306856067226771e-113
0.00088151677943228699
3.5488853037319186e-103
2.1942264089014283e-19
0.027043364417112747
0.12807064603640916
1.8976843583081087e-143
0.0009940031129991281
4.1998923358533912e-91
2.5869922626126443e-27
0.00049530663521524189
0.19954883697383263
1.9493102250022657e-169
2.0742812365639888e-05
3.5930176062564889e-97
2.5006523469426089e-28
0.008816518836330901
0.065911465554465254
1.136501920653667e-179
2.1543126862222046e-06
2.3930392416800684e-100
2.3182330469237437e-29
0.044547607777939355
0.011898504342251374
2.3275800646837651e-146
0.00088484739786535895
3.0081410013836408e-104
9.5545723236408943e-22
0.012242366713574303
0.80923375981864187
2.4843992518775627e-136
1.226446149218029e-07
5.2765355461186182e-103
2.5656551666602777e-32
0.0034463350599141123
0.43518955325802511
2.0206722445260209e-160
8.2634666778919155e-08
2.7205295517325513e-95
3.5232289873759249e-25
0.034998399299660136
0.053451604697800109
1.3429274236480557e-134
7.4445293897679261e-05
6.2941050814000022e-99
6.3551723785148324e-27
0.063673878361816566
0.76829558283082022
9.7529665309377055e-122
0.011303521811880697
7.5356428190252485e-105
3.1297210024281081e-19
