2.4884547226232211e-05
9.5135431566549138e-31
1.0136026969376944e-152
2.9829614193464394e-115
1.5598408375155931e-19
5.3932519302625716e-47
2.1252844922305746e-08
9.0763225118130285e-39
3.2693834428863442e-155
9.5226350819120502e-104
1.9215031541412005e-18
3.2753031108410183e-44
9.9635333692486281e-07
1.9094523316272052e-30
1.0928177361012752e-156
6.6958262265853985e-104
1.6233254577282899e-16
6.8225673489060749e-40
5.7437222697096467e-07
2.2519040784559599e-29
2.4749297542048539e-156
1.8010515963695435e-109
1.3653138636638767e-16
1.0972107971360214e-48
1.6647248905528199e-05
1.6946316327940165e-34
3.242293061965909e-153
2.6137391849035132e-114
2.3847671570324373e-23
4.0358619179153572e-44
1.1724768900804637e-06
4.2568055742053896e-32
9.0035495599820392e-135
8.7490085616701173e-118
2.5630766851288944e-22
1.0299435742743325e-51
3.3874801659471032e-05
1.4338783313633327e-35
4.0426180474109337e-153
1.0604461547990023e-107
8.858997248230205e-18
1.1914129383070659e-36
2.172063158943091e-06
2.3366215782958551e-32
4.4947270868571789e-172
1.1084588045545945e-109
1.2601575412341061e-25
3.3244204458039899e-47
0.00065484300434977532
1.5726416593415426e-33
1.1126914915595124e-166
4.9012472120325885e-103
2.771151959524635e-18
3.6398750767339563e-43
0.00029960635373259135
3.5479225840112143e-46
2.2036833854020344e-160
1.6527946125240269e-115
5.3072080429711926e-15
3.0768445126581353e-49
0.00021189189647179284
7.149920629563918e-30
1.1381576567077111e-153
8.2338645765557414e-122
1.7269216496305074e-15
7.4818070817722345e-39
4.6866916308661154e-08
1.0714876858595923e-33
1.4020653197582572e-153
2.5280814399592674e-113
9.4326391460199759e-18
1.0694561651424344e-45
5.2269394902703617e-06
1.0523808031630257e-38
9.5410073566734015e-160
7.9768511429263996e-127
4.5988894760681744e-22
4.2373718630870676e-41
1.2761644557854656e-06
7.2852816551223557e-36
1.1211143881756403e-159
1.5282890416601991e-103
3.7125507307140434e-20
8.5622261118878071e-44
5.8798999339710154e-10
5.1512987008315082e-38
6.8058745623505232e-161
5.3853938458714633e-118
1.1302680713457412e-23
2.1481554984767471e-38
5.1369124945079762e-11
3.2623062381205404e-36
6.5769137619923648e-162
5.0023536041041743e-121
3.4873615267438591e-18
6.8161246366393675e-34
8.937052173471964e-13
1.0399812050392205e-25
4.9000431435821263e-152
2.9339572075639639e-101
