0.927809
0.000001
0.000000
0.000000
0.151306
0.188105
0.006654
0.000002
0.000000
0.000000
0.642406
0.172349
0.017331
0.000001
0.000000
0.000000
0.225696
0.398180
0.449627
0.000030
0.000000
0.000000
0.018292
0.118706
0.643592
0.000001
0.000000
0.000000
0.768743
0.660675
0.092737
0.000000
0.000000
0.000000
0.066185
0.378974
0.007123
0.000000
0.000000
0.000000
0.013916
0.001948
0.360271
0.000000
0.000000
0.000000
0.021830
0.260218
0.464421
0.000001
0.000000
0.000000
0.464421
0.109871
0.943433
0.000000
0.000000
0.000000
0.451000
0.127253
0.323687
0.000000
0.000000
0.000000
0.231666
0.047072
0.295052
0.000000
0.000000
0.000000
0.066436
0.039684
0.317877
0.000000
0.000000
0.000000
0.954503
0.400054
0.069212
0.000000
0.000000
0.000000
0.365939
0.117559
0.045429
0.000000
0.000000
0.000000
0.948873
0.004824
0.006675
0.000049
0.000000
0.000000
0.210493
0.225893
0.583828
0.000000
0.000000
0.000000
