0.000202
0.000079
0.000000
0.000000
0.860457
0.000000
0.000000
0.013424
0.000000
0.000000
0.128934
0.000000
0.000000
0.000128
0.000000
0.000000
0.107455
0.000000
0.006506
0.012195
0.000000
0.000000
0.020600
0.000000
0.000000
0.000009
0.000000
0.000000
0.966799
0.000000
0.000000
0.000381
0.000000
0.000000
0.222172
0.000000
0.000148
0.003775
0.000000
0.000024
0.339422
0.000000
0.000001
0.000081
0.000000
0.000000
0.747591
0.000000
0.000027
0.001077
0.000000
0.000001
0.086419
0.000000
0.000090
0.342094
0.000000
0.000000
0.041848
0.000000
0.000059
0.000003
0.000000
0.000000
0.064739
0.000000
0.000002
0.000001
0.000000
0.000000
0.243350
0.000000
0.000408
0.000027
0.000000
0.000000
0.311638
0.000000
0.000007
0.001813
0.000000
0.000001
0.418979
0.000001
0.006406
0.000042
0.000000
0.000041
0.102088
0.000000
0.000001
0.003110
0.000000
0.000000
0.376591
0.000496
0.000682
0.000000
0.000000
0.000113
