2.1157395389264949e-31
2.3206040615969844e-05
1.1989247359923908e-22
8.156350752427849e-39
9.3887071767611324e-11
3.638833318975394e-08
2.5814049004658409e-23
0.00085602677756613319
2.6146773427705605e-25
7.5069944066316449e-28
4.8085053102639386e-19
1.065704557055216e-08
4.4068375870025229e-26
1.4947129475837289e-05
2.0087209806807118e-23
5.5190811960123072e-30
1.6781453254622267e-12
1.2644412904989538e-10
2.8014913833113691e-35
0.003922356695549572
1.8804638483093469e-30
9.9980721389173092e-33
4.9524102582115951e-19
1.9669651335831562e-11
1.2749549532468566e-30
8.3530545449491326e-07
6.6236401901470852e-29
2.3860613091628187e-30
2.2413068042469878e-10
4.5639977187866395e-09
1.3846406191617859e-28
2.7788321600738538e-06
2.4628929131057579e-32
3.1651656996191469e-39
5.6359851241178537e-22
2.701004924192295e-08
1.2330721415031086e-36
1.5037032694741414e-07
1.0111695847508486e-26
1.2076618457216247e-35
2.9135573676540276e-16
2.3462442974763826e-13
1.2102162902531616e-38
8.7687400595545627e-09
4.7143298300875934e-29
3.770722331317969e-46
9.5513611875106326e-23
7.8433435310958978e-09
1.6630354676118596e-43
8.6856645999084074e-07
3.5778484645827851e-26
2.1261680647944582e-44
1.2749771869531741e-16
7.5851825439228722e-10
1.0188253105111673e-29
3.5660147534049418e-05
1.130915924898365e-20
2.8201751008493361e-36
1.3727306374797637e-13
2.3396299451675375e-07
5.5943009876071797e-21
0.00016970821950352389
4.8292650246543523e-32
1.1882870972040746e-29
1.9328788823382178e-16
0.00019030682973609396
1.4073188062624807e-22
0.0048351387643366401
1.6926867875124834e-31
1.3842147120456537e-21
1.7470840994648642e-21
1.2342059903560455e-06
6.2586188164726003e-35
0.13624024325115877
5.7350393214779246e-29
1.4342843650328605e-32
2.3376119100094364e-12
1.5810227929740491e-10
7.7336182861858779e-30
2.7415723016557362e-05
2.0417928057025568e-26
9.4643766284812469e-26
1.4429709769591381e-17
6.3473851800565697e-11
1.1684113133228993e-31
2.1000035030369242e-06
4.565576351171346e-31
8.9896969221000565e-35
5.413035236913468e-14
1.1773019394802659e-05
7.7850190626137729e-30
0.00014432013424962322
1.5225084223015322e-23
1.6433782498648425e-36
8.9211024107274604e-19
2.2201097109620257e-06
4.0469132826030578e-33
3.9426841705189751e-05
2.1315533781686578e-22
7.9445859430210165e-36
