0.55068990068127688
1.0978675751745095e-08
2.7866954125510636e-128
3.0026009837153842e-90
2.9577399122066916e-07
0.024500093900660977
0.59756944361481623
2.8144486686570295e-06
3.3756182251521778e-146
7.8837334010588537e-78
1.7642301638880223e-05
0.14380818088833783
0.85988882798001554
6.7585103389762222e-06
1.3247554434321053e-137
3.7091099192782358e-73
0.011399939341067717
0.032331153120687101
0.46947845555487033
1.8100646819115517e-07
1.2212591108941812e-134
5.3717019642054762e-76
3.0250807820805778e-09
0.56597123686030337
0.2328075732030864
0.00010013795354481763
1.9028361982346795e-131
8.7668170490564886e-83
5.3794307434572178e-09
0.098284525774611664
0.042390742951148468
4.5634428546273982e-06
9.3514659534661991e-130
2.2451509342646746e-79
1.0936680887938818e-07
0.031504252616692478
0.2476270258583419
1.5036525138457139e-08
4.1151106931506528e-133
2.2296777961568774e-82
1.8289367822141717e-13
0.33570419320081635
0.61834633114277482
2.3877588736553082e-11
1.6081418501757951e-126
6.00210669490426e-77
4.5825104495819889e-08
0.46077955578169039
0.70436056713588058
3.1189854002404702e-06
5.2834726862098576e-147
4.2935057844310159e-103
6.8187933084770094e-10
0.0095274456321843125
0.057109695718000342
4.7259658682058359e-07
1.8046122670185555e-127
2.4111449629962511e-85
7.4497157974246471e-07
0.97373106167895218
0.75793695592615129
1.2195947628683261e-06
9.4164828966782644e-132
2.0149158701901662e-77
5.4434928603575192e-09
0.025023391146789913
0.42775944667576427
3.376245616333214e-07
5.5786016835073285e-144
1.779367907368107e-83
1.7175945854110313e-05
0.17361861040339718
0.9163514740602462
0.00013335612067731255
1.4670676798054902e-148
7.18596493748097e-85
0.0043574518200433614
0.49085521725514047
0.77820918842497766
2.4643180741033008e-07
7.4742904300843802e-136
3.958754779488454e-75
3.6286086368520549e-08
0.2962610442977156
0.39493829944731007
8.7232871603327377e-09
2.7976723360259083e-141
3.0331154883133583e-83
3.3102297710203387e-06
0.090627029771594703
0.38444245143448991
0.00015889980596220802
2.7190653354674147e-136
1.3630559414839547e-89
6.2461415908147546e-05
0.12603489335261664
0.35575966359865946
3.2194831566706765e-08
4.5898451776092514e-126
1.8305405809600013e-74
