5.3361876479800907e-05
5.5862408193194451e-13
6.2461121112977052e-139
5.8728926144312934e-56
0.0043365428991161813
0.0036598940674610289
0.093917258145954072
8.371812580647013e-25
4.9773865989525647e-128
1.192480891349591e-62
0.26516538447417265
0.00018186659551455307
0.0028326857710664912
1.7158669607247819e-15
4.6087704921209542e-132
3.5626866684243055e-61
0.15116375998539569
0.015584639289970352
0.0027509724655915388
6.3873894925487833e-21
3.9191320030265353e-115
8.2379781067534534e-63
0.02439124554548459
0.00055865117480144943
0.00056316127982364772
9.8894594133218732e-17
4.1966205010600675e-123
3.7849968061931094e-63
0.18590435550712042
0.0042829758716490555
0.014894317783443006
3.1695219936484695e-13
7.846953802627961e-128
1.4496019157576059e-60
0.20068184361191682
0.017226126701253251
0.076679686129754343
6.3291784325201973e-17
1.181908208207946e-139
4.2556699987886692e-66
0.46840011340413534
0.023827216778840379
2.6600760479095488e-06
8.3016821104838184e-24
1.1080445016231118e-122
5.8897946773100167e-62
0.61172424296411432
3.5947322647951678e-08
0.012251790569481747
6.1247774357507107e-18
7.5285027729092013e-135
4.5942625197102974e-57
0.36565899957875547
1.6464843958416209e-06
0.0021314495255890446
3.7807116975022392e-18
6.4369934495842556e-127
1.8339172671766052e-60
0.072239507369551911
0.00012241153804740557
1.7656752515399663e-06
4.4943278304062492e-23
8.4953162176174625e-129
1.1343714710689758e-58
0.3085509573804307
8.0934795497805653e-06
6.4543287060092018e-08
8.2953725958120135e-18
3.8117876600721505e-129
4.7632782905540277e-56
0.2018801045397568
0.00045730345995531786
0.0024018628353196024
1.8716700329617024e-23
2.7021283834187513e-120
1.6520444690254556e-59
0.33667509307881038
2.7939972128164192e-07
1.2588432519477539e-07
5.1702884183335418e-18
3.9879487400938418e-135
2.2004544964002226e-64
0.40322161618667135
0.029909400848364139
0.038711121669940979
1.0602002983601033e-25
1.1450072294087303e-129
3.1025328418097324e-68
0.42335628963524097
7.9431411537106414e-05
0.0038566355187462393
1.7464992578209067e-12
4.2138349215505847e-126
8.0621840010929051e-70
0.46345566724640341
0.005756288382544013
0.00097589029171406792
1.2243632291899059e-26
2.6501381857469194e-121
5.3231849490141396e-57
