0.427349
0.000053
0.000000
0.000000
0.000000
0.000000
0.046540
0.000002
0.000000
0.000000
0.000000
0.000000
0.007819
0.012461
0.000000
0.000000
0.000000
0.000000
0.007288
0.000000
0.000000
0.000000
0.000000
0.000000
0.663995
0.000000
0.000000
0.000000
0.000000
0.000000
0.292004
0.000000
0.000000
0.000000
0.000000
0.000000
0.689423
0.000000
0.000000
0.000000
0.000000
0.000000
0.945981
0.000000
0.000000
0.000000
0.000000
0.000000
0.759972
0.000147
0.000000
0.000000
0.000000
0.000000
0.104845
0.000000
0.000000
0.000000
0.000000
0.000000
0.274280
0.000002
0.000000
0.000000
0.000000
0.000000
0.037706
0.001770
0.000000
0.000000
0.000000
0.000000
0.011488
0.000006
0.000000
0.000000
0.000000
0.000000
0.633984
0.000006
0.000000
0.000000
0.000000
0.000000
0.967207
0.000555
0.000000
0.000000
0.000000
0.000000
0.131723
0.000000
0.000000
0.000000
0.000000
0.000000
0.185961
0.000000
0.000000
0.000000
