0.000000
0.000043
0.000000
0.000000
0.000000
0.000293
0.000000
0.000006
0.000000
0.000000
0.000000
0.003046
0.000000
0.003250
0.000000
0.000000
0.000000
0.000173
0.000000
0.000001
0.000000
0.000000
0.000000
0.001482
0.000000
0.000002
0.000000
0.000000
0.000000
0.008393
0.000000
0.000019
0.000000
0.000000
0.000000
0.000155
0.000000
0.000030
0.000000
0.000000
0.000000
0.030607
0.000000
0.000000
0.000000
0.000000
0.000000
0.004901
0.000000
0.005297
0.000000
0.000000
0.000000
0.289139
0.000000
0.000079
0.000000
0.000000
0.000000
0.239268
0.000000
0.000530
0.000000
0.000000
0.000000
0.061356
0.000000
0.000008
0.000000
0.000000
0.000000
0.013873
0.000000
0.002497
0.000000
0.000000
0.000000
0.000250
0.000000
0.001198
0.000000
0.000000
0.000000
0.000002
0.000000
0.001146
0.000000
0.000000
0.000000
0.001821
0.000000
0.001888
0.000000
0.000000
0.000000
0.000023
0.000000
0.000002
0.000000
0.000000
