0.000000
0.000002
0.001757
0.952797
0.000172
0.276038
0.000000
0.000045
0.022744
0.069164
0.012576
0.425913
0.000000
0.000000
0.046030
0.000029
0.000015
0.000017
0.000000
0.000000
0.777434
0.694607
0.000002
0.001773
0.000000
0.000086
0.001239
0.033518
0.001069
0.165655
0.000000
0.000003
0.008683
0.009513
0.000112
0.031024
0.000000
0.000000
0.011139
0.009944
0.000327
0.001033
0.000000
0.000000
0.037733
0.392103
0.000017
0.179102
0.000000
0.000002
0.002165
0.580901
0.000000
0.119901
0.000000
0.000000
0.000090
0.507732
0.000000
0.006596
0.000000
0.000000
0.000285
0.621424
0.000031
0.033275
0.000000
0.000000
0.018389
0.003004
0.006696
0.009502
0.000000
0.000437
0.002376
0.421419
0.000000
0.084495
0.000000
0.000404
0.012929
0.004726
0.000031
0.133710
0.000000
0.000000
0.403122
0.087675
0.000006
0.003057
0.000000
0.000000
0.090688
0.006749
0.017396
0.000042
0.000000
0.000000
0.037313
0.010091
