0.000000
0.000000
0.000000
0.000000
0.125873
0.000006
0.000000
0.000000
0.000000
0.000000
0.021044
0.000008
0.000000
0.000000
0.000000
0.000000
0.009214
0.189014
0.000000
0.000000
0.000000
0.000000
0.073962
0.000583
0.000000
0.000000
0.000000
0.000000
0.043310
0.000396
0.000000
0.000000
0.000000
0.000000
0.019472
0.217925
0.000000
0.000000
0.000000
0.000000
0.017648
0.000320
0.000000
0.000000
0.000000
0.000000
0.000219
0.000102
0.000000
0.000000
0.000000
0.000000
0.083702
0.000072
0.000000
0.000000
0.000000
0.000000
0.023215
0.001432
0.000000
0.000000
0.000000
0.000000
0.051206
0.540003
0.000000
0.000000
0.000000
0.000000
0.001515
0.001246
0.000000
0.000000
0.000000
0.000000
0.140535
0.008131
0.000000
0.000000
0.000000
0.000000
0.198895
0.093949
0.000000
0.000000
0.000000
0.000000
0.000882
0.000022
0.000000
0.000000
0.000000
0.000000
0.031816
0.002964
0.000000
0.000000
0.000000
0.000000
