0.00061001102010969758
0.12271735468119961
7.9159720770668046e-18
5.5183310277434512e-06
0.89445240822278005
0.62947928000559861
0.20092103402923503
1.447986769724781e-06
4.3559387505573948e-27
1.9306279961345316e-05
0.17019742876766797
0.077071478585909292
0.14747012070884594
0.0071064339262824436
1.5664489259017951e-17
1.6440931178137393e-07
0.90835455005300092
0.6725244412011171
0.54781033622723663
6.6496438172473377e-06
5.87959108911919e-18
1.3971587271488648e-07
0.093170168581380372
0.18612908176071952
0.013814989615052587
1.442697598928827e-06
5.385820498558126e-27
6.4152260625722741e-08
0.70857888379646494
0.11336315443367692
0.066550656928719268
0.00099858236321196205
9.7894919567584033e-19
6.953667284891708e-10
0.054531574892219215
0.74496113671546405
0.00075217062304502673
0.00038422796336420027
1.2864130196186872e-16
6.1079095012078122e-08
0.35916267056896917
0.12704924470786366
0.00091193865102652148
0.40232915126485264
9.8112437162453418e-17
0.00016868320758366777
0.398574079314993
0.24265447260363332
0.012973654692258096
6.1184716762883369e-05
5.1857288699422518e-21
3.3112890739951048e-07
0.17510986129081496
0.43851459541178517
0.028453035063920658
5.8748595774073071e-07
1.8602802661277381e-19
2.7406225068222541e-08
0.60888912165894271
0.089274204824472458
0.00032596966978267177
0.011630966422249717
4.1249832766132472e-23
0.0015635381914356991
0.028969926505866505
0.61704486861712848
0.081473969182525835
0.00042595231146769024
4.0501843518064225e-16
2.2604612632364268e-05
0.67323473837912817
0.12506771589446322
0.088086829838481776
1.873070454699563e-10
1.7757440233489429e-28
0.0024136604543507729
0.013013537297895958
0.19524388611838889
0.028547321857016916
0.061080063098005406
5.8894295971298213e-17
1.6788371092778415e-07
0.22740777665848255
0.40242825543219923
0.024318932875152868
0.00022730666046363263
1.7383320542889384e-25
2.3109296995274452e-13
0.96810296779523231
0.46732300217892497
0.040577711197743928
0.00044013675929959742
3.5906968797369829e-14
1.2654107609871207e-05
0.023301478914111325
0.56666874994532934
0.037529399854620525
0.0063405154303712253
3.214428229113052e-21
9.9228439686770878e-11
