2.7385208518925332e-19
5.9084446477858704e-08
0.0010078027427370335
7.7751641074314466e-07
1.5222294748825576e-21
1.3756507293116414e-11
2.4524767137631245e-20
1.4004125347573115e-07
0.051731572741505451
5.1554355111312357e-10
2.7207972647212958e-17
1.3648607931316415e-10
2.5290194918519487e-17
3.677854196495922e-06
0.00017736331520099238
7.9308885746195215e-08
1.3285835940589866e-20
1.0712002838027243e-16
3.236051402323128e-29
9.3379583348846498e-08
1.5533140876847079e-05
5.5623656658554103e-12
8.7000107329018002e-25
4.5850470280673659e-12
2.2759038251950712e-20
1.6023898592218761e-08
0.0014459654961522215
0.00051479652677701099
1.7770850664768851e-24
1.440101471550009e-17
2.4972733560795792e-26
1.910485448751293e-09
0.00023395765147103507
4.8138632878119561e-14
3.1260692294082592e-20
1.680934151586033e-09
2.6054252697040684e-25
2.8259926283000492e-06
1.2593292665208167e-06
1.7187318071287573e-06
7.8887802989582916e-24
1.3375872530105615e-10
2.28892532406528e-27
9.9760404917710324e-06
0.00012455977081859553
1.5191652263985857e-07
1.3400957810066505e-26
4.8676103742965818e-13
4.0400536016450495e-21
1.0719951454690263e-11
2.1376804207061654e-06
5.139840790423827e-07
1.1193172005381302e-19
7.6470102857199209e-10
5.5188993606035645e-16
5.5567127188441472e-05
1.5526197966719027e-05
3.4979451982394052e-09
6.8444187218964651e-22
3.0048354489906697e-08
6.3361786990473357e-23
1.0066073440866327e-05
0.00017207416057050376
0.00023516889800338678
3.7079633444677438e-13
4.4388506678044232e-08
8.7359169117223999e-19
3.1747764474306176e-07
7.6663099676770399e-05
4.1428997465417209e-10
5.3107290884801279e-29
9.983004003005562e-12
2.7607669403238539e-27
1.2797790124652804e-08
0.00012472237605330402
9.8386876988925906e-10
3.7432196824581862e-19
2.8162584378744312e-12
1.8741573818646663e-18
3.7363852579227871e-09
9.212601497507449e-05
2.9123247418707374e-09
1.5075649779004254e-17
1.3681234764043254e-06
8.2813008379067348e-19
1.3544176571628704e-06
0.0042984613698809774
2.4324669979365254e-09
2.430942889284122e-23
1.232786261268178e-09
2.8094054720373694e-21
2.5907978706783965e-07
1.4273793392684895e-07
4.3836050591387933e-10
9.739109868157717e-25
6.7044667677291396e-17
2.4846614432442237e-20
7.1762578042545327e-09
8.9529609966085941e-07
0.00015045584816834794
