0.000000
0.000000
0.000000
0.000000
0.655931
0.000000
0.000000
0.000000
0.000000
0.000011
0.010543
0.000000
0.000000
0.000000
0.000000
0.026696
0.515249
0.000000
0.000000
0.000000
0.000000
0.000004
0.000521
0.000000
0.000000
0.000000
0.000000
0.000027
0.071136
0.000000
0.000000
0.000000
0.000000
0.000003
0.356035
0.000000
0.000000
0.000019
0.000000
0.000604
0.006049
0.000000
0.000000
0.000000
0.000000
0.023818
0.395232
0.000000
0.000000
0.000000
0.000000
0.000000
0.298366
0.000000
0.000000
0.000000
0.000000
0.000032
0.529845
0.000000
0.000000
0.000006
0.000000
0.000331
0.002105
0.000000
0.000000
0.000000
0.000000
0.000000
0.010820
0.000000
0.000000
0.000002
0.000000
0.000008
0.058603
0.000000
0.000000
0.000000
0.000000
0.000232
0.058074
0.000000
0.000000
0.000001
0.000000
0.005357
0.041149
0.000000
0.000000
0.000000
0.000000
0.002278
0.239268
0.000000
0.000000
0.000000
0.000000
0.000189
