8.0670838790348619e-10
2.8551662396585878e-11
4.5005969414900796e-182
5.7027523984864819e-132
8.7181222916977535e-17
1.1702264088884338e-11
5.1417719055874182e-16
1.1835281570663979e-14
7.8634939799345946e-188
8.8529188670654779e-128
7.4444491414775151e-22
3.2011190547501753e-15
1.3801967293534908e-18
2.2201142833491148e-12
6.3839139436308935e-200
5.2850496505473103e-132
4.1414481526493995e-16
1.9607384865628834e-14
9.0287633784898428e-14
4.3228190180982245e-13
1.4362770795393621e-196
4.1803916179546415e-133
1.7718559574873428e-15
2.5134840803700491e-20
1.5736732065853742e-12
1.0277491909383762e-11
1.6103684019870709e-186
1.1628244058280848e-132
2.2463593619786114e-21
5.5051127166420932e-21
3.6493729718969049e-14
3.113213102579948e-17
7.3225089525617244e-194
8.9152165707357793e-137
2.109336410660213e-15
3.7581656697020832e-22
6.8711142073553855e-10
4.3344713036788183e-16
2.4164804085874176e-188
1.4573445424066076e-128
1.0851068224205429e-19
7.0437155255077174e-16
6.3749919306538489e-12
3.6880837144638185e-13
5.5219496771550061e-188
3.3926990782934282e-130
5.0596610995096471e-21
4.731859491735324e-14
2.8897776784898977e-12
1.1173602089280104e-15
1.2181006611897221e-201
3.8089127695787714e-146
5.271926986915262e-17
1.0203616412567974e-10
7.2292103486677916e-19
9.4412199120914785e-15
5.5716391065498698e-193
4.8159338667924349e-134
1.3887226549892689e-17
6.7072689494675753e-19
1.3963698020647426e-14
5.3698861626232167e-11
2.0860938085273834e-182
5.2216644455800293e-132
1.4480433020118156e-28
3.4024592081712517e-20
2.7177479331483441e-21
1.5605097673320743e-18
1.6275080876158913e-182
4.051772801286214e-123
1.1454194951328738e-12
1.6793131584769095e-14
8.218054376775981e-17
9.8502740479707226e-17
1.3017108533393099e-189
1.3348616638540469e-132
1.7793610896371399e-28
5.8457184646128505e-13
1.49353935800609e-22
1.480579963733177e-14
1.3245387916900785e-185
3.2679277831861421e-138
5.3232961534376912e-27
7.5498587844792571e-21
3.4958194986065455e-20
1.859736511648128e-15
8.9923286875123341e-183
1.3417066653465512e-122
7.67144215706202e-18
4.0114653196486846e-13
4.5104974230661283e-13
6.088268642955308e-18
9.2075332185776776e-191
3.0071155946348849e-135
5.7659673396297994e-23
7.9071135071728505e-15
5.9901641295026818e-24
9.2541442717772021e-11
4.7923810305667776e-196
1.246697524104702e-135
