6.765214645116733e-70
2.0241224413805603e-114
0
2.7319456743820052e-220
0.00014608382788942103
2.1659181228909249e-40
1.8669458056776548e-65
9.2770965007010956e-126
3.3676522503075993e-299
3.1624722095051665e-221
8.2935757593146252e-10
2.7106751826222009e-43
5.1255652202350951e-60
1.565820918991207e-120
0
3.5554847379358188e-228
1.3400871488778707e-05
7.4135254366346292e-45
2.0342250813381982e-59
4.8954994836922781e-118
0
1.1857365095253308e-221
2.3133866268210908e-05
1.437431518257462e-42
1.3771577511822734e-83
1.4257676949269772e-118
2.06700158242136e-310
3.4493478679067654e-206
4.1798850670948933e-07
3.9474691349981362e-40
1.2250769445939074e-70
1.3222368687811545e-123
0
9.4754315116403895e-221
4.6806197482175288e-06
9.9029972473682589e-34
5.0608962028108343e-52
2.2517273232319838e-113
0
6.1277062105756833e-224
8.8833143601114561e-08
6.1191804363928447e-31
1.7567022431001086e-67
6.3530012597160597e-121
0
4.7017819067368248e-224
4.6782338920211368e-07
3.0959805773261669e-39
2.2371498535863511e-86
3.6351958117931148e-118
0
3.6655856673340541e-231
0.00034904538944515828
4.5598287648343535e-37
2.7824819377567935e-70
9.9231457453637822e-122
0
4.2137926004160131e-220
6.9345014525103069e-06
2.0765499479579031e-38
7.1127030374583371e-69
1.2628025591101449e-126
1.9740109119096514e-302
5.7419082822492112e-229
0.00031838850908893183
1.1689756278940309e-44
1.5629526970763709e-51
2.1990067920828507e-110
9.2681562616445142e-310
1.5898850657974537e-221
8.907640035725065e-06
3.8847858050748803e-44
3.1334880610753888e-53
6.1272952519799422e-115
0
1.5388185592902067e-218
8.2273570118280929e-07
3.7397113029787638e-46
8.4149583659516161e-62
1.191863791949121e-123
0
2.0361013932122262e-212
9.3954811788058801e-05
1.5533633482603376e-28
1.5083593096844159e-78
6.4878817097696428e-124
0
2.5714171284511386e-224
4.9928467690834631e-10
1.2528369840848633e-36
8.1096386637751965e-67
7.504087649713173e-110
0
5.1295340940774534e-231
6.3796714956374926e-07
7.7543016921601977e-34
1.1134536122830377e-62
5.8499643248343109e-128
0
4.5137657085508378e-225
