0.000000
0.000000
0.000000
0.000000
0.159477
0.000000
0.000000
0.000000
0.000000
0.000000
0.014832
0.000000
0.000000
0.000000
0.000000
0.000000
0.827895
0.000000
0.000000
0.000000
0.000000
0.000000
0.167604
0.000000
0.000000
0.000000
0.000000
0.000000
0.649643
0.000000
0.000000
0.000000
0.000000
0.000000
0.057329
0.000000
0.000000
0.000000
0.000000
0.000000
0.448361
0.000000
0.000000
0.000000
0.000000
0.000000
0.577626
0.000000
0.000000
0.000000
0.000000
0.000000
0.285586
0.000000
0.000000
0.000000
0.000000
0.000000
0.617400
0.000000
0.000000
0.000000
0.000000
0.000000
0.341380
0.000000
0.000000
0.000000
0.000000
0.000000
0.000268
0.000000
0.000000
0.000000
0.000000
0.000000
0.059945
0.000000
0.000000
0.000000
0.000000
0.000000
0.230129
0.000000
0.000000
0.000000
0.000000
0.000000
0.255269
0.000000
0.000000
0.000000
0.000000
0.000000
0.693665
0.000000
0.000000
0.000000
0.000000
0.000000
