0.067242
0.000206
0.000000
0.000451
0.059861
0.009975
0.486786
0.000002
0.000000
0.000001
0.009153
0.000270
0.070216
0.000000
0.000000
0.013265
0.317283
0.008276
0.754082
0.000104
0.000000
0.000208
0.010178
0.013044
0.351377
0.021498
0.000000
0.000064
0.377162
0.000083
0.026805
0.000096
0.000000
0.000006
0.368373
0.047914
0.010729
0.002466
0.000000
0.004262
0.074798
0.001819
0.086855
0.000006
0.000000
0.000017
0.150881
0.000092
0.531780
0.000000
0.000000
0.001496
0.242099
0.033800
0.253395
0.000002
0.000000
0.000009
0.610070
0.014087
0.635170
0.000015
0.000000
0.000041
0.226090
0.048632
0.871445
0.000025
0.000000
0.000457
0.043341
0.031470
0.126886
0.024857
0.000000
0.030843
0.829837
0.000164
0.143582
0.000000
0.000000
0.000001
0.224516
0.021282
0.787898
0.000076
0.000000
0.000029
0.000922
0.004168
0.135292
0.000000
0.000000
0.006859
0.082414
0.001286
0.010285
0.000000
0.000000
0.000000
