1.0267216370804176e-49
4.6825533123834458e-07
4.8467134108714739e-164
1.1698354063875778e-106
2.9728847635754502e-13
0.00027950483406507718
7.3302746613810382e-38
1.4077326786926364e-05
8.5842334164536421e-181
1.3425843063655016e-93
1.5853341763041925e-09
0.007870853237492809
3.4738886228492491e-52
4.5357968316176712e-07
6.4765063241126423e-183
2.4252059333034205e-94
1.0334002748897884e-15
6.006562995015194e-05
1.8122760834492634e-38
4.287029596956575e-11
1.4450731447026134e-183
1.4632595807363613e-91
3.9645925494077662e-09
0.018299375096127134
4.4090210884052899e-46
6.6597211797650029e-05
4.5029930992785914e-160
6.5597412508045963e-105
2.7426568112964803e-16
0.007508715007634355
3.3687541752918305e-38
1.4333675975437835e-07
1.0216535998309988e-178
8.2204289155489934e-104
1.277985822627641e-13
0.0074969236272343252
1.0623161323418699e-34
1.8838914118684433e-10
2.1333146615074375e-168
3.4525317546580404e-102
1.7552577448169634e-13
0.00016694019102530679
3.6775162742338759e-49
2.8872778420782409e-08
2.3363795103124333e-178
5.5175373403151859e-98
1.192540343308586e-11
0.082081398210012382
1.5081539343134613e-44
2.4120501796642059e-06
1.346537131310413e-164
3.808500790164293e-108
4.4812135592256068e-18
0.060195213325614789
7.6923099789482914e-39
2.8576037429450571e-08
1.055163478795054e-166
1.1356343404779843e-99
2.5207849565459645e-10
0.015244467496637779
5.4346572632497757e-45
6.9220045568018793e-06
1.9230627600402595e-170
1.3296987480455735e-103
1.2755614433339532e-08
0.028536831109326304
9.5056203691149465e-40
3.4340726390604561e-12
6.9100650586993828e-160
1.2881430219179623e-100
1.7237506567426728e-13
2.5017667135527751e-05
1.3406541033140047e-45
3.0837526638971052e-06
1.1875105134051766e-170
1.3785180501811296e-98
6.1610919970206127e-19
0.0031992195918889906
1.3223142225090226e-44
1.3750278802756439e-06
6.2135174973785185e-176
1.2558434629929919e-108
9.3424451309254473e-16
0.00033187793635710314
3.1803368371333222e-49
0.0012869313484900711
1.9670778908319421e-165
1.2020244843807973e-97
3.4944587957390737e-16
0.016212728442030165
1.7660403284895046e-62
1.9077607266070108e-09
7.7458115064892926e-199
1.167452032705943e-113
6.0081135487770562e-11
0.18074204152102963
1.5285664726508226e-52
0.00028094728203307819
6.5453117551518202e-178
4.0564362360342513e-97
