0.013074
0.002930
0.000000
0.000000
0.000000
0.014173
0.000000
0.012805
0.000000
0.000000
0.000000
0.387147
0.000001
0.023774
0.000000
0.000000
0.000002
0.350377
0.000509
0.000001
0.000000
0.000000
0.000000
0.613970
0.000831
0.000000
0.000000
0.000000
0.000000
0.626043
0.000295
0.000010
0.000000
0.000000
0.000000
0.009913
0.000027
0.000105
0.000000
0.000000
0.000000
0.146225
0.000000
0.003281
0.000000
0.000000
0.000000
0.421826
0.000115
0.001057
0.000000
0.000000
0.000000
0.127661
0.000193
0.000005
0.000000
0.000000
0.000000
0.209192
0.000097
0.000054
0.000000
0.000000
0.000028
0.000729
0.000000
0.008704
0.000000
0.000000
0.000000
0.000188
0.000000
0.000003
0.000000
0.000000
0.000000
0.452269
0.003448
0.000005
0.000000
0.000000
0.000000
0.164942
0.000049
0.023748
0.000000
0.000000
0.000000
0.007319
0.000300
0.000467
0.000000
0.000000
0.000000
0.501819
0.000135
0.000040
0.000000
0.000000
