0.19511185456172797
0.12262457438946237
0.50385692854153596
0.99390362722513426
0.52459598006549668
0.58127563582989583
0.76260179195480893
0.31379668245951309
0.28656936960065299
0.2958611634435846
0.23283217797376232
0.14690886365840458
0.11656465093520792
0.10988513005489758
0.66647068312004698
0.74336278396957201
0.71093229716837647
0.53514728526750188
0.50096423313796024
0.78517908143032666
0.81237367235905189
0.16691585340414067
0.56605052991505012
0.42654961744851166
0.41990683618442715
0.52310154574228518
0.21977399071028383
0.0004324198319409897
0.90806406358172431
0.88263896722419055
0.8918464192532467
0.18351196033359096
0.54180579003313389
0.1062207970733362
0.33300721505012448
0.29132551327218414
0.56870991435460372
0.324280557329584
0.078245742171392421
0.074257443787683661
0.10019712508066606
0.17933319690017469
0.71033026680289701
0.59900501266021244
0.31574002067063672
0.68418399628426729
0.63705602934467098
0.51243480398258456
0.19565896206864319
0.91075411611338553
0.46233879129173744
0.34870894820120518
0.25412945183008501
0.51752015112683769
0.13083649663537583
0.96233004622146945
0.54647051185788253
0.62408440142755173
0.52678729362134646
0.4480842097178272
0.67011682474289858
0.093601671096877823
0.20278690882341791
0.33336911615282305
0.035647778950945744
0.33881655232679636
0.61308952197259203
0.026287167203635498
0.045966363267320058
0.51971321265897052
0.77199661859883117
0.35295516605540023
0.27443169242505122
0.064241810133689542
0.9382712420666518
0.98576013739375223
0.89385665595754815
0.94330463210512949
0.9452200717574486
0.48331816923628657
0.098559861095050952
0.84983234174915678
0.82141161429651777
0.15023126735518241
0.15086704164023729
0.5347494700954265
0.17305278431975291
0.20062525003956921
0.81635741735600242
0.56299371605843096
0.62417959794812994
0.5773566557608496
0.054523717266937367
0.76260179195480893
0.39733808993295805
0.39570438857328616
0.85165363432213825
0.26110269866740293
0.43439281932854751
0.31309131703617588
