0
3.9526824893532518e-11
0
0
2.3159805208169343e-68
2.8325195097915407e-21
0
3.7788960318457057e-16
0
0
3.6042506503488378e-65
1.7711532446572727e-16
0
9.5309756066923583e-21
0
0
3.4808407167789536e-72
6.4505828282082216e-22
0
7.4215745109482125e-17
0
0
3.8517565836409906e-62
9.3528275164694873e-20
0
3.1604716708268132e-19
0
0
7.6322735282253056e-61
9.8492649802325677e-22
0
2.1294702980143502e-19
0
0
4.5713672571179024e-61
1.9380179105850653e-19
0
7.8138288637068743e-19
0
0
5.5910411692076221e-64
3.9754444593124092e-25
0
6.4922610542031716e-18
0
0
1.0089237992669221e-75
2.8518628175972082e-15
0
2.9836955356602127e-17
0
0
2.5984840336429382e-58
1.4072302336892356e-13
0
3.0607076365329212e-20
0
0
5.4099472583812744e-60
3.7737108695352101e-27
0
8.5500166334736971e-20
0
0
2.8947390966861452e-71
6.8137012152364226e-17
0
6.5466537645689332e-20
0
0
1.6420908041332326e-55
1.5542583506100874e-21
0
6.9455742112022254e-15
0
0
3.902654512812879e-55
4.9380173059549481e-17
0
6.1529611625785325e-17
0
0
1.4299506058238744e-55
4.1099287901705292e-15
0
4.1644498768580166e-14
0
0
2.0828078099113004e-55
7.0167463293691211e-21
0
1.1924825485402552e-24
0
0
3.1265140141435933e-63
4.5474599191225353e-20
0
1.9337117085593761e-16
0
0
