0
1.239814797720808e-120
0
0
0
0
0
4.3747929356240924e-132
0
0
0
0
0
1.0002127164576667e-120
0
0
0
0
0
6.5729321709810513e-139
0
0
0
0
0
3.7625647953938854e-125
0
0
0
0
0
1.2311416695842466e-134
0
0
0
0
0
9.9847911844346756e-142
0
0
0
0
0
4.2041022618162314e-126
0
0
0
0
0
1.8646524237301589e-133
0
0
0
0
0
8.0684743386354951e-121
0
0
0
0
0
8.6903751964040232e-123
0
0
0
0
0
1.3548125219488759e-128
0
0
0
0
0
1.1729738026628349e-105
0
0
0
0
0
3.2566205680365984e-140
0
0
0
0
0
1.9381533360272085e-134
0
0
0
0
0
1.9275461749449635e-127
0
0
0
0
0
4.9626045873845047e-135
0
0
