0.247641
0.133572
0.254152
0.712071
0.414025
0.266842
0.672610
0.140651
0.476057
0.373863
0.485258
0.893039
0.361742
0.925335
0.587820
0.920188
0.155288
0.541695
0.578516
0.786808
0.706088
0.600297
0.716000
0.366389
0.186999
0.448295
0.175964
0.860397
0.613426
0.771764
0.448474
0.513524
0.091691
0.344769
0.560478
0.117818
0.182868
0.218698
0.553931
0.586481
0.634075
0.231696
0.632016
0.967257
0.207665
0.808766
0.283796
0.315205
0.264321
0.753535
0.032010
0.004549
0.619562
0.961625
0.267968
0.918207
0.384305
0.836792
0.041538
0.883948
0.214961
0.469160
0.230480
0.262681
0.768570
0.640129
0.877590
0.227218
0.134142
0.189557
0.794519
0.115114
0.475540
0.956694
0.275762
0.309684
0.662936
0.462249
0.230180
0.846084
0.810062
0.324248
0.739812
0.804775
0.986729
0.452016
0.090315
0.847759
0.731717
0.677331
0.667113
0.504453
0.739431
0.477456
0.084182
0.079099
0.817002
0.915580
0.979051
0.959929
