0.869438801779846
0.42224542634752349
0.67641872174530082
0.7912564924463199
0.29020802468032514
0.51721111222810268
0.1851367775175099
0.64207502781843773
0.67175143109184021
0.88831118862532588
0.35328973541094899
0.16371767806896798
0.73177869588296041
0.011108424146626383
0.048392335923266749
0.65315947958433562
0.15817654128719805
0.25103625593696943
0.28527472312252034
0.42224542634752349
0.7682206109893992
0.55616440515248344
0.089499322498487466
0.38022177957287551
0.48708987358851075
0.34316833732460483
0.94697646040216399
0.016338183407156093
0.46504892805473452
0.90744997206416822
0.15278890230080844
0.81028285581574
0.37619047182319165
0.78851168436359487
0.19829376210499605
0.69045643513206345
0.094958475801482756
0.12464336378104335
0.23329085025395369
0.62465512146878299
0.33387573545657201
0.5155546285762822
0.53226119042336628
0.47598695982883577
0.16477396608891559
0.32237546610078205
0.81654158276154187
0.93316834568211116
0.46041207831284425
0.33510382850616338
0.042557686178005483
0.049664802653859752
0.41002235365304784
0.037952214936720852
0.35649721549193547
0.53141845528235931
0.37285470095409501
0.20662399021854227
0.75892041533852095
0.84277499892731367
0.48390089457835295
0.5544377964413929
0.58505745016234512
0.38496416534797984
0.42661919584901242
0.43694570314849734
0.15647655182815878
0.94964517218586209
0.48151791959296908
0.90099142041354963
0.016581205444139435
0.49916658729002439
0.21698466534584049
0.28910615058635947
0.98148609155946542
0.66522928185187769
0.38974882271126798
0.35843191849251732
0.86045006120479162
0.11252416288831935
0.49592799939699628
0.038567479776995706
0.93316834568211116
0.55013400137261392
0.71298888326282039
0.35521167140490983
0.64576326993552025
0.59395585052908295
0.64207502781843773
0.42588807105913595
0.52470445994089765
0.47441424825629763
0.50160412428076362
0.84533821372765861
0.14498889156849981
0.80578511252818164
0.40789132714638687
0.82891168737772869
0.99283764808874286
0.57622365675275899
