0.65854053450887462
0.068596311052567305
0.88459877786694896
0.88884542565516034
0.095364056982254031
0.91725124420089443
0.24119863659949467
0.53451581894020661
0.12947112909664543
0.76234118369257919
0.57354006134619762
0.69319440458250292
0.29682658291948305
0.3652857356865904
0.40820128716458098
0.89554127261936944
0.10550072233011726
0.074543996941794435
0.82108924890609403
0.14631733680243003
0.005549761734568729
0.033372020005280521
0.10539690411868628
0.85299594612298568
0.037570052228509614
0.6603193765538633
0.20338606161961134
0.48218484457036503
0.3206017686138608
0.4397650615403681
0.37859185786094096
0.48634647473873083
0.96405209465255248
0.94507817778992187
0.63066462789027278
0.63576321252570289
0.54654488991868466
0.43043430068847477
0.80870351851124989
0.5698104870995262
0.90098904202697583
0.20302380665187772
0.52292299372898521
0.78251752899941429
0.32774578231789703
0.60723619131236195
0.79367443637555235
0.76919115975907637
0.74301400835929887
0.52552870457331835
0.025747000198483146
0.042405908922838589
0.32627362403311128
0.13434908017647484
0.65604975792142706
0.48338780675396609
0.52530192395105813
0.20399097984380324
0.9731733537464492
0.37945151036845359
0.26965591939940647
0.11428827623264631
0.55253536605574949
0.73773069042715622
0.8958752681700779
0.90107054222572225
0.79843478170434201
0.4907450215220116
0.46721535894141564
0.15987301418434324
0.81029283971035948
0.29136586999595787
0.55877800674022349
0.71768994070215741
0.21671417042584368
0.37015742575344324
0.87381556842435404
0.71838903724090997
0.024147997797673001
0.078363913439153818
0.24692194573590237
0.96532503918018842
0.43291167997810504
0.43002217579903468
0.7250168471766637
0.6254503683886703
0.98071084299075828
0.71220484717832178
0.54930709914790077
0.72536497096965791
0.94793786537594504
0.72606099816029324
0.2217832099533476
0.10306768510711846
0.90598238930445163
0.78141498847881974
0.59498062843019972
0.54746511898479555
0.36949919422643701
0.59145395932285993
