0.798111
0.665773
0.096414
0.016342
0.400251
0.462491
0.674655
0.110159
0.566901
0.535429
0.334032
0.169312
0.594628
0.403122
0.484373
0.979779
0.346309
0.217223
0.515699
0.137107
0.371099
0.312308
0.523376
0.065685
0.747933
0.133073
0.136327
0.705533
0.060594
0.071087
0.222172
0.800158
0.460245
0.003339
0.310133
0.352651
0.631020
0.525302
0.670748
0.596039
0.035781
0.316605
0.642169
0.884424
0.329397
0.320944
0.538172
0.023863
0.144580
0.069784
0.968501
0.201160
0.719321
0.500818
0.397393
0.459498
0.903984
0.116990
0.049957
0.063564
0.793240
0.239268
0.406404
0.802841
0.017601
0.358149
0.760537
0.515586
0.242724
0.002401
0.915522
0.262424
0.503490
0.149752
0.402230
0.633154
0.997740
0.296988
0.376686
0.323343
0.931868
0.573657
0.177745
0.505051
0.501152
0.498597
0.580433
0.094042
0.963861
0.309716
0.307969
0.646796
0.737846
0.952908
0.123709
0.991283
0.056811
0.402627
0.732196
0.955478
