0.230863
0.675957
0.066734
0.077412
0.677613
0.390252
0.090748
0.765828
0.200921
0.536686
0.521792
0.815245
0.468723
0.228069
0.646796
0.903420
0.045413
0.096766
0.536343
0.495604
0.751581
0.513787
0.775991
0.246359
0.282221
0.204355
0.667669
0.339244
0.081860
0.378878
0.414931
0.371665
0.903017
0.448361
0.873270
0.754877
0.322656
0.511990
0.469155
0.056337
0.318132
0.943494
0.299992
0.780090
0.010547
0.664943
0.549883
0.534972
0.610070
0.100917
0.291206
0.674892
0.927949
0.211115
0.280588
0.341648
0.802733
0.659608
0.955532
0.090930
0.245727
0.381654
0.604994
0.723856
0.692723
0.234562
0.868779
0.757597
0.004007
0.454283
0.760085
0.161665
0.903179
0.258974
0.308551
0.142500
0.602400
0.701074
0.173089
0.776102
0.201041
0.757824
0.159873
0.476300
0.132312
0.200981
0.292724
0.189014
0.353472
0.546315
0.747362
0.857033
0.671340
0.196240
0.409202
0.527117
0.598158
0.011844
0.057792
0.079406
