0.68635610831119809
0.22120101727852975
0.93146101040060714
0.62770156440958225
0.94459347193162635
0.78152531027446104
0.94050685153173597
0.31881163694355352
0.33183976416276206
0.96629669417442798
0.091386457933898463
0.46099335491486759
0.20906798678228383
0.90574358590628068
0.05996540616253003
0.30129731707636087
0.21690496609776891
0.94817240828752059
0.26538856320856763
0.62770156440958236
0.52382876312035587
0.62450270506084005
0.20146005639071929
0.27780526868428251
0.93461734851075773
0.84528564673502093
0.95178980186428763
0.74484668272483301
0.93321664700839591
0.84783983631981907
0.53714277135414101
0.85979399402647094
0.24840440528684773
0.18556768402558682
0.31013331553556911
0.13854851823705683
0.54804052069199893
0.62213413312478794
0.63351005903490054
0.22145961975697986
0.97641452969619513
0.37821018561985453
0.77008587649700644
0.36556566041830418
0.057953085418535506
0.67122200216225292
0.66565406265041926
0.13473406388405323
0.078550128764161925
0.3217990936547464
0.91589979202889116
0.81713034103650006
0.32687925036243315
0.94256970497568382
0.34621904556065702
0.88901725241786855
0.41271398934157832
0.70951520743340601
0.71780647505567918
0.43487854463765485
0.96147579705095254
0.20140010728407687
0.30515603472774916
0.65011804924604422
0.54723501388152984
0.78339847170173793
0.99865617244898286
0.34802297453148612
0.095999241377009034
0.5455102450281637
0.56399626176861406
0.5128880138165115
0.66245361310619433
0.8023048499109916
0.26316315157120296
0.43685033635272796
0.93281360150055903
0.87607740003170198
0.081281543115884342
0.10629965457551682
0.96236229663653605
0.22171846194148762
0.99677063999873949
0.89595869044577825
0.1718220041105494
0.32670613475855526
0.98018181385000247
0.90811863676544902
0.86384849079629511
0.046622986748247622
0.33977705541932979
0.080027136536919716
0.54493572461551643
0.42009635326450606
0.3688417167761644
0.2435591124182738
0.85779656978488195
0.73219604336381217
0.28511437504053161
0.89803425179313878
