0.28417347547188004
0.26073154518806962
0.78811662516208369
0.46045895189555108
0.40471169111853034
0.54781033622723663
0.46753832572025522
0.31247571622396064
0.63268006032750135
0.64620266274369575
0.32922253422339626
0.45174028606510286
0.47445454651509666
0.45662062296247863
0.87445063101295972
0.94693459040590766
0.41674971295318419
0.50204192494767219
0.10731458120277554
0.4939452419013044
0.035023792309353485
0.47706090777892196
0.65972645847162315
0.43726607584434307
0.42131713793648357
0.766614082780402
0.88337254240140273
0.073559116710499806
0.19741631443430352
0.42652806278654942
0.58090075455802115
0.14751639220726254
0.98552229091936183
0.17024963399890411
0.035741800189223294
0.20906798678228375
0.73392790383042561
0.17505641990346341
0.10320343206059204
0.70553310054994856
0.35265141334292671
0.75521751058177367
0.13362446760028762
0.1729298378001794
0.01810709547482154
0.25838994873089616
0.08152902302178322
0.47445454651509666
0.99799313595007488
0.28929743851616935
0.19205061305360141
0.082358841452884621
0.97570341453665277
0.61042457933510841
0.40312239484063128
0.28787175840146684
0.037855766460792639
0.39591894321251675
0.31898182284438015
0.87974889309650661
0.85979399402647083
0.66553554906963774
0.34451114083427009
0.62556883527967067
0.66944549906011352
0.68068687612775503
0.020731562079092658
0.6348144657164545
0.2995846101191465
0.17182200411054913
0.30441440071458981
0.37138185437149818
0.64821969211808939
0.3211145255730522
0.17124407064771921
0.77997944515175677
0.35246913804351571
0.33694021636247362
0.5295033565970676
0.69919470935628547
0.13248052010857464
0.23240416954705606
0.44562611253042794
0.093667639380797474
0.48953361206953361
0.076082418162639831
0.42040135872021844
0.48152927813643831
0.96693552322215437
0.38492450500486619
0.5105316645792366
0.52088723685761829
0.99422083542985851
0.95351673704380646
0.69684317810529106
0.1017188489656202
0.8545389517637092
0.63789813108035898
0.49482970779565971
0.67169564970795803
