0.990044
0.246008
0.737040
0.577977
0.861119
0.555423
0.822023
0.742097
0.326793
0.674655
0.748162
0.258682
0.423765
0.208205
0.973333
0.162718
0.097863
0.640033
0.212488
0.163271
0.638491
0.646796
0.892513
0.595451
0.500596
0.470774
0.315590
0.626398
0.310885
0.007403
0.378401
0.768632
0.300562
0.326793
0.056593
0.097539
0.294650
0.486786
0.654270
0.932342
0.308717
0.844101
0.374217
0.309383
0.055554
0.607472
0.707759
0.951169
0.348656
0.572141
0.809552
0.555770
0.691427
0.492841
0.252534
0.597805
0.002362
0.168897
0.586407
0.653559
0.480874
0.771203
0.677376
0.711036
0.198836
0.491737
0.717806
0.376496
0.133242
0.896459
0.780974
0.022889
0.908826
0.202000
0.447729
0.109764
0.978471
0.662572
0.685648
0.571208
0.531438
0.012195
0.242585
0.757484
0.508516
0.743358
0.565158
0.237965
0.547580
0.785816
0.363237
0.963574
0.662691
0.611606
0.632087
0.523489
0.851641
0.613142
0.051008
0.285979
