0.054512
0.571441
0.491296
0.802841
0.651423
0.260218
0.131261
0.231599
0.783288
0.126480
0.956175
0.128071
0.990923
0.074164
0.044962
0.924918
0.802519
0.582422
0.316944
0.382806
0.847350
0.433636
0.862628
0.221072
0.142186
0.093761
0.386663
0.601339
0.599571
0.901965
0.286924
0.789537
0.365379
0.803911
0.645135
0.738306
0.254403
0.724785
0.136327
0.452905
0.187369
0.722345
0.193845
0.315421
0.303263
0.901803
0.712205
0.722345
0.016066
0.345409
0.264645
0.561211
0.000019
0.480656
0.820050
0.058460
0.955370
0.422540
0.920216
0.986382
0.637661
0.466462
0.687772
0.001637
0.679032
0.521339
0.538172
0.129058
0.665061
0.914157
0.368185
0.702483
0.836423
0.000868
0.833598
0.539660
0.937825
0.885906
0.610188
0.039884
0.446887
0.652965
0.076005
0.286924
0.704712
0.114029
0.389183
0.667076
0.683641
0.223211
0.464099
0.979474
0.355027
0.830245
0.861025
0.846467
0.290569
0.486127
0.958487
0.165349
