0.046739
0.999986
0.670275
0.981552
0.316690
0.766390
0.636000
0.347391
0.769862
0.400054
0.299503
0.053489
0.354295
0.868317
0.783068
0.192628
0.227738
0.525415
0.221654
0.628531
0.070747
0.643118
0.622845
0.291446
0.650830
0.952574
0.809552
0.817235
0.456727
0.948989
0.227870
0.212300
0.172930
0.223994
0.213428
0.788335
0.236395
0.468077
0.690602
0.809869
0.166935
0.965511
0.105535
0.103373
0.260805
0.712088
0.310133
0.320175
0.870620
0.463348
0.266357
0.158639
0.933685
0.762904
0.203991
0.986618
0.067729
0.199133
0.427144
0.068667
0.375735
0.427759
0.739226
0.504382
0.014872
0.559589
0.316774
0.776990
0.998457
0.739226
0.543902
0.466677
0.673235
0.867020
0.371665
0.122008
0.891070
0.241614
0.458858
0.598158
0.966067
0.494719
0.725133
0.401735
0.948289
0.745533
0.227078
0.939493
0.044754
0.043063
0.421725
0.682459
0.701662
0.516375
0.285271
0.639203
0.599807
0.726525
0.048101
0.377067
