0.968853
0.518291
0.040316
0.237896
0.680569
0.648576
0.661742
0.950998
0.994473
0.430434
0.443423
0.491517
0.795734
0.676075
0.807535
0.618938
0.339599
0.949510
0.620713
0.948348
0.256137
0.800910
0.764817
0.629598
0.263755
0.422336
0.603814
0.823058
0.639915
0.084239
0.234156
0.794542
0.410504
0.336498
0.557852
0.065053
0.300073
0.286451
0.518516
0.129347
0.258755
0.639915
0.140091
0.757484
0.551266
0.269505
0.576692
0.861119
0.994099
0.907488
0.391615
0.665061
0.532577
0.149565
0.148073
0.897206
0.198066
0.885384
0.770980
0.366033
0.177475
0.288267
0.088560
0.155129
0.495162
0.145309
0.406404
0.475323
0.244886
0.565390
0.782958
0.798219
0.984968
0.495715
0.801339
0.149237
0.546890
0.300236
0.455239
0.939874
0.143808
0.878769
0.497598
0.971748
0.533717
0.160966
0.450683
0.986852
0.345949
0.316097
0.414527
0.647626
0.652491
0.366780
0.435916
0.665180
0.376781
0.207221
0.407402
0.411809
