0.365472
0.027577
0.313736
0.454495
0.484154
0.677731
0.387437
0.394742
0.809446
0.148073
0.123947
0.176773
0.380887
0.238513
0.352287
0.732081
0.324978
0.465280
0.058542
0.293605
0.611488
0.963237
0.549077
0.031793
0.958797
0.526890
0.858464
0.351377
0.184728
0.403420
0.048546
0.353929
0.050435
0.777988
0.180304
0.792914
0.074468
0.454602
0.756691
0.468616
0.219141
0.899517
0.879125
0.265165
0.513337
0.784388
0.967071
0.496158
0.695902
0.681278
0.236327
0.298690
0.392005
0.765379
0.050954
0.729305
0.564925
0.305982
0.193323
0.579731
0.360271
0.246218
0.382422
0.242933
0.467323
0.607472
0.786584
0.440809
0.157657
0.660675
0.533147
0.892598
0.603107
0.737155
0.575290
0.065639
0.050240
0.039301
0.518178
0.585000
0.496601
0.324978
0.503490
0.434050
0.076394
0.277497
0.158688
0.546660
0.197711
0.457792
0.074519
0.037045
0.351377
0.603225
0.547350
0.660438
0.741179
0.643355
0.191417
0.108764
