0.745304
0.271241
0.054742
0.801661
0.739226
0.955532
0.484154
0.297960
0.469802
0.674655
0.774658
0.936657
0.918146
0.855884
0.406704
0.599100
0.768855
0.663876
0.139164
0.112262
0.815665
0.058583
0.134648
0.493282
0.268603
0.364447
0.775102
0.765491
0.384250
0.155709
0.422132
0.602517
0.266283
0.720252
0.923054
0.865345
0.983494
0.769415
0.261025
0.446887
0.735081
0.072314
0.531894
0.589927
0.117103
0.690249
0.376115
0.977222
0.993434
0.579848
0.345409
0.540347
0.914765
0.388989
0.411709
0.679623
0.910309
0.795842
0.582540
0.231130
0.348746
0.247909
0.486566
0.154550
0.915900
0.118706
0.832178
0.715941
0.344242
0.046955
0.240853
0.914081
0.020716
0.846565
0.023943
0.674182
0.658422
0.093388
0.540118
0.444367
0.221201
0.135938
0.427246
0.613497
0.904705
0.289059
0.232942
0.084126
0.326274
0.105605
0.194369
0.535772
0.579497
0.247274
0.165757
0.307306
0.582188
0.728495
0.713140
0.661742
