0.857415
0.859224
0.892852
0.961624
0.767287
0.647033
0.166884
0.072810
0.908982
0.642169
0.683286
0.969115
0.833496
0.273441
0.476083
0.630902
0.827075
0.417762
0.507956
0.718273
0.671340
0.857987
0.420096
0.687654
0.900908
0.945921
0.666247
0.627820
0.123113
0.492951
0.692723
0.806471
0.181622
0.860647
0.931529
0.793457
0.048822
0.916126
0.559936
0.614561
0.155419
0.622489
0.158540
0.742555
0.126683
0.139649
0.764705
0.058910
0.262646
0.172033
0.295616
0.856746
0.376876
0.038392
0.042634
0.238993
0.812089
0.305074
0.100452
0.413419
0.712906
0.369875
0.950372
0.602400
0.178776
0.424378
0.486895
0.137064
0.137325
0.562255
0.385503
0.577860
0.098155
0.695078
0.469155
0.307140
0.064094
0.284565
0.731156
0.520096
0.157804
0.176128
0.489534
0.203265
0.238856
0.462063
0.653915
0.221072
0.508739
0.888759
0.328266
0.765716
0.916727
0.055846
0.256427
0.093450
0.276498
0.894116
0.930916
0.665180
