0.148957
0.588870
0.731503
0.103953
0.473479
0.927809
0.842021
0.175056
0.981005
0.752605
0.854346
0.624503
0.572607
0.556001
0.056911
0.806471
0.613970
0.613379
0.110591
0.589810
0.031206
0.408901
0.871079
0.851544
0.520774
0.353929
0.156291
0.205449
0.317029
0.085151
0.690484
0.520548
0.532577
0.807110
0.546545
0.339777
0.384925
0.450155
0.573074
0.588166
0.815874
0.258171
0.504159
0.193729
0.571441
0.202301
0.249823
0.428890
0.517276
0.846073
0.374217
0.581135
0.272529
0.220943
0.621187
0.876708
0.032603
0.261319
0.510756
0.869701
0.185792
0.715474
0.037774
0.935345
0.792805
0.959718
0.558199
0.309217
0.973213
0.385600
0.543902
0.963333
0.909530
0.310050
0.335969
0.266880
0.425196
0.479238
0.590632
0.139561
0.292644
0.461528
0.290728
0.166320
0.135895
0.938598
0.977222
0.103169
0.928575
0.409502
0.659608
0.766951
0.255702
0.800373
0.191130
0.351013
0.940507
0.750328
0.677021
0.112995
