0.341648
0.441749
0.616927
0.152064
0.322399
0.535315
0.331927
0.627109
0.103987
0.858939
0.586289
0.468831
0.657710
0.944411
0.541378
0.754537
0.698019
0.998953
0.743587
0.210058
0.124227
0.718738
0.322914
0.502153
0.453011
0.378401
0.693312
0.563068
0.726641
0.488543
0.264868
0.350377
0.653796
0.870436
0.072116
0.214435
0.740605
0.115033
0.864223
0.620358
0.685648
0.698019
0.903340
0.655101
0.934019
0.916276
0.257225
0.347662
0.803483
0.256862
0.724901
0.742097
0.125269
0.670038
0.596628
0.140446
0.571325
0.686946
0.057269
0.926547
0.042710
0.866834
0.054131
0.293766
0.726757
0.432705
0.852416
0.915220
0.149190
0.598629
0.354661
0.292884
0.073208
0.750898
0.294569
0.170459
0.187992
0.830958
0.494387
0.240094
0.313820
0.595098
0.387147
0.289853
0.800910
0.536114
0.066780
0.561675
0.128235
0.347842
0.629479
0.183114
0.200981
0.567832
0.646796
0.405309
0.433532
0.001107
0.713607
0.485908
