0.457259
0.286451
0.327139
0.814090
0.393275
0.618938
0.816398
0.467108
0.884511
0.105743
0.511765
0.476843
0.307637
0.706822
0.700722
0.934882
0.692488
0.580667
0.797895
0.081090
0.987108
0.965697
0.991615
0.900009
0.455876
0.396803
0.748618
0.276115
0.977076
0.170720
0.449205
0.547925
0.718738
0.611961
0.564461
0.593569
0.058277
0.136413
0.187087
0.860741
0.345050
0.315337
0.283626
0.210866
0.410705
0.248971
0.080570
0.595686
0.204415
0.652016
0.510644
0.674773
0.373082
0.339244
0.044027
0.147980
0.552535
0.450049
0.344601
0.929406
0.345140
0.316605
0.626043
0.799620
0.803911
0.108871
0.909998
0.439661
0.860741
0.891920
0.644304
0.899352
0.614561
0.328527
0.682459
0.885558
0.430125
0.246359
0.477278
0.314578
0.824091
0.811244
0.952015
0.045510
0.588988
0.065934
0.691192
0.150033
0.099035
0.534630
0.549653
0.494387
0.166320
0.664232
0.346940
0.134991
0.948231
0.487335
0.978012
0.759294
