0.034356642506671614
0.056041824888823998
0.097506704047136114
0.9020460969296108
0.16550232589654607
0.95691816458389434
0.59886463789566557
0.74289937875467982
0.89737216803927966
0.62758306382858375
0.94392323590710203
0.94312552465787625
0.95373701311073833
0.81387954675999508
0.94633954209195603
0.50282134045325177
0.26920430960491171
0.28229854865840759
0.58980963823721178
0.88686089993552963
0.55970465427234783
0.36931126655468682
0.21074126536827123
0.24425676466430485
0.71920431507180171
0.28582155367157847
0.46088644903039278
0.033142071115262232
0.91589979202889116
0.26154017973255717
0.25196164018848505
0.096222440226329642
0.98289166457378219
0.70353944825996506
0.4417489311145788
0.4515287191061168
0.51468630948816152
0.2449559621265881
0.22217201285612981
0.81187792591546915
0.90058107128264597
0.59886463789566569
0.15672914299517274
0.53417351346721242
0.44730836221353532
0.83792936034096366
0.94580090752585233
0.78240734286199809
0.8016614178360344
0.99609599731024856
0.83248276867392956
0.72048472704093558
0.64762644851538431
0.8884153390341637
0.53428760650144991
0.11055479935822599
0.712204847178322
0.06523280516421999
0.30318121841324391
0.11048267414633929
0.6631649238434193
0.70939818910521857
0.41776221315957468
0.21914081485653364
0.77298767770389354
0.46420638444159634
0.73046217111266598
0.17948373930956626
0.36398126091233723
0.011168981587818093
0.55947294950770377
0.23032864322963972
0.018809805338949836
0.94537994680358128
0.18714311167579606
0.84577808590174353
0.10038561136042219
0.08048868372383966
0.05563149778695161
0.64062647973389408
0.11649774622036141
0.6178730351539734
0.083786909605813947
0.57389003535625127
0.58312510049715005
0.6348144657164545
0.98812451905397114
0.67347148403288792
0.58335935710020648
0.080488683723839563
0.98405288915150269
0.14549208706457917
0.94410645968087914
0.81702577068334314
0.17850403723727326
0.16061748454259664
0.84022930366777526
0.60629196744136404
0.58617210225336303
0.85212522030643478
