0.72582902187248721
0.18511956813110156
0.51513628289751756
0.759294091121687
0.98933817629772025
0.90630034612007282
0.10158482559165197
0.94904677528043602
0.94056993488786889
0.16514569380780697
0.26650658380373915
0.11885960545423273
0.86074117583818355
0.86469099960943663
0.26897871791003403
0.90446511875476598
0.60452217160421673
0.77376733428931443
0.12518826060501134
0.88090307528177292
0.54688991596578485
0.23193422474990621
0.383575706052456
0.88884542565516034
0.25210473865329552
0.10333933654887192
0.40640441202658789
0.470558023820567
0.21652350853037641
0.74553324958493383
0.9666170022964472
0.24882922191514384
0.38792164286997838
0.15306366597065202
0.089363830315259879
0.84528564673502093
0.052835355616280118
0.94188642189462357
0.22523634259218675
0.47402082506328214
0.9666170022964472
0.93294809028802095
0.88660089755394722
0.32774578231789703
0.5369141585695294
0.45142295515618691
0.99677063999873949
0.11012266619064925
0.60959772475180851
0.72594501412448498
0.32257045123353595
0.21933330879234514
0.59157144699386799
0.2476270258583419
0.58546863084381573
0.69166293940100232
0.18964093586170977
0.9900866663933483
0.27857616085996295
0.94312552465787625
0.095585946397535343
0.14886364199261551
0.63078317116094196
0.27473756160223312
0.67276121686792467
0.59133647643418541
0.96022486319839695
0.43498220053422409
0.85289929753043126
0.55092047623182738
0.30896680861237213
0.45971131925806552
0.95423049791269365
0.64228738047504108
0.964004436706419
0.041311891878167147
0.65806613418159288
0.69413646085885627
0.81377437121156115
0.65723589442562202
0.16988447743138377
0.068290568782442843
0.24925459755172993
0.75646477121355271
0.14863061487347662
0.93652610115090495
0.61456117522654319
0.707525041361734
0.48777400674218807
0.69637262959389612
0.57739276171076059
0.47749597040185776
0.89386396244120259
0.22972880590828934
0.091295028598120956
0.49715478482499664
0.36734174585975277
0.87508433495462201
0.41948672429682399
0.94306391059168648
