0.1595760395029403
0.59945353118724221
0.54735006245560336
0.99596711323715892
0.74370157087831013
0.68364063045939427
0.84754594566225805
0.34693986257899512
0.26958061161339908
0.27580837358563881
0.51750124191846503
0.6341029531652469
0.85212522030643478
0.48535931794956921
0.48514007631621225
0.39601708916511036
0.66672060385033105
0.21361674604771469
0.16693530334917533
0.078337343660089973
0.63351005903490054
0.076445471825556652
0.20851260386119369
0.57727591801884581
0.048597630342638011
0.49471911085969777
0.64525347873248196
0.014685670850426309
0.61751809068754415
0.60593794253023869
0.053847186919999741
0.09026450332510598
0.95628146375808998
0.85808260474658382
0.4245824777967801
0.57015986029238186
0.83521417153629274
0.12579249414082438
0.34802297453148612
0.88996017120647652
0.85559606766256679
0.45152871910611692
0.5729568941537444
0.46786140362661766
0.15595136798335321
0.60192800201731766
0.90590282013446033
0.98507969000268614
0.25541321919266119
0.1816767631031713
0.26875326832290114
0.14385347251141467
0.47163881335377844
0.18200761513829253
0.24671072394570326
0.24002507678156057
0.51288801381651128
0.80668437424742279
0.83521417153629263
0.26650658380373915
0.99681121947703011
0.83167039090172845
0.60924340812671551
0.28012270777409404
0.65154177406273073
0.81177238622503678
0.13387982863119327
0.48524969137201046
0.073258446712581901
0.25196164018848521
0.031619510061973666
0.43487854463765485
0.70389139082966434
0.55230457569579139
0.80615191635074024
0.031967650120660891
0.5820712152199824
0.22873180716431749
0.46786140362661766
0.53714277135414079
0.25246275745913865
0.33491124570679603
0.32878771874393636
0.14004686786921602
0.6890695387078245
0.59121899833700786
0.93118881422810595
0.05300277412282714
0.15387722239366308
0.36175208113412749
0.51434893400670045
0.4234583948470298
0.23139805797843258
0.38088699961915362
0.73415866410872921
0.48109246782188686
0.33192725118681388
0.41271398934157838
0.15225375086570431
0.60239952999454327
