0.409001
0.209501
0.537600
0.235851
0.212425
0.802090
0.694372
0.474455
0.176182
0.653440
0.058726
0.420910
0.729189
0.161615
0.031286
0.562719
0.868502
0.497598
0.095554
0.757258
0.728726
0.473154
0.289694
0.696255
0.986277
0.780863
0.982647
0.460780
0.385503
0.144671
0.853672
0.832787
0.077781
0.277882
0.898034
0.154357
0.653440
0.769527
0.743358
0.423152
0.173512
0.204173
0.001588
0.226814
0.330617
0.536571
0.073409
0.077834
0.047948
0.797895
0.031550
0.200025
0.442063
0.201280
0.543443
0.272529
0.529049
0.592159
0.193787
0.277267
0.389474
0.137325
0.382614
0.897869
0.844497
0.189698
0.286688
0.494609
0.792153
0.254331
0.251890
0.452799
0.749645
0.727336
0.358241
0.819322
0.197181
0.301297
0.363330
0.291446
0.885035
0.905425
0.463348
0.625687
0.715708
0.898777
0.658659
0.169364
0.516149
0.372892
0.040709
0.014906
0.296342
0.568064
0.046014
0.544591
0.700605
0.175859
0.458751
0.356494
