0.40610539067136359
0.9974402370782709
0.3594395245039394
0.025396872119162105
0.57529047898341779
0.05570944274282822
0.63884707698830989
0.48349723673372835
0.85434642410638273
0.75430952168065757
0.89327402769190567
0.68635610831119798
0.9099198686834078
0.73104034925109862
0.98067803760734074
0.24918366278195594
0.54597000676903118
0.36846635416086893
0.10823174204634638
0.70963221940091059
0.52269664607809185
0.47239609006707872
0.15173162341937529
0.91124017970477877
0.86469099960943663
0.15220622196695099
0.80955168056804416
0.51693776217910514
0.2948908488573817
0.65806613418159277
0.26058472481960093
0.63505164579598516
0.81282692476114704
0.53029963233352606
0.19084266521673815
0.020895251720087115
0.8435079834555741
0.63434011931573475
0.81880077089114245
0.23510389596841938
0.75533095669067607
0.8884153390341637
0.78844471659512094
0.65747311070164027
0.96052717504290686
0.79475919924857186
0.77732265587732496
0.41624399690510872
0.94968278613697332
0.37811480561483868
0.71150353524681731
0.098414695116053705
0.58535140391170626
0.37640057101012625
0.41261338999193969
0.13589470554729846
0.69931223181782654
0.12498740860408875
0.41362002968113326
0.90285559840056251
0.95406633170257571
0.62864963200027202
0.017376648209598739
0.90566392086844139
0.90709299556579137
0.09514262443782355
0.6922520545267471
0.47272081927008514
0.39985631816603506
0.76492963165722849
0.785706281246358
0.24383798796798603
0.77131469418749155
0.73242707532338458
0.40471169111853034
0.4218263979676844
0.25563013712721705
0.89529045449774447
0.37868731396682731
0.5040471867115216
0.069449462044177554
0.16489135059106663
0.048942784212841699
0.027648020676495629
0.80774791308333904
0.53531483861611373
0.027801153466095855
0.51300033208817553
0.66541703373112471
0.46560219644525813
0.78328840711899139
0.8560755723740221
0.24918366278195589
0.52145241443283474
0.99610757403253403
0.66826089303233749
0.4054081837864027
0.28953555379136875
0.57365671322537881
0.82398763303805433
