0.82993947523478451
0.47989220762382223
0.53360318043164834
0.25110435751855348
0.97268971608496657
0.59451016614012608
0.14371763411417679
0.22740777665848261
0.026451131841843264
0.28605756641098851
0.51772670246132679
0.77986891462643071
0.74140827007534549
0.47423766169894777
0.12354949653884931
0.77798764253746411
0.03054029509865782
0.96894054183646439
0.15045646382705308
0.74975859443900039
0.10333933654887192
0.80273344985293404
0.2282677078225
0.69013072589388902
0.8628158716311809
0.0033678710692825226
0.0064568727446625267
0.85251245617844895
0.86627657084659049
0.80827899044320006
0.54080522218761551
0.6185829946839938
0.14062341826229033
0.13324221138393494
0.51524880110602789
0.24989370967780014
0.927389691166559
0.14696194794087822
0.44636168030321477
0.21236270288701595
0.52247033641326301
0.83106019367735395
0.52337580277452667
0.3269658320151938
0.70705650672349751
0.11015862066528219
0.34316681067713228
0.26301529429198772
0.37006334653198719
0.058848825332415346
0.73968565596522695
0.36893559593655034
0.13942822961681919
0.54758018346152371
0.46302696145865241
0.15435749031229537
0.98554967418261807
0.89720633833333818
0.81208894817185673
0.67430001290815611
0.47836666621684554
0.83034731134757067
0.46045895189555086
0.9140049388101571
0.50941117033875916
0.27290910735305191
0.96480964874596609
0.050720515061892256
0.93801877851032089
0.29160522863279709
0.98164723935095066
0.65854053450887451
0.58347649351329944
0.85922445152298277
0.99829897194538053
0.58394509303556519
0.32515095707938652
0.25353915199333282
0.72292658432669454
0.57050929091389646
0.48931350261070183
0.42233601019993883
0.78361855507740819
0.51154098134096893
0.79400004021275916
0.55057462450245864
0.015817415866217849
0.50193062247004527
0.48393507267201663
0.076263750518483511
0.66589108449204404
0.8509611542580966
0.41351930112866248
0.073033672429120317
0.87181086075667802
0.67276121686792467
0.25591957985775377
0.76312968461963271
0.79811125870008603
0.38889154285049132
