0.415941
0.060995
0.340578
0.881080
0.450260
0.357413
0.021554
0.519983
0.351832
0.857987
0.523942
0.914917
0.900009
0.611252
0.994546
0.861591
0.600396
0.570742
0.779869
0.264794
0.884686
0.863755
0.323945
0.086593
0.958797
0.586641
0.647864
0.111206
0.171297
0.096510
0.577276
0.564345
0.779205
0.358978
0.377638
0.163120
0.755104
0.543213
0.124627
0.243978
0.189755
0.656050
0.383479
0.190957
0.470450
0.822644
0.982245
0.580082
0.914841
0.570742
0.954340
0.891580
0.742211
0.076290
0.696255
0.709632
0.998338
0.641101
0.769527
0.925415
0.422540
0.327919
0.344691
0.769862
0.487664
0.221395
0.304250
0.143130
0.694961
0.166371
0.779979
0.920509
0.506168
0.488104
0.299666
0.422744
0.337117
0.042254
0.097120
0.564925
0.716291
0.735081
0.312895
0.641220
0.068220
0.667905
0.830857
0.255413
0.556926
0.410604
0.744503
0.214561
0.761326
0.702131
0.175270
0.732889
0.758050
0.919922
0.250249
0.991164
