0.285822
0.129678
0.160270
0.308967
0.441122
0.937112
0.999538
0.788117
0.775658
0.900744
0.854154
0.595922
0.249184
0.956759
0.707876
0.977977
0.818905
0.885732
0.311973
0.342809
0.793783
0.544017
0.590749
0.372137
0.976563
0.236327
0.079111
0.603343
0.086826
0.772319
0.677495
0.774769
0.588401
0.552189
0.257225
0.555076
0.516938
0.590867
0.623081
0.113179
0.560864
0.263681
0.821193
0.531666
0.693665
0.190556
0.888157
0.415032
0.524735
0.458218
0.588636
0.698489
0.240991
0.698607
0.307886
0.340222
0.877067
0.269505
0.681278
0.037475
0.673827
0.445941
0.509971
0.200981
0.999017
0.439035
0.808491
0.857987
0.906697
0.766726
0.961178
0.588636
0.649406
0.990065
0.422336
0.495272
0.023686
0.404513
0.344242
0.744503
0.930232
0.216143
0.018046
0.644660
0.042894
0.003153
0.931733
0.105882
0.696726
0.936134
0.420300
0.677613
0.864130
0.457792
0.471855
0.800480
0.205144
0.078231
0.828714
0.509187
