0.479674
0.493945
0.204780
0.274203
0.262203
0.461742
0.000363
0.045074
0.433532
0.123629
0.049186
0.707759
0.758955
0.376210
0.689777
0.679505
0.804552
0.868132
0.581252
0.461635
0.199668
0.820258
0.885819
0.921095
0.213931
0.581954
0.521905
0.076836
0.753173
0.253899
0.443319
0.608653
0.672169
0.808173
0.788335
0.737731
0.233549
0.952351
0.899681
0.121302
0.125430
0.870804
0.884773
0.000359
0.346039
0.118514
0.399758
0.605584
0.777323
0.426426
0.537028
0.512439
0.511878
0.692134
0.519080
0.297474
0.157217
0.758729
0.531096
0.430950
0.114697
0.636000
0.284173
0.560516
0.337205
0.884773
0.626280
0.759294
0.995436
0.929819
0.471423
0.490194
0.917102
0.472937
0.939046
0.416750
0.091447
0.419081
0.178613
0.509971
0.682814
0.807004
0.266134
0.095618
0.356402
0.012163
0.240715
0.650237
0.460993
0.692841
0.111170
0.506391
0.319834
0.700722
0.957915
0.656524
0.212989
0.619056
0.295132
0.287398
