0.066482
0.944472
0.624266
0.757144
0.091906
0.502153
0.533603
0.628531
0.825842
0.988601
0.804552
0.971416
0.073710
0.737616
0.179320
0.938662
0.145858
0.949336
0.043995
0.706822
0.406404
0.305486
0.837528
0.317029
0.916351
0.264571
0.241822
0.352105
0.955908
0.474129
0.426426
0.416244
0.372042
0.284957
0.560864
0.943126
0.393177
0.507509
0.720136
0.820362
0.566785
0.572607
0.848329
0.616453
0.961178
0.969289
0.518967
0.871445
0.667313
0.508516
0.907093
0.493945
0.832483
0.087616
0.481420
0.497487
0.440287
0.435293
0.796708
0.738536
0.667195
0.411608
0.778984
0.647626
0.171402
0.205692
0.495826
0.039414
0.157217
0.537829
0.069330
0.551151
0.256499
0.801447
0.193381
0.425094
0.036447
0.795409
0.073484
0.813248
0.314831
0.994429
0.475323
0.696961
0.717806
0.590044
0.209439
0.045769
0.654152
0.439974
0.592276
0.227012
0.752946
0.870436
0.764930
0.132481
0.241475
0.088619
0.170772
0.956335
