0.930711
0.108090
0.388989
0.389571
0.726293
0.837227
0.994503
0.596157
0.412513
0.914689
0.150409
0.327399
0.630190
0.317707
0.992454
0.588049
0.138768
0.199311
0.535429
0.939493
0.140535
0.029066
0.119399
0.874541
0.659964
0.030207
0.622845
0.016442
0.240370
0.401636
0.975476
0.068526
0.566785
0.738881
0.769415
0.125510
0.281365
0.031036
0.410003
0.375450
0.969679
0.590162
0.884074
0.882581
0.645728
0.332277
0.725713
0.653559
0.656050
0.842219
0.686946
0.684703
0.671577
0.743472
0.776879
0.548501
0.708579
0.409502
0.295858
0.559357
0.707408
0.104879
0.742555
0.842616
0.609834
0.438723
0.524169
0.551958
0.901233
0.272453
0.770645
0.592276
0.043745
0.436020
0.090597
0.359070
0.659608
0.187143
0.397196
0.097765
0.013926
0.853382
0.747134
0.988812
0.134991
0.635526
0.944045
0.467215
0.645965
0.474671
0.986461
0.068173
0.060742
0.326014
0.321970
0.695902
0.321286
0.888587
0.272605
0.927879
