0.199014
0.349471
0.393666
0.401834
0.970108
0.599218
0.996211
0.691192
0.176558
0.315928
0.047390
0.446677
0.145492
0.383095
0.420605
0.497266
0.453435
0.717457
0.811244
0.355668
0.858368
0.948348
0.602517
0.430022
0.480110
0.235443
0.389183
0.345230
0.616927
0.700722
0.292884
0.134477
0.854154
0.537371
0.204355
0.959310
0.342005
0.084894
0.076394
0.251676
0.834911
0.156437
0.664587
0.869425
0.315337
0.493724
0.666365
0.160518
0.579146
0.951902
0.647982
0.606056
0.746105
0.511204
0.291206
0.981199
0.796383
0.692252
0.550690
0.740834
0.940507
0.255196
0.094796
0.364167
0.832584
0.647626
0.906459
0.411709
0.264497
0.974748
0.544476
0.289297
0.522357
0.161115
0.376781
0.503378
0.702835
0.400350
0.708228
0.481420
0.419081
0.667195
0.159033
0.957024
0.348565
0.355943
0.392396
0.755444
0.353655
0.943556
0.518403
0.511765
0.923342
0.130010
0.014753
0.040767
0.561095
0.990087
0.443528
0.806684
