0.188957
0.814825
0.438827
0.526663
0.062864
0.528253
0.683641
0.001687
0.520322
0.857606
0.640864
0.312644
0.908669
0.387728
0.365472
0.165911
0.727800
0.359717
0.147563
0.933618
0.967252
0.950143
0.010543
0.786584
0.689541
0.988149
0.454708
0.294569
0.750898
0.359440
0.375166
0.433325
0.821608
0.290489
0.446677
0.127784
0.474455
0.634577
0.625213
0.115670
0.379834
0.368560
0.350015
0.365472
0.519758
0.585938
0.026914
0.857701
0.883548
0.770421
0.721880
0.710568
0.130135
0.517501
0.496158
0.711036
0.372420
0.155080
0.843706
0.937437
0.874541
0.029420
0.013689
0.608181
0.565739
0.741982
0.604994
0.612315
0.618583
0.368654
0.876348
0.956015
0.302607
0.324461
0.187426
0.719903
0.579146
0.851835
0.754082
0.342988
0.444996
0.516375
0.807535
0.014991
0.742211
0.283313
0.673235
0.226090
0.404215
0.930026
0.537943
0.457153
0.817653
0.537028
0.833699
0.967522
0.528594
0.830347
0.602282
0.977691
