0.20758960106753688
0.22347192406125169
0.13824174411312531
0.84832917384017903
0.53291907242337777
0.23837585020754368
0.15220622196695094
0.6360004099807326
0.88807073594609454
0.081777178204722217
0.96347778506859882
0.14770160160960619
0.95976892301687367
0.60546596008857467
0.15643709485568316
0.88019338003989045
0.86970087359078529
0.84122550394199325
0.061122492958664038
0.27557865237659435
0.80806661505001043
0.061697930088418375
0.95122525233225486
0.43560442232517071
0.48986386106379454
0.21798867056793689
0.70541587364562086
0.32774578231789703
0.26109887081954253
0.47630000707576814
0.16509479890988393
0.066253193339563504
0.11862923047892469
0.7095152074334059
0.30137905018423461
0.71138662681430187
0.86196865143417922
0.78789781815324622
0.068314043519473386
0.91339422596344733
0.50259859712527399
0.5814859155612242
0.32939657161563807
0.65320271117491924
0.91695185392020562
0.94219754311895199
0.54057606510983269
0.41543559301461092
0.098252007248275278
0.23707648204362899
0.42888997296097331
0.95981972955080919
0.77588006785343389
0.21092784638073855
0.013636407752205332
0.98119879179575498
0.90661779066625636
0.066298878310025608
0.18861581797865079
0.83156874565728123
0.26605895009251374
0.954503377601156
0.30268895151655367
0.18844540710361696
0.88901725241786855
0.18952680911630912
0.72594501412448498
0.31652036924822591
0.66600959272950699
0.73853601576515049
0.77798764253746411
0.87535550537541318
0.74301400835929887
0.10692861113703968
0.91331773869847743
0.44709789604079264
0.74312862774351285
0.9569709851139836
0.27611489046112925
0.34370411730253109
0.55357429846204576
0.23059563229409408
0.12522846452422709
0.93308243880784458
0.13947234039036382
0.66494295503331113
0.38367195067477844
0.51592411865386179
0.41211060886382489
0.46840011340413534
0.38976573482216448
0.96092820635894494
0.75021449620518044
0.93220666753892689
0.86083575227637088
0.85530806365025924
0.85425012289906643
0.17061544429372391
0.89927031687900538
0.64299922435454948
