0.17736664539906741
0.9110078676889426
0.85645872339686813
0.078417077294844498
0.33747089017050891
0.26494234748268608
0.28921809862983261
0.71454080634235617
0.59851135220485085
0.34712022407081672
0.28035523771604559
0.64110101188032387
0.59086659288602039
0.09242836271172282
0.75328714799335372
0.20278259308757154
0.66849783083411141
0.42806760549267825
0.82056999723231372
0.44815075406501848
0.29336491066945047
0.2094389016914153
0.66138654955189446
0.32861390376491989
0.51874175861669691
0.73046217111266598
0.39317688423322023
0.18584820877684866
0.93455100023070103
0.59321677139178575
0.91552247710897683
0.65213497661514297
0.29763585187374081
0.23287486046095035
0.82963337224089739
0.18024879778174635
0.1349912458809836
0.8101870161850504
0.11529480829170792
0.24202971065273862
0.29739290359437154
0.60617395553035913
0.32034560523236993
0.67607499231823154
0.10426082313624678
0.35192268785565478
0.15440558669281698
0.33403169795286369
0.96466832026644955
0.041164078597229425
0.34173676796633923
0.86794703484858837
0.80101734991751417
0.0033353536517184371
0.15512855298118752
0.10819633978946384
0.26014464036445289
0.0076246181942652711
0.88019338003989034
0.85817789887463758
0.065458317076642403
0.22477784702480516
0.20508349156538808
0.16504391714138494
0.37232548859912173
0.9910840533387888
0.12087254620374209
0.037597176538325922
0.1740967867364645
0.99501109188740433
0.56631996345102253
0.28128678736338014
0.057089752429409391
0.83682514722578483
0.98061232338017645
0.27588497902504244
0.015811406214185891
0.29120637729246623
0.71780647505567918
0.52564210887965268
0.60346069585726636
0.15785292256722588
0.7741012627967031
0.48011033092920341
0.53508650353152565
0.14723894821861741
0.47619135473315133
0.15751018619305629
0.07365958715855847
0.66826089303233771
0.56899550758928241
0.36286555492374895
0.50471636882127258
0.75906802329678047
0.38772784298928981
0.71267225545086843
0.20962455717373554
0.29112665485614625
0.33977705541932984
0.72501684717666393
