0.889103
0.302935
0.176558
0.001954
0.074316
0.982152
0.115482
0.240508
0.655101
0.020202
0.980776
0.962801
0.307720
0.277113
0.995835
0.635289
0.814090
0.892174
0.571674
0.890473
0.196768
0.532805
0.744847
0.923989
0.874632
0.386373
0.219719
0.728263
0.424071
0.380217
0.598276
0.261099
0.563532
0.697666
0.655219
0.474780
0.795193
0.103782
0.012004
0.248900
0.391908
0.813248
0.536229
0.983404
0.292884
0.862722
0.006199
0.266432
0.500040
0.605702
0.888243
0.546430
0.510980
0.106126
0.887034
0.703422
0.097023
0.780311
0.260291
0.175967
0.856746
0.523716
0.018796
0.318727
0.853672
0.886514
0.752946
0.109549
0.137064
0.262646
0.749645
0.590749
0.928575
0.582774
0.260658
0.988788
0.003124
0.985302
0.217733
0.637780
0.284644
0.398377
0.745991
0.335616
0.992632
0.958280
0.278422
0.672406
0.993318
0.592747
0.512776
0.815560
0.459711
0.591219
0.345589
0.495715
0.609834
0.975095
0.525415
0.781966
