0.662216
0.104810
0.364167
0.844595
0.662572
0.210431
0.635407
0.094575
0.833800
0.463670
0.417762
0.570859
0.571558
0.686828
0.739111
0.811456
0.708228
0.956494
0.393568
0.801447
0.406006
0.956068
0.514461
0.714424
0.178341
0.162266
0.220233
0.220878
0.295132
0.192917
0.572957
0.563416
0.087704
0.941073
0.363144
0.441226
0.267478
0.622253
0.587110
0.040680
0.084894
0.463348
0.053320
0.598394
0.763805
0.950657
0.880016
0.974477
0.960978
0.856076
0.809128
0.217542
0.849013
0.068738
0.391031
0.944289
0.260952
0.194485
0.852028
0.667076
0.507732
0.864036
0.750328
0.947938
0.736925
0.923270
0.956918
0.192339
0.806578
0.578795
0.817862
0.961078
0.405408
0.443738
0.398180
0.485688
0.068009
0.211551
0.760424
0.101050
0.213491
0.491406
0.008792
0.317962
0.747248
0.717340
0.508851
0.096638
0.363144
0.449205
0.736349
0.944715
0.667195
0.743816
0.985024
0.264274
0.617400
0.031172
0.257880
0.976820
