0.79160882482357553
0.44751888113503913
0.24904183984218956
0.25260607406141899
0.57996478810056962
0.98687729085062514
0.50204192494767264
0.31222414614223781
0.97501788916433085
0.90422449911306646
0.48284083114946763
0.7208337716253399
0.74873217135972103
0.2824544426959445
0.00035551547132653839
0.52462180649622625
0.8147202548501562
0.82902058699429215
0.53257713817000307
0.4400779814522765
0.17473605565902295
0.33350473002092806
0.85086398956916309
0.31063420497528854
0.18090670344865661
0.36342312905404556
0.70224855558931609
0.32887465006591771
0.39768783615230924
0.71838903724090997
0.94537994680358128
0.78295812196228609
0.0215059452743563
0.87463182810850304
0.97957606217271154
0.15440558669281707
0.3879216428699786
0.20746678267295629
0.9275296771592082
0.46937056608496042
0.38492450500486619
0.7235074719795298
0.05209712656328741
0.21036850036731947
0.25744325947515501
0.81817495592458855
0.43581193860947709
0.18361374050245879
0.023615595565586563
0.38782473542076834
0.061697930088418375
0.1725071076662828
0.51198983047079638
0.044802283136864678
0.88152255619785846
0.33105309501494934
0.19895460373433849
0.44699268274540371
0.11847586317520803
0.39415485344714407
0.61799135523920179
0.70494690706528362
0.79692368703410765
0.94811382694318247
0.60959772475180873
0.37421735666673223
0.16993660265852598
0.56957760365439236
0.39190775096798158
0.48437309398560757
0.15092768217968719
0.94416746227010651
0.94604066200862957
0.243071674601641
0.82077775866394032
0.12753863533520202
0.53485820341729218
0.17839545491669917
0.34200459340621647
0.057892468029485313
0.59204144531783021
0.59086659288602061
0.51581154096418613
0.58746228374948362
0.97091408499159904
0.54470597319173653
0.53405942923254779
0.076888418522321533
0.13138691732083529
0.064828660918298683
0.0012800022713677795
0.13319979658344133
0.25963192235621874
0.66648360751742097
0.63327291010460895
0.29088758320526742
0.10770177450403413
0.91559800644930378
0.90906054587673379
0.5709752873502747
