0.195595
0.823368
0.715824
0.345859
0.012514
0.228931
0.681987
0.934219
0.258390
0.211301
0.737731
0.667313
0.358333
0.385986
0.821712
0.480329
0.122638
0.951452
0.174683
0.319748
0.660912
0.316690
0.156729
0.065617
0.222237
0.343256
0.123073
0.113732
0.264571
0.540232
0.668735
0.096670
0.656406
0.613261
0.357045
0.950314
0.697549
0.199846
0.620713
0.867298
0.339688
0.414426
0.471314
0.120134
0.148631
0.014580
0.997142
0.452058
0.718506
0.613142
0.785157
0.736810
0.582891
0.795518
0.079460
0.581135
0.402627
0.797140
0.532805
0.268003
0.853865
0.114029
0.366313
0.382806
0.657592
0.232337
0.935477
0.759294
0.731040
0.248758
0.660319
0.066642
0.124267
0.496268
0.208574
0.863848
0.144443
0.669801
0.493835
0.385890
0.016330
0.890899
0.273061
0.585469
0.839930
0.899763
0.901478
0.831467
0.350831
0.164232
0.531096
0.167192
0.654033
0.395134
0.231197
0.886688
0.102695
0.309716
0.684349
0.372420
