0.873906
0.531210
0.991957
0.664232
0.002351
0.413318
0.084552
0.467000
0.760198
0.765042
0.834204
0.314157
0.902370
0.366126
0.394449
0.197534
0.041371
0.276422
0.710217
0.884424
0.939747
0.388309
0.345499
0.014725
0.777988
0.622134
0.343435
0.340489
0.439244
0.534744
0.638847
0.795626
0.783619
0.474563
0.862816
0.774880
0.330355
0.613852
0.543672
0.751923
0.715708
0.030096
0.346489
0.834002
0.306726
0.324289
0.081144
0.376876
0.137281
0.098090
0.863473
0.174896
0.143989
0.846368
0.870528
0.774435
0.568414
0.197239
0.710334
0.598982
0.692841
0.801339
0.277267
0.677849
0.585586
0.561327
0.634814
0.951790
0.309466
0.040929
0.698489
0.329745
0.986382
0.558315
0.415638
0.630783
0.746105
0.942198
0.970492
0.372420
0.853672
0.634103
0.086043
0.940317
0.368466
0.575641
0.000207
0.012209
0.485688
0.347571
0.615389
0.832888
0.957811
0.722462
0.282766
0.591219
0.738651
0.832888
0.203446
0.883548
