0.296665
0.325410
0.178830
0.018952
0.956068
0.541034
0.277190
0.973731
0.065753
0.907882
0.366874
0.297798
0.617400
0.811667
0.755898
0.635526
0.288822
0.397491
0.060657
0.303921
0.429301
0.804445
0.731965
0.022458
0.634459
0.174523
0.959259
0.610188
0.039727
0.189299
0.330878
0.773990
0.547005
0.041105
0.945921
0.714074
0.505386
0.204355
0.467323
0.692959
0.252606
0.422132
0.745076
0.572141
0.801125
0.345319
0.040071
0.603225
0.413721
0.609716
0.504940
0.795951
0.249184
0.778984
0.630190
0.700135
0.126440
0.436227
0.393177
0.713373
0.903179
0.537143
0.832381
0.056003
0.317877
0.600867
0.218884
0.737731
0.804231
0.179266
0.904064
0.609125
0.883811
0.838030
0.169989
0.099857
0.894620
0.837528
0.256644
0.677021
0.663046
0.976079
0.824504
0.667905
0.091112
0.626398
0.057691
0.969937
0.213052
0.933952
0.202301
0.896459
0.650237
0.342719
0.917401
0.343973
0.248546
0.005220
0.357413
0.228732
