0.28850475670689169
0.38299855574282343
0.30039930671214654
0.26360710086669847
0.959565330599354
0.63279862766346717
0.62201572756192647
0.050080170305022154
0.90788243325046813
0.2710897695121266
0.2966649206574547
0.34883679308164073
0.72872633256012831
0.3500145535123303
0.62497652063121079
0.25591957985775371
0.23173304812110512
0.5455102450281637
0.72953663235880817
0.59180643664621191
0.94477550702255586
0.36184478529665137
0.62722757282654196
0.59509825528968174
0.058951409665484712
0.62627967742157575
0.45907098595701412
0.21211260269306073
0.78636440096492977
0.11244458543122535
0.89242868855387558
0.26449669863831421
0.4578982308738464
0.23274030118045239
0.99023641213608138
0.0038690711660750569
0.07472202345667131
0.46024527923336533
0.054992250264247713
0.43487854463765485
0.67725796290907625
0.85817789887463758
0.20122034658200075
0.85931943934776722
0.64881293340854529
0.22760599540361734
0.30532101794355798
0.25897384261524742
0.45768516840156437
0.044484148185584826
0.25483545885781106
0.51874175861669736
0.32377290449948515
0.49726562331181567
0.69672554841552836
0.68694616382768148
0.64821969211808939
0.33951041411164579
0.63090171593171451
0.363144272252657
0.031138061208309392
0.7894281299139293
0.73392790383042561
0.087939402474053852
0.50115180412314819
0.67039302998679817
0.51885459136311063
0.18697379257169308
0.76087519291800276
0.95681241372649495
0.50918719439385751
0.35319861481688997
0.15387722239366308
0.60381448702005358
0.75237759155460004
0.80476539340325703
0.057831908562716354
0.32713904301968905
0.41040384530860252
0.87299706997225535
0.58640663434305718
0.86102482766593469
0.14975197529845347
0.21123910898517601
0.040215172228717712
0.033493642598620983
0.92362995794400238
0.33359251837981407
0.20508349156538808
0.69625498011125786
0.64620266274369575
0.36379515500984727
0.80965761672614667
0.62959780769631668
0.31508368388187047
0.78471805244959425
0.44237642240199848
0.48043760414995229
0.36407433708943648
0.47553969190217116
