0.900254
0.353929
0.915975
0.473696
0.915447
0.829735
0.335616
0.146547
0.938469
0.004498
0.868317
0.421826
0.049992
0.922838
0.289059
0.187256
0.435397
0.340222
0.768072
0.629124
0.275579
0.262056
0.216905
0.615034
0.969937
0.735888
0.788445
0.682814
0.153638
0.350015
0.217733
0.562139
0.679623
0.759068
0.785706
0.333680
0.612197
0.038157
0.405209
0.158049
0.894788
0.369593
0.748276
0.760311
0.319322
0.769303
0.972160
0.444891
0.115145
0.425401
0.764143
0.604876
0.751581
0.180030
0.314493
0.741867
0.896874
0.440704
0.247980
0.861403
0.633984
0.800158
0.693077
0.812616
0.550459
0.472180
0.619293
0.198480
0.536571
0.579614
0.672761
0.738306
0.213240
0.729652
0.231666
0.788335
0.875084
0.848036
0.464958
0.068385
0.261687
0.435293
0.667550
0.154743
0.544247
0.899599
0.114958
0.993032
0.776102
0.351741
0.343973
0.234901
0.656406
0.511990
0.380695
0.808385
0.649406
0.282844
0.510420
0.182726
