0.395625
0.039856
0.283704
0.508292
0.065053
0.095364
0.722810
0.999685
0.580550
0.138329
0.155467
0.040797
0.122796
0.967970
0.295293
0.724436
0.346850
0.565274
0.646440
0.377162
0.942693
0.496047
0.403321
0.262794
0.075105
0.716874
0.476735
0.016139
0.234833
0.125269
0.141827
0.069760
0.334999
0.661268
0.318301
0.309550
0.148398
0.902532
0.584648
0.785926
0.117445
0.927879
0.265165
0.656880
0.945621
0.115933
0.614916
0.759181
0.413721
0.711971
0.870528
0.141693
0.008927
0.039301
0.742441
0.002591
0.791064
0.040958
0.384346
0.365099
0.503936
0.925486
0.766165
0.730809
0.770756
0.015926
0.043356
0.890814
0.473046
0.052134
0.993218
0.500040
0.911627
0.102966
0.426631
0.216524
0.732081
0.278268
0.783398
0.200204
0.608653
0.299015
0.497376
0.429199
0.900172
0.710217
0.770533
0.681750
0.204233
0.344870
0.139826
0.572024
0.188275
0.511765
0.270561
0.250178
0.305651
0.514236
0.318047
0.260145
