0.84261630402120047
0.4714225579796536
0.22386306916016296
0.42622053012091876
0.37062805249021996
0.38782473542076834
0.10075070478086838
0.30747161231453951
0.43986935471070476
0.041326700211786666
0.063960807678147449
0.087527776063749854
0.81377437121156126
0.78394856545235492
0.75351442274686986
0.91208947535796969
0.036132059806669288
0.47521402221536846
0.9493364160073452
0.33122779929165941
0.036884496314113391
0.31163770792498569
0.14979885400160195
0.50583251300016496
0.28668763424188881
0.037367198759364444
0.30186978414847154
0.74381612865194435
0.75283246103657464
0.7464480822795666
0.88970336921736015
0.95482962737616195
0.85884424437095563
0.24140619715499523
0.62497652063121079
0.22023339116178547
0.12430659791508268
0.91224346746595009
0.92696890530268961
0.74140827007534549
0.97577887236440009
0.049692515724423875
0.3463090926439622
0.6113697509637761
0.49970682078919881
0.78306823223500133
0.11951445004410094
0.56399626176861384
0.51953179177008524
0.29844671702228054
0.58546863084381562
0.25534094446878042
0.004295015479723184
0.082748673390585059
0.031355004709248367
0.66837936295281808
0.48011033092920319
0.40780157505722731
0.46980219751235275
0.039328994422077615
0.91316466549828568
0.82191899566222526
0.6324429296590135
0.41180911278929866
0.36715452704664503
0.055417663485724362
0.16196487197332271
0.78328840711899139
0.94119880194670891
0.70822765883395977
0.2830786548729729
0.12955392046304684
0.24918366278195594
0.76346742367626175
0.97988034303611249
0.51738852634411914
0.40940181456964952
0.76661408278040222
0.19606358736903531
0.96725225775884927
0.091691810888192796
0.044547607777939403
0.54769525587820123
0.53622852751408723
0.59957132233166011
0.53817195441480603
0.72513289656820357
0.62379204350241657
0.24776822794997277
0.99761835622593087
0.35456908174424812
0.70083954187027442
0.12688647565019903
0.78702195750091841
0.84012955724300953
0.6198848253252891
0.24133699490304958
0.71489096401464902
0.76098803622479783
0.2142459843347484
