0.798650
0.729652
0.732658
0.890131
0.497820
0.742670
0.823368
0.786255
0.467969
0.826767
0.983134
0.508292
0.683759
0.841226
0.840628
0.844497
0.680687
0.696373
0.297474
0.304661
0.380312
0.031851
0.757824
0.925131
0.038281
0.369781
0.361474
0.101853
0.307803
0.080570
0.753401
0.335264
0.905664
0.302443
0.065008
0.953737
0.455239
0.382999
0.122087
0.921168
0.548731
0.679741
0.650830
0.282143
0.152634
0.454814
0.536457
0.156437
0.010837
0.232606
0.346669
0.955317
0.202060
0.821608
0.587345
0.852996
0.872633
0.534174
0.990923
0.580433
0.350559
0.750898
0.537143
0.594981
0.517839
0.984342
0.954176
0.514012
0.518629
0.767735
0.234562
0.872724
0.303345
0.790301
0.759181
0.500485
0.711153
0.687654
0.129140
0.275043
0.777323
0.555654
0.611961
0.338800
0.394938
0.099133
0.035177
0.643830
0.400054
0.128522
0.039884
0.398574
0.801983
0.473696
0.479783
0.782077
0.060216
0.393666
0.558894
0.515924
