0.480001
0.742441
0.697431
0.093855
0.162718
0.924490
0.465710
0.178287
0.711971
0.723391
0.867298
0.250605
0.565971
0.654033
0.140357
0.393079
0.258974
0.883986
0.095904
0.011295
0.281909
0.715941
0.503824
0.230062
0.924204
0.080407
0.093263
0.793566
0.693430
0.947997
0.290888
0.586524
0.271468
0.584531
0.098090
0.550920
0.331927
0.079218
0.090144
0.548962
0.424071
0.600514
0.918443
0.803376
0.211177
0.102797
0.070240
0.301461
0.381366
0.521226
0.559357
0.639084
0.246711
0.292084
0.150174
0.777101
0.499707
0.135895
0.460886
0.242724
0.406105
0.153733
0.381270
0.555538
0.055398
0.820570
0.337914
0.098708
0.121694
0.875446
0.150881
0.373744
0.389766
0.149658
0.546200
0.605584
0.455345
0.092398
0.811878
0.299910
0.399856
0.531894
0.379356
0.627465
0.225827
0.613142
0.924060
0.111897
0.365752
0.501486
0.263755
0.527912
0.207897
0.409001
0.731965
0.086739
0.310885
0.766502
0.184003
0.265165
