0.425401
0.469371
0.839630
0.049500
0.295132
0.880903
0.516037
0.208143
0.950028
0.857510
0.098741
0.046839
0.636475
0.057792
0.472396
0.249752
0.135077
0.770868
0.007456
0.524282
0.702953
0.646440
0.703774
0.737040
0.959769
0.487884
0.797356
0.714307
0.663521
0.971665
0.263903
0.981199
0.312895
0.425196
0.250819
0.465710
0.229529
0.671104
0.734851
0.544476
0.028048
0.702014
0.506279
0.617991
0.556695
0.649525
0.926194
0.470018
0.387050
0.815455
0.999021
0.625687
0.305239
0.593099
0.247627
0.617281
0.729768
0.220105
0.147285
0.032437
0.242377
0.486566
0.406205
0.355851
0.075824
0.365379
0.490965
0.467861
0.842517
0.336057
0.757484
0.489864
0.322656
0.815769
0.316351
0.959361
0.472071
0.930026
0.630546
0.124466
0.310384
0.697784
0.436020
0.003748
0.097830
0.399264
0.209006
0.845286
0.479783
0.331140
0.074646
0.704009
0.242030
0.506391
0.911085
0.523489
0.146134
0.668142
0.186185
0.981167
