0.12279639627396845
0.95390183675237583
0.27366985485627704
0.66233505615567945
0.41351930112866242
0.013725422219065836
0.010849778774654432
0.24168316019312236
0.17277121319667987
0.81618849854292719
0.62189732426801814
0.93105250674595152
0.39015465398442412
0.31390399313332895
0.30400294072830886
0.89629207276734035
0.0055409462511120918
0.6858839941590833
0.57249047155453414
0.95775890052719748
0.72071743104402808
0.097733003963618087
0.35328986982129124
0.60829871194656926
0.46495771381217643
0.88841533903416359
0.0917529902536664
0.41392230137228991
0.99478917627481989
0.75725773693377807
0.64893158126673134
0.96132689361990786
0.4723960900670785
0.20758960106753693
0.77109139561981954
0.97818954903452393
0.55576959882851862
0.95401153657680793
0.42468475121674099
0.21569885177461084
0.92954392786304174
0.90827594455451977
0.50004011717940178
0.67276121686792467
0.1142140245206243
0.47488846052891898
0.28503587921932905
0.37926037003619512
0.0246916786645777
0.02618861849083283
0.71722373067190281
0.24572686549104114
0.25613682605418642
0.89462026156421981
0.65213497661514286
0.70881300250729251
0.20380935205251255
0.15097487273105248
0.65355861296415818
0.88486080091768593
0.8987767286434788
0.0019985351266172211
0.36743537840775342
0.31163770792498569
0.020354316208053096
0.044010856351381952
0.28597887957803897
0.9165017687593815
0.24362880814257076
0.71850552766928832
0.77209580659247568
0.47196328763165529
0.58793159403354922
0.51344970568539372
0.70998321700975375
0.5818370787883087
0.81671194126203961
0.57400670559087819
0.96972193473917234
0.02572795899759112
0.47564827244104602
0.77064463442738274
0.2694300434279398
0.55080518459363392
0.2336160262190278
0.41847180931485278
0.0066615133481008936
0.19199295045666009
0.4870050955602967
0.55138171988875273
0.27237752585732949
0.17004089310118617
0.48185700876419579
0.85134956847666232
0.26725390119007303
0.14961141385108928
0.88081446342379621
0.34874630598756023
0.19919212457525987
0.033566814437622786
