0.835113
0.603697
0.090355
0.294408
0.606528
0.067660
0.077098
0.414729
0.109370
0.473262
0.631494
0.374691
0.206425
0.848036
0.481857
0.719670
0.049465
0.969636
0.940317
0.786912
0.611606
0.361659
0.324978
0.929199
0.992199
0.772765
0.084751
0.736349
0.368373
0.400844
0.338534
0.877157
0.133710
0.145996
0.435708
0.450894
0.865438
0.300971
0.305486
0.135464
0.557389
0.614088
0.233751
0.743243
0.706354
0.479674
0.017661
0.043651
0.257080
0.076784
0.436123
0.845975
0.346669
0.130259
0.497044
0.384346
0.523716
0.400548
0.419487
0.752150
0.692370
0.075592
0.772096
0.099133
0.041179
0.815140
0.386953
0.201640
0.906141
0.904785
0.593334
0.355943
0.641931
0.792805
0.607118
0.563996
0.206976
0.963526
0.873361
0.026324
0.652135
0.800803
0.454920
0.128934
0.458218
0.923270
0.048306
0.031620
0.667432
0.868317
0.297636
0.620713
0.398673
0.393861
0.357688
0.128769
0.960225
0.867020
0.818905
0.534402
