0.86543810383074193
0.63102026219204754
0.87733640698136317
0.49096542423103762
0.98945046207778742
0.26301529429198772
0.84548269343509763
0.24769761914925065
0.74083431380730191
0.035625489465079326
0.51120445093748024
0.054742277266702534
0.22139494666881498
0.50829170195024354
0.90945163342724655
0.045380225507913645
0.4058065003258095
0.029789061577323001
0.10887072342064465
0.43477490238953964
0.098317053822378042
0.91377616856402555
0.18878635508202196
0.93501469825437489
0.59627476964050019
0.68765410055905818
0.71489096401464902
0.74244075840643264
0.82932707603371303
0.52043526761376635
0.467969120934834
0.84998840981120882
0.32687925036243315
0.67489174051548062
0.63007193440716036
0.91755010062471321
0.23375098184950407
0.55970465427234783
0.15947715110630462
0.81786177968930507
0.87153646251339467
0.35916267056896917
0.88936054905424844
0.52870752614740857
0.44678229575695816
0.13063437087640475
0.58382793509228736
0.89795159950761105
0.67418165944176411
0.25411466402799748
0.91962710046164664
0.94244579454745381
0.35228692535612149
0.61787303515397352
0.13201688929511379
0.80058761958704538
0.78460817191079946
0.66849783083411141
0.49915154258195871
0.43064044596699969
0.44363284864760788
0.59086659288602039
0.63208724382386738
0.81994622809263462
0.82378113984247436
0.14489854060973897
0.86347335945208292
0.12688647565019903
0.90220824931103616
0.74770486465672814
0.31432495225735346
0.14227548512353189
0.98325441329379615
0.31038368841601316
0.057610351978167447
0.89013122324741112
0.61266969258538917
0.84508850545233039
0.87805336642971166
0.71640758557186479
0.18461650132481586
0.63825397963909292
0.43094976734758905
0.48964368376567657
0.89200488598729988
0.81765289625596227
0.12713069690740109
0.78910046935709133
0.71594105979021183
0.22906376112294374
0.15040941065924848
0.40322161618667135
0.38579315145604348
0.31088486520972874
0.87760547807850364
0.70939818910521857
0.24328048390951457
0.97392853977109539
0.79356586853952427
0.87071179379731145
