0.995011
0.578328
0.088028
0.104432
0.253324
0.001220
0.014271
0.063894
0.145492
0.396410
0.628650
0.445206
0.925486
0.582422
0.977331
0.817966
0.082081
0.869517
0.985876
0.301624
0.377257
0.544821
0.753401
0.878501
0.667905
0.343167
0.440913
0.994984
0.267030
0.514461
0.881876
0.250677
0.022084
0.339866
0.855404
0.221654
0.216079
0.581252
0.556810
0.492178
0.826356
0.086564
0.524735
0.489864
0.395330
0.936917
0.068738
0.315337
0.316859
0.764592
0.851155
0.472504
0.023616
0.814405
0.157804
0.808597
0.275885
0.122323
0.235919
0.025900
0.550459
0.194485
0.153111
0.814720
0.615389
0.842715
0.521339
0.416851
0.992525
0.431259
0.267179
0.124187
0.297312
0.179157
0.804872
0.700370
0.505833
0.453753
0.755898
0.192975
0.008373
0.880726
0.377733
0.754082
0.682578
0.079487
0.809869
0.847840
0.042741
0.308634
0.198717
0.141693
0.270334
0.987411
0.727336
0.735658
0.059861
0.029130
0.079004
0.673827
