0.238993
0.753173
0.347662
0.810081
0.155419
0.543328
0.530186
0.405707
0.698137
0.147193
0.397786
0.495936
0.903340
0.601574
0.942755
0.643355
0.259778
0.008243
0.056376
0.305404
0.029130
0.664469
0.130843
0.304744
0.353016
0.803162
0.772765
0.004469
0.886948
0.391908
0.423663
0.038641
0.691545
0.060049
0.201400
0.406404
0.096670
0.542754
0.838130
0.104329
0.952071
0.707408
0.439244
0.252033
0.615389
0.495826
0.210306
0.585938
0.794325
0.872815
0.862534
0.296503
0.306147
0.537143
0.984996
0.439974
0.797464
0.979678
0.272074
0.405309
0.074290
0.504605
0.019153
0.083730
0.992236
0.817757
0.162316
0.302689
0.521113
0.259705
0.728611
0.032651
0.968147
0.399659
0.182560
0.270334
0.804445
0.415335
0.709281
0.042863
0.434775
0.309550
0.299015
0.211613
0.209130
0.464636
0.360548
0.716408
0.103068
0.949625
0.418776
0.986435
0.119206
0.504159
0.317707
0.907014
0.666839
0.265835
0.347752
0.408101
