0.800373
0.726293
0.064896
0.096478
0.596157
0.180030
0.425811
0.737155
0.461314
0.131681
0.844398
0.063784
0.015123
0.192224
0.288109
0.177583
0.481529
0.598158
0.018973
0.649406
0.413519
0.725829
0.160667
0.598511
0.274814
0.734389
0.267179
0.431672
0.003059
0.983612
0.564345
0.187992
0.025633
0.259412
0.687064
0.250036
0.205388
0.894620
0.886341
0.393275
0.259486
0.827075
0.057651
0.251747
0.022983
0.074316
0.536114
0.353381
0.566669
0.115782
0.979508
0.903742
0.136413
0.672524
0.406604
0.295858
0.098741
0.861403
0.892259
0.756238
0.673945
0.445731
0.051896
0.446887
0.548156
0.798650
0.508292
0.576108
0.054207
0.937954
0.254691
0.665891
0.981679
0.740490
0.449205
0.261835
0.633273
0.399067
0.112335
0.623318
0.776546
0.407901
0.652610
0.168741
0.814090
0.651186
0.900581
0.061378
0.117788
0.212738
0.506503
0.638017
0.882845
0.202542
0.936982
0.718855
0.373555
0.154309
0.696608
0.251676
