0.750670
0.674773
0.196122
0.932207
0.252965
0.361196
0.339599
0.616927
0.735312
0.853479
0.380600
0.392103
0.086593
0.518629
0.887985
0.626161
0.972527
0.819530
0.348656
0.797895
0.003384
0.602989
0.995066
0.425913
0.844990
0.973333
0.162416
0.061869
0.876887
0.834305
0.506838
0.081144
0.590632
0.581720
0.305321
0.078897
0.241060
0.956068
0.043870
0.147378
0.973731
0.389571
0.956228
0.579731
0.805619
0.727916
0.339333
0.263607
0.318727
0.295535
0.077570
0.798758
0.808597
0.119669
0.016801
0.434153
0.682814
0.939238
0.729884
0.860457
0.545855
0.657473
0.550459
0.120056
0.888931
0.750556
0.007185
0.449099
0.830245
0.719670
0.608417
0.888759
0.499818
0.840628
0.446887
0.944593
0.075669
0.950714
0.341648
0.862816
0.578678
0.422132
0.082944
0.729421
0.277574
0.319067
0.493945
0.113142
0.303921
0.669801
0.453541
0.549192
0.871628
0.109299
0.315675
0.808597
0.013291
0.081832
0.903259
0.879125
