0.99077974064436103
0.23755455268339221
0.93898214232799471
0.44279501748283612
0.52394202679704893
0.83943069112825475
0.3986726245987231
0.11604536768242349
0.10422656538476896
0.11109705448106148
0.75294614992224118
0.83450757583988022
0.84202080317159433
0.79443394556243629
0.75918106330359869
0.85988882798001554
0.34919889843720242
0.048271810747106965
0.86450395964539539
0.89503936117474259
0.6542704001175188
0.23334629796894757
0.96876530109563552
0.8121944307092186
0.98243137956333149
0.27405082233727784
0.29999175884303997
0.24805081827390774
0.074467816971898942
0.62272619461480627
0.038322633999156919
0.99548705032162177
0.63576321252570289
0.45619516334234411
0.97555207222989804
0.55184308654173497
0.87544583982578739
0.71267225545086821
0.83521417153629274
0.97264917922676086
0.17425642166104671
0.85893933451024362
0.19101484805430199
0.011040238549012293
0.52111327912478644
0.051440826773642902
0.89420039974419507
0.23544307918946014
0.68682816053885809
0.036001534869106962
0.38743725582326904
0.95167718340874208
0.70822765883395955
0.83106019367735406
0.7627918314471579
0.98899670188566446
0.82532781648478915
0.13197481039062323
0.09812202831364672
0.094669661124707608
0.98929304697510079
0.45279890094179776
0.46753832572025522
0.8041244273967969
0.3263600943721866
0.074823924855279986
0.4668925034185456
0.5761078048613244
0.60322485419487437
0.43508587007557398
0.8852097566073226
0.42366264737407716
0.8628158716311809
0.05697022632332889
0.39611524993994707
0.54562517336836081
0.51277570560860353
0.4201980076111359
0.77843067595659798
0.54023239247526
0.7987581496162065
0.87778471800269176
0.2460778951054243
0.080515907791155042
0.29634178765093289
0.89106987028177131
0.83379989511277564
0.4782577877016122
0.44699268274540394
0.0013599553284604454
0.924489648070565
0.52586894544873475
0.43841047767632835
0.64145691699142571
0.49350327482031819
0.40242825543219923
0.16002167572132453
0.52054824549685508
0.83873070642622338
0.98411106434480111
