0.62900518550562257
0.7062363371640934
0.77887347549694219
0.74541884800139058
0.93949266137474807
0.13898777812667792
0.33394383033679426
0.92591151665330429
0.88978899972196401
0.93652610115090495
0.97532399140089121
0.81775734789077936
0.59262904972399078
0.5969808901936835
0.66885322212511455
0.24432661485591936
0.28771366812623289
0.83298979470450019
0.68623808554780097
0.59251151942500435
0.68375873525964526
0.58008176418838908
0.8781428594666153
0.91468946780153615
0.56457693398740383
0.32154226115243134
0.5298445632409039
0.023978193690413038
0.33711704434217499
0.5585464165400098
0.78866336466355169
0.84429899670106723
0.15556370325020821
0.97988034303611249
0.62414736490370082
0.96832465478024177
0.80870351851124989
0.22353707732860001
0.71290591936996961
0.23173304812110512
0.88893135389717237
0.21614258589352478
0.11824613587892729
0.045834484978929911
0.85693709483216507
0.21393118029243247
0.29925917851529904
0.87199365614084434
0.26442247893168885
0.30979970853475269
0.17314152555429954
0.80423130012768429
0.3776381340173206
0.50371273803581307
0.70166156263496937
0.52428187433590656
0.67536507421379466
0.15296819305401643
0.031538788571506132
0.64703320398978481
0.013963726211893705
0.0042131103691764619
0.79670754293934576
0.93573987488216614
0.95987049945638869
0.58382793509228736
0.90796119998639557
0.90390322846102822
0.56341576005962635
0.46206310772681825
0.45470767332508222
0.093761177302660703
0.69130941709076676
0.31432495225735346
0.58511696581619654
0.66743154747994349
0.87490341557501505
0.84498989937695623
0.84132499726641019
0.99090226411904492
0.98579464961971197
0.64311786644119917
0.61598027761892826
0.24572686549104103
0.17404360208528402
0.26576084281089007
0.53817195441480603
0.26935478302699228
0.62793857087946803
0.74461774343686815
0.85912943809958509
0.057129645374343625
0.30523851835124344
0.68741813754068792
0.71617433688890286
0.95728713965493306
0.19338075961645715
0.17014523687570454
0.0024734976094299131
0.96551135783343556
