0.76403006748256308
0.58628936570743861
0.99275533395439575
0.40312239484063078
0.57610780486132418
0.70893005244465845
0.52043526761376635
0.80251918543584466
0.77120305175116066
0.72779976366534793
0.01461302441032632
0.29304439432708529
0.99614216484219209
0.28331299683475397
0.89369556142186612
0.37091061297471206
0.2361906279101067
0.5736567132253787
0.8958752681700779
0.56411238260431329
0.50282134045325155
0.517275820576509
0.093636478491288005
0.26973124298192691
0.044658863290902635
0.71372353016664025
0.74975859443900039
0.6394401936894949
0.046988547072860334
0.80080251984767614
0.4827314709245214
0.65723589442562225
0.37015742575344324
0.78888194895566999
0.27542558415528134
0.40670356431685833
0.3206017686138608
0.48777400674218807
0.037017995609350721
0.72060108284481572
0.16322089962486319
0.55161238787164801
0.66956394805846742
0.61881966848187386
0.052354423236596948
0.98725982562224479
0.42192829225106471
0.084722722808310807
0.29877151005034891
0.72397203932807264
0.43446405757261686
0.83085662112802583
0.15306366597065213
0.067172340202809586
0.20563151420775477
0.73011515925306281
0.032877661385256801
0.63849121617006444
0.5377144539241332
0.067496763333137519
0.85066958692543104
0.63825397963909269
0.49239913546988068
0.20157999792379927
0.0868261291758472
0.59910018268842613
0.86506476305636792
0.27873052975714802
0.65688006292144474
0.71722373067190281
0.06433779625874185
0.89420039974419518
0.37554530711654249
0.38367195067477844
0.77254185306767265
0.63801674642052042
0.45587620334688139
0.62000318848405755
0.59415736708766109
0.69083799260118672
0.62331831129073634
0.76728703959413302
0.41412388749786039
0.017383220818029975
0.76189033463848443
0.3964098211733792
0.55889381262075144
0.24840440528684768
0.93859775726187478
0.15454995181075371
0.12676451720950824
0.67595667959436234
0.2201046286441998
0.80176870075457507
0.29192459671324539
0.73462007450502576
0.51367445270131962
0.1944269769834755
0.74690524387853974
0.707525041361734
