0.806897
0.706588
0.650237
0.906618
0.097863
0.427451
0.645253
0.723856
0.991787
0.337294
0.535201
0.330181
0.806258
0.553459
0.621187
0.110663
0.743702
0.074620
0.152682
0.540461
0.999836
0.905504
0.542181
0.152968
0.938341
0.871262
0.139472
0.215952
0.879125
0.231666
0.905504
0.666602
0.728726
0.251461
0.478693
0.433015
0.701662
0.294248
0.848231
0.671104
0.723507
0.909530
0.792805
0.337648
0.077518
0.435190
0.548386
0.198184
0.425196
0.519080
0.534402
0.585586
0.496822
0.608181
0.001068
0.403817
0.367623
0.425094
0.686356
0.228135
0.675365
0.062690
0.469910
0.495604
0.893611
0.408101
0.205510
0.395625
0.620713
0.378115
0.703657
0.419284
0.654270
0.754310
0.076628
0.629242
0.112958
0.297717
0.065571
0.451740
0.499818
0.638610
0.621424
0.745876
0.547465
0.306974
0.905345
0.683523
0.480438
0.537829
0.216905
0.126724
0.464850
0.825945
0.941574
0.615152
0.587345
0.888071
0.975514
0.545970
