0.652847
0.907014
0.604994
0.348204
0.698372
0.906856
0.143446
0.547120
0.954012
0.159923
0.605466
0.083196
0.050204
0.992454
0.334559
0.160817
0.704126
0.417864
0.952351
0.303756
0.204355
0.160817
0.983134
0.527799
0.461956
0.053096
0.174310
0.265612
0.852222
0.463885
0.929130
0.811561
0.521679
0.423356
0.612670
0.944472
0.110699
0.610306
0.106789
0.500929
0.228599
0.421419
0.501597
0.751353
0.023094
0.339155
0.532463
0.542525
0.628650
0.597687
0.141559
0.931936
0.521679
0.673116
0.415840
0.349289
0.904465
0.991730
0.629716
0.076134
0.620240
0.548962
0.520548
0.434775
0.247204
0.784938
0.954285
0.291605
0.023484
0.770980
0.905744
0.869517
0.515136
0.369969
0.529276
0.671222
0.935543
0.494277
0.311805
0.134477
0.665891
0.182173
0.974243
0.465602
0.716757
0.305651
0.335528
0.300644
0.150174
0.839431
0.027334
0.842517
0.797680
0.943556
0.737616
0.237281
0.952127
0.745991
0.444681
0.914614
