0.02831735804163495
0.84577808590174353
0.21148838401602557
0.48131084955372261
0.42152079965883682
0.55068990068127666
0.19842102187860158
0.37138185437149818
0.79008301744874765
0.021562290230236085
0.55461384158326399
0.71197110303334776
0.39631161594653819
0.77398996733872905
0.32411703568294475
0.2650166773986895
0.78910046935709133
0.50493951372010293
0.36472630373641135
0.77398996733872916
0.044262696590049111
0.18328048466482044
0.67205086052124274
0.001250567532590888
0.86664853216516047
0.18461650132481583
0.31407232891349102
0.045704270286531776
0.37147614872378859
0.32094354285744303
0.98001467661728681
0.7974637489616957
0.99285991438317078
0.33096576668469785
0.24748588580137232
0.95574685512832447
0.54769525587820111
0.89537409113110034
0.26257209981468616
0.92341426767304324
0.48568826675904297
0.69919470935628547
0.23300948068792132
0.26014464036445317
0.36734174585975271
0.67394494465969856
0.98725982562224479
0.61290608583920403
0.67489174051548051
0.61609855449819784
0.68257752726711973
0.32627362403311128
0.28945616609659713
0.68352252207120301
0.0060535852932154331
0.34013279833246213
0.72640890083699405
0.10138408269496038
0.90277479016291051
0.95874510062005625
0.47304565750489092
0.38165398986959426
0.21544561589295444
0.6067640509322334
0.88019338003989034
0.46700010955647819
0.14057899630039186
0.69036649866002264
0.30457909649103693
0.13828553333660645
0.54482084484318238
0.60487606450633669
0.68151414235794117
0.31188894282023549
0.46527989911851475
0.67725796290907625
0.21236270288701567
0.1964744866468367
0.048804452845942654
0.30301706557384817
0.017568213277651391
0.77721177402112096
0.071257771774669562
0.082386631934544735
0.54263968065321055
0.68859779140577559
0.77521344154855309
0.55750461797295991
0.78855404859422662
0.79918906490859165
0.21180030916628281
0.85008579384812166
0.41321720154687525
0.43043430068847477
0.46807685057147486
0.26308921506890282
0.91208947535796969
0.12563111889467099
0.9383407889175045
0.010134593920189608
