0.107949
0.760424
0.243141
0.284565
0.834911
0.803911
0.936199
0.794542
0.509187
0.226353
0.434568
0.135981
0.060216
0.204476
0.108444
0.265984
0.618465
0.405408
0.186185
0.397983
0.431672
0.305816
0.125228
0.838030
0.376686
0.536000
0.176343
0.576809
0.009602
0.015841
0.946994
0.218628
0.369781
0.652135
0.240853
0.942446
0.986037
0.929957
0.495936
0.993450
0.149611
0.743243
0.558083
0.142680
0.166576
0.600514
0.156048
0.709047
0.767623
0.096895
0.791064
0.084410
0.678795
0.138944
0.686828
0.254547
0.334911
0.550344
0.031172
0.256354
0.055944
0.034494
0.264200
0.597334
0.772765
0.337029
0.651779
0.014855
0.500929
0.422846
0.954938
0.869793
0.431466
0.976563
0.062994
0.833598
0.699077
0.110411
0.477822
0.039556
0.709866
0.475865
0.717806
0.272985
0.900989
0.499707
0.633866
0.201101
0.136803
0.739801
0.592041
0.944045
0.620832
0.230529
0.611370
0.754877
0.332365
0.428479
0.214498
0.538630
