0.430228
0.745076
0.972201
0.008976
0.155515
0.448151
0.025900
0.014436
0.137892
0.387244
0.295696
0.580433
0.178776
0.606646
0.718389
0.012934
0.002413
0.398476
0.079784
0.793783
0.226814
0.250178
0.560516
0.162466
0.432808
0.367716
0.778652
0.602164
0.736464
0.237555
0.207528
0.729537
0.870345
0.554267
0.312140
0.887121
0.239956
0.325237
0.176558
0.631257
0.634103
0.367061
0.491076
0.884686
0.383095
0.276805
0.531096
0.271317
0.489864
0.601221
0.179702
0.992144
0.221524
0.591689
0.761665
0.591689
0.809975
0.018697
0.744274
0.144262
0.186185
0.382614
0.114735
0.666958
0.976154
0.315590
0.845975
0.262203
0.842914
0.091539
0.845975
0.729652
0.152349
0.597452
0.312140
0.229795
0.380121
0.421826
0.037112
0.266955
0.174469
0.371665
0.875536
0.297150
0.920802
0.152825
0.857033
0.930848
0.858273
0.506168
0.893021
0.305651
0.615152
0.436020
0.006184
0.239887
0.111025
0.778209
0.413016
0.607945
