0.58382793509228725
0.18584820877684866
0.21236270288701559
0.03497302343650889
0.21130140565886868
0.59745172429288895
0.63932156886600111
0.91620104632424737
0.31864151480692565
0.3207726238700217
0.5816029644357712
0.47012604968990179
0.50315553507093624
0.99852979503644246
0.27192250165638998
0.82150428507500139
0.011426371008942483
0.2369400283380001
0.12083355810788786
0.65676145057499991
0.24537622280721072
0.51581154096418613
0.92926783270774083
0.82450350370764947
0.53474406649189921
0.90843312327423065
0.74358700280193124
0.78537701115773428
0.025051222144740794
0.47131444855063231
0.17124407064771929
0.79692368703410765
0.51502377462505433
0.6324429296590135
0.97040664021402556
0.046030448876008087
0.01637967628208533
0.26546298762232984
0.26800279576841768
0.20993427651207297
0.37887827181980099
0.64466024435990854
0.42642553795849086
0.85645872339686813
0.82015423183281289
0.87894702451073481
0.16397842911330368
0.38937705522870281
0.63315433755096062
0.61479766369947875
0.10897754149535759
0.93501469825437478
0.43311848559495147
0.8299394752347844
0.82809996669514807
0.51693776217910514
0.31643573073676418
0.5470049406290487
0.21255043290370129
0.33499928762556314
0.022710389951923374
0.70998321700975375
0.94898873819493523
0.21856413882902936
0.91881427150260409
0.55704178511335112
0.42009635326450606
0.24939651369666413
0.34120154313288587
0.89369556142186612
0.61503416371605502
0.2095007721794625
0.51255111940942899
0.54976790843599099
0.96841307493739037
0.74060466148301407
0.25096169501269877
0.25977833478699314
0.22734173398416063
0.090053626309292714
0.42468475121674115
0.28152003231537742
0.066253193339563504
0.62829409369740463
0.23988730319494117
0.14313026425940142
0.085495328407944812
0.85299594612298579
0.15125827867282904
0.73727029320003845
0.46152807371485072
0.87983784745885518
0.63611901026227258
0.19853949515441388
0.85988882798001542
0.83187361612644883
0.7368097433745866
0.49859653473087551
0.69790161971019671
0.56225527225338534
