0.26897871791003403
0.28882163822316287
0.93814768929844439
0.25722516850454674
0.43705817895738408
0.59886463789566557
0.93139301372334926
0.62319988360228418
0.45492001746255428
0.77721177402112107
0.95801970849009721
0.21374247538315891
0.27139235980551535
0.095840094685928426
0.50806793192126687
0.84390367769826069
0.58429659899171504
0.24685152297692861
0.74918846908336856
0.68741813754068792
0.1019537652936216
0.88763931607766378
0.91589979202889116
0.54309862695018429
0.1774747093628819
0.34865583459360838
0.27033440040553813
0.11862923047892469
0.92576994703516091
0.27958069383761108
0.97420350494097396
0.31038368841601355
0.15416523135896001
0.27703596326868624
0.099002346137384525
0.59486300607621656
0.54091981330091188
0.012223539736991893
0.87867922421350064
0.14613360456710878
0.78482791755862846
0.54344292314290044
0.278807738017193
0.44573115391692641
0.36978120114985907
0.26427408674007979
0.65723589442562202
0.74759066536038543
0.80348281368435825
0.3177069829575882
0.05460810784342824
0.53155181669785623
0.77321050654899681
0.79703173354076928
0.48503047278754596
0.7049469070652834
0.4057068993367467
0.65901491763622966
0.053941767797778789
0.56028404064710513
0.37735231386967677
0.42734876278396172
0.14886364199261562
0.28472205507895831
0.01324513862970406
0.073609336471456066
0.23523952340180007
0.91170392225799601
0.62509497957889137
0.87290598790493623
0.62166052452800535
0.90913882815819946
0.2116131098844353
0.59980691703101185
0.1439440922407349
0.46495771381217654
0.4714225579796536
0.71920431507180171
0.016120678709746289
0.50449326598796684
0.84774189675199807
0.34820371316412912
0.22269125671069517
0.41110612588667339
0.33315373512786506
0.21978298392585893
0.89844704886567595
0.21901256019379464
0.47738718689285675
0.7763241997694541
0.75771059758590742
0.58394509303556519
0.13042599065935426
0.14650126553040346
0.56841357314339946
0.98174246207510329
0.97166549002435942
0.53668558029625679
0.61609855449819784
0.63066462789027278
