0.59639244544623837
0.64299922435454948
0.25933928568253756
0.57225729749345933
0.61030644741515605
0.36959318114714501
0.37469128064067581
0.51513628289751756
0.99298066086631687
0.95207071024263945
0.58992705812324298
0.8497935688395315
0.31407232891349102
0.28961495742296339
0.18539953622380048
0.20882100340175691
0.19700381431579533
0.41462810346315149
0.31838645116565778
0.49162690187235047
0.58922261264259146
0.10474147366984624
0.7368097433745866
0.37194785075489695
0.78910046935709144
0.31466200676384348
0.12947112909664543
0.43924379784645295
0.4435280730627893
0.24272396770243346
0.38850340281384976
0.88302114534665155
0.46077955578169083
0.24572686549104103
0.10031935642071507
0.10313553890082397
0.42121532823009455
0.93355155327582429
0.20386988013780036
0.093077154504321816
0.14017973823175237
0.7835085210259658
0.79832695791630859
0.84172273950076515
0.71419058638561306
0.44164439610581208
0.46549475156411135
0.69707842253297558
0.75805011705091485
0.61030644741515605
0.72942090103172286
0.63173157044396855
0.68127779723674564
0.74781905316846986
0.21965443063565243
0.47467147947176236
0.88893135389717226
0.63066462789027278
0.21205011450747491
0.55808332260653537
0.67985944902258
0.22740777665848261
0.48953361206953361
0.81135003738200173
0.54505061250124709
0.60841678707003255
0.5136744527013194
0.74713376060503689
0.65759171738735789
0.093325375533207369
0.35520983633864472
0.1719272570957999
0.2688284023967939
0.5097472111796848
0.91650176875938161
0.28597887957803897
0.71594105979021183
0.13409294985308595
0.63967744548556604
0.049587271685307834
0.61905635245542001
0.22556429150579829
0.69966476767957397
0.66873476043203883
0.13013473983131804
0.69072012559587193
0.3666867500723674
0.59780489514957247
0.77231885750327733
0.87445063101295972
0.20435462737349344
0.66968239489973169
0.71792300212126459
0.50270996347688912
0.12811164922835711
0.14294994753566465
0.67855889140432724
0.89762068115968519
0.18584820877684866
0.43002217579903468
