0.816921
0.880460
0.507397
0.585351
0.048426
0.551958
0.474671
0.735773
0.182560
0.559821
0.530186
0.304826
0.239199
0.585117
0.416143
0.506503
0.702014
0.267254
0.008710
0.637424
0.533147
0.237076
0.985522
0.211052
0.438306
0.316013
0.065368
0.427144
0.148631
0.835517
0.987832
0.757824
0.807854
0.772319
0.108303
0.603932
0.882933
0.326274
0.753401
0.710451
0.407302
0.944167
0.663995
0.649762
0.531666
0.197298
0.321457
0.423050
0.446257
0.720485
0.738651
0.883723
0.648694
0.052428
0.213491
0.381366
0.863004
0.916351
0.041401
0.326274
0.548386
0.015326
0.116687
0.788554
0.543787
0.516487
0.222367
0.579965
0.287872
0.853575
0.365006
0.294650
0.544361
0.878858
0.038683
0.176020
0.485030
0.810822
0.852416
0.211863
0.831874
0.748162
0.601339
0.572024
0.687182
0.138900
0.972160
0.351559
0.552651
0.211738
0.568064
0.996422
0.384442
0.957077
0.800588
0.609125
0.720252
0.883197
0.002584
0.096286
