0.037515858148800499
0.60464013217849311
0.063784097014384436
0.94157440462078112
0.089333946248123353
0.36323720902483653
0.6933121778144905
0.65094856137264046
0.080815918207914811
0.27496675984252772
0.02893802902386047
0.080244038526767772
0.73323540397413733
0.84920846372444503
0.62379204350241646
0.90333978440818641
0.77565791609564438
0.92080212696218344
0.66458737812575297
0.81503520030508936
0.96841307493739037
0.30755454305343666
0.47347894452548145
0.91702675150847268
0.10840890588343864
0.85222206621321561
0.2826884030012517
0.28354748194117535
0.58347649351329967
0.49383473348886398
0.70717364954925466
0.71045112398564547
0.66292782623989566
0.16967610976829661
0.39523233677252828
0.16611519429815175
0.84607326493778023
0.95207071024263945
0.5878142588568428
0.61941139731777339
0.87144494177210741
0.1798112924109507
0.64311786644119928
0.33764790800637856
0.4265280627865497
0.26316315157120279
0.34947064225105512
0.54298387800823489
0.29650332223509168
0.60192800201731766
0.0016087403658685143
0.6615051177276976
0.34730064844073616
0.74941655221513781
0.35971651843044883
0.28300057269343704
0.71220484717832178
0.93711242625129765
0.77665714810940911
0.39025192119061519
0.99781126928831021
0.36240133609021818
0.75793695592615129
0.76952677972794081
0.93455100023070103
0.91461354114122084
0.86942459898729352
0.7095152074334059
0.15503199261344536
0.49361374994270135
0.95563949446814656
0.99218051619499759
0.02681488623840932
0.30647768895074284
0.36481950372581912
0.24882922191514356
0.57447344745804352
0.26131945460763895
0.24265447260363335
0.078337343660089959
0.93737209372467689
0.12555049848588132
0.78086315475758517
0.81071594544649839
0.73057782427233486
0.904865515717722
0.10313553890082396
0.24805081827390804
0.65177905637886546
0.79659944537989569
0.36240133609021818
0.3329783328165537
0.63291719631977306
0.086767885851059504
0.30105221355610257
0.072190131924763146
0.60133868099415433
0.030607424148773738
0.51187760300097551
0.58640663434305706
