0.2282677078225
0.65533803520150524
0.16998874121442564
0.74679096947636159
0.95900242969592564
0.45100002965199326
0.22780435026284451
0.42529868552903283
0.20919156642646092
0.44331856189273777
0.5066144363963383
0.99199493485501811
0.30260696292313544
0.91947961584154347
0.46624712665300672
0.40640441202658789
0.95122525233225474
0.32974483700337298
0.3741226177717496
0.88599319674671251
0.84429899670106712
0.7989736418706479
0.33676345168086402
0.025804203262932809
0.52428187433590667
0.68777207606549617
0.85846362849417945
0.77964780918268917
0.77532458152876815
0.11820788572755805
0.46356287501950633
0.50048466308034412
0.6374236784320999
0.51603670623450826
0.75521751058177355
0.26568635538207641
0.94881440911389658
0.93064274736756625
0.78284799648810821
0.40163583270066766
0.056970226323328904
0.28882163822316287
0.1458125455369291
0.66328347036374535
0.70904709608607641
0.52337580277452633
0.17975666596123921
0.81681657078185022
0.60464013217849311
0.79269672988770279
0.93987405339972852
0.97027896452249263
0.48043760414995218
0.21449809396198766
0.27481394517173391
0.5075086877830649
0.9811018211204755
0.3091332608698652
0.7654914403256976
0.92145928140812872
0.96747740347470568
0.35621828221935325
0.96657135343179323
0.099002346137384525
0.73646423138637607
0.038184767926041412
0.10710390062413112
0.26331107175543533
0.87317915151868664
0.060090656157188969
0.93036887755215347
0.54183684302236124
0.079004022341453636
0.53725709067017813
0.70060462990921191
0.56620371458714436
0.98906555233431159
0.11303171653978696
0.53760010022662064
0.55068990068127688
0.27283311966333501
0.89620877322632908
0.053320337133216079
0.78964649008811949
0.096510085807701776
0.71722373067190281
0.34227256082858132
0.99510615554083082
0.45131720423159405
0.59192393860920101
0.055807014465943855
0.034444072904338985
0.62533190346797052
0.21773329426958909
0.66186081403276453
0.976673293149106
0.65925210252061417
0.90582321899834661
0.88302114534665166
0.62035829257423658
