0.42899283128225746
0.70658787465624806
0.22288622079577089
0.33835661201059947
0.7775443761498777
0.43291167997810504
0.021764661155569735
0.56353184671158285
0.69484280641618068
0.26770304862353067
0.55947294950770377
0.25067655672770534
0.86130824683449658
0.30606423286834916
0.18506361623129425
0.6868281605388582
0.38695324443965107
0.33826796866080744
0.70588474567954951
0.61775471769355939
0.58476534822881798
0.45375276340179349
0.048752671412335497
0.66186081403276464
0.37138185437149873
0.27772826674813522
0.79313143145908316
0.60818064025214436
0.98933817629772025
0.66861629666444422
0.81618849854292719
0.81723489163891516
0.060868316068340034
0.50081818533510569
0.60534797360927628
0.059840394284592903
0.20092103402923503
0.11939866167894729
0.56051584481350791
0.11200598958203727
0.077939767422766343
0.93361842918092686
0.22595832778688907
0.021170782212766883
0.57879533998665678
0.64584671771509783
0.97765516146148645
0.030306426106700406
0.55600083921761279
0.6569986743529701
0.23796492536588987
0.64181282691968244
0.26822777181196888
0.023484232171313665
0.13942822961681919
0.078231145488576542
0.66932704791647746
0.063739988755248875
0.28605756641098851
0.99287724709479663
0.72756803687132743
0.36342312905404556
0.11402857958229122
0.55368977319860879
0.72234549992776909
0.62616119892646216
0.12200796465722472
0.44447153279798524
0.54309862695018418
0.19471841004695259
0.27703596326868624
0.19978693283558391
0.18511956813110148
0.73173387225798747
0.40312239484063078
0.50415869071675457
0.70705650672349751
0.53223528400457143
0.56573878585637893
0.4265280627865497
0.12766123724863687
0.31685908278450342
0.5355432086139098
0.8277927101399517
0.99952503838534823
0.90937348070811863
0.34919889843720225
0.066918428866757529
0.77042117202900307
0.86877901290833615
0.97630309977996177
0.50282134045325155
0.39005740174221198
0.58910522235444662
0.76807155504158187
0.056831068352608934
0.3206017686138608
0.31390399313332917
0.58934000788645047
0.11164163738013648
