0.49372423616743899
0.66280927517990573
0.91461354114122084
0.089543321825973562
0.0026999687342767094
0.51502377462505433
0.64145691699142571
0.8101870161850504
0.5644607859519688
0.34039977136413846
0.45121146633655618
0.83238129782378634
0.96414730082536249
0.48054671873945176
0.89984475435727118
0.46024527923336545
0.48590762347552285
0.70565032153228091
0.41786354141723542
0.29828441628955948
0.44352807306278952
0.44279501748283612
0.31440919195071509
0.74576202117015877
0.11091604450419081
0.96047688130560327
0.77309909909433949
0.57027633079646245
0.5341735134672122
0.059363381040192349
0.43477490238953964
0.87921456964563693
0.088886752564365248
0.48931350261070183
0.77421254419127727
0.070264021739953997
0.18366933160524704
0.4572591967354338
0.0047890084751127009
0.86450395964539539
0.97074551570245793
0.9360025160567752
0.77831993949238665
0.67678480918707218
0.58359363532226594
0.52575552250705893
0.39611524993994707
0.98164723935095066
0.82481277709437939
0.16591069425940286
0.80176870075457507
0.47575686495983049
0.65972645847162315
0.20218057245540016
0.33096576668469796
0.5254153095948555
0.37983397340285435
0.44133087151029293
0.66636510656813974
0.80187596599646682
0.48109246782188664
0.091508490409358711
0.95665351296210677
0.2583899487308961
0.20484030423815949
0.98445731506168666
0.17409678673646434
0.13294555160000907
0.057129645374343563
0.6194113973177735
0.72199675554087772
0.51693776217910514
0.58172001884773739
0.887725659189468
0.26830279538964935
0.7516949470413038
0.84998840981120893
0.2181803591972486
0.81440513459253105
0.52575552250705915
0.73692489508944103
0.29424764661642872
0.22360224562690276
0.94101051739111474
0.22906376112294374
0.37157045842969855
0.17812423810023401
0.34693986257899512
0.6890695387078245
0.48832357103905044
0.22477784702480516
0.074543996941794463
0.0085419515312093776
0.17441617808571624
0.059632569257059356
0.42121532823009455
0.60759033355702452
0.0093183903651213491
0.51998345244365307
0.70307011170413802
