0.101117
0.801339
0.663876
0.160617
0.359163
0.447940
0.088116
0.973413
0.523149
0.708579
0.764368
0.115632
0.000695
0.363516
0.948698
0.975628
0.293926
0.089603
0.609125
0.761214
0.204294
0.769303
0.680450
0.883460
0.295454
0.097216
0.536343
0.376781
0.059446
0.663521
0.572374
0.316097
0.699430
0.352105
0.012509
0.580667
0.156388
0.994873
0.524508
0.673235
0.027770
0.594275
0.528821
0.773656
0.963526
0.299422
0.447729
0.372987
0.186467
0.055456
0.845384
0.997552
0.344691
0.877605
0.369593
0.002860
0.927949
0.446572
0.307637
0.243978
0.619885
0.335352
0.085725
0.790083
0.954667
0.287082
0.072735
0.559589
0.436954
0.697196
0.594510
0.717806
0.532691
0.090325
0.795193
0.496822
0.546890
0.132354
0.074341
0.915598
0.302443
0.347933
0.885819
0.654270
0.142635
0.003372
0.757371
0.451634
0.096798
0.103000
0.213617
0.168845
0.709164
0.792697
0.522583
0.888845
0.221848
0.345679
0.317962
0.820050
