0.69013072589388935
0.50627926376992149
0.27427959286712944
0.34648923399632786
0.69825434235213968
0.62556883527967067
0.55472938382548087
0.46613960724657011
0.24383798796798606
0.053979642757930997
0.48964368376567624
0.6179913552392019
0.11189657480659873
0.5540362425685168
0.17457605606640794
0.47467147947176236
0.28747665217713159
0.66446884914557902
0.4217245177723532
0.35092232691898329
0.18074204152102943
0.89115502199456897
0.4145272316362808
0.40461225052404404
0.28850475670689169
0.67784933899309241
0.99963927666235342
0.79659944537989547
0.11794043622444078
0.6520163369830998
0.34820371316412918
0.3899601644662517
0.86064657358873575
0.087439794374012905
0.066413215809224588
0.50393569325893406
0.28747665217713159
0.45917767641905349
0.58242246111140694
0.77865210501852467
0.12876924389987862
0.59462777492189778
0.50026236861894624
0.35475207638064149
0.5097472111796848
0.57190758314087375
0.59274658471345076
0.32385891341925388
0.37602030104275469
0.1621652896756334
0.97589179258944692
0.5827737562834342
0.31063420497528815
0.45949782403463912
0.12534914336060327
0.67358985304257724
0.16796519488300787
0.76087519291800265
0.95312984843938775
0.95184605643163234
0.099922637349269011
0.14526355542066219
0.068243641229396149
0.68493958323151893
0.09686268699187417
0.7076421597013034
0.75816326612680518
0.31121930234371442
0.017734960036656165
0.95754959512351201
0.61574373222787249
0.38194186129360502
0.43229159246605509
0.34576904611415982
0.63256149432248288
0.73069346867947549
0.065187787529216251
0.80273344985293416
0.34236191485006029
0.55519162733046001
0.23086286437979769
0.6602007953860114
0.94194871784238055
0.20974840087033822
0.22972880590828923
0.23240416954705606
0.27275714780010668
0.35402047286930804
0.35119496461770044
0.25382678317941865
0.33280299393608515
0.33157739829193972
0.44258569320772712
0.28921809862983261
0.51817774094126212
0.67572004575838063
0.74301400835929898
0.67394494465969834
0.32731231761923063
0.53977428017021534
