0.312895
0.479674
0.251819
0.157608
0.453541
0.690013
0.874722
0.654033
0.473046
0.456195
0.437578
0.437578
0.394351
0.930711
0.864036
0.292484
0.168741
0.761326
0.151306
0.316182
0.888759
0.025042
0.994206
0.971458
0.309133
0.803269
0.709866
0.884336
0.091600
0.514686
0.338179
0.713724
0.877247
0.064227
0.094261
0.462170
0.135895
0.534288
0.462277
0.139605
0.219398
0.923126
0.737961
0.039272
0.558083
0.234021
0.899681
0.234765
0.129471
0.145264
0.610897
0.975817
0.944289
0.279194
0.091753
0.632680
0.399462
0.182782
0.994007
0.572607
0.318301
0.455132
0.513674
0.072264
0.994296
0.692841
0.235307
0.818279
0.728031
0.928088
0.726293
0.917699
0.047931
0.477714
0.996061
0.635526
0.305404
0.542410
0.116008
0.028130
0.064360
0.425094
0.874813
0.417864
0.049029
0.398968
0.938405
0.417458
0.538858
0.556810
0.675957
0.061977
0.102189
0.523602
0.275962
0.999253
0.409402
0.410604
0.594510
0.257225
