0.83702611598180399
0.0037464408225472237
0.82881615402722786
0.63801674642052042
0.20068184361191707
0.91400493881015721
0.74335783579585268
0.306808741248217
0.9905731583686852
0.35530143518302398
0.37945151036845359
0.57692542214151676
0.25361103638763927
0.70506415752913676
0.72756803687132743
0.22243151474448117
0.52825296672960576
0.12876924389987882
0.61397000507165456
0.061805032397371257
0.095300743953938977
0.9874358780698731
0.61337890880982426
0.9739679279172605
0.061826473164270423
0.6615051177276976
0.80625844451529771
0.15083333857615144
0.70459512057835172
0.65474491173930938
0.43643481410997154
0.0031992195918889976
0.63268006032750135
0.13815420129729322
0.19582910180142765
0.87153646251339478
0.9218958613053424
0.70998321700975375
0.42090998376888328
0.86627657084659038
0.54539532476384323
0.46635465846383639
0.85183453502101081
0.3265330827604026
0.31915207250671462
0.66126798002495901
0.35466057125069567
0.91270465720942773
0.034294318882535091
0.56318360734762019
0.096830585253589202
0.90518526035121161
0.14774793482347487
0.31483062974781312
0.65569390016616713
0.63291719631977328
0.59603943124750947
0.77086804232871597
0.85463517818672585
0.11963033606813936
0.53554320861391025
0.82625357112667253
0.48316898163739608
0.17731263384743026
0.45470767332508222
0.035910428598943799
0.78097355142007197
0.31779186067859649
0.41664854123793343
0.82398763303805433
0.25948557265723038
0.42786215239208603
0.60865294756501709
0.26732871966121563
0.46056580720974005
0.51086801196038611
0.028547321857016916
0.10731458120277554
0.20044288384620493
0.92633540092605327
0.45385881283509966
0.94537994680358128
0.7036567681709236
0.3329783328165537
0.22295123885336357
0.12087254620374203
0.95499225885893946
0.51772670246132679
0.98048048083600792
0.26568635538207652
0.27896220216300227
0.92036250355355576
0.72141535980007576
0.89695736255575653
0.6996647676795742
0.39064113960960567
0.11325258085618632
0.62509497957889137
0.20734402273898569
0.35805665549019489
