0.060551949593983016
0.069712056163833289
0.76717491304406249
0.79951206943384268
0.97061870885512136
0.63208724382386738
0.93955631587412536
0.36575235419487812
0.67891362639461517
0.063563832904177983
0.4668925034185456
0.31063420497528854
0.84498989937695623
0.011255605541601625
0.3206017686138608
0.88019338003989034
0.24840440528684787
0.9554243342964861
0.87706708272962841
0.43705817895738408
0.21355390355623102
0.7538552486582486
0.26890355225891821
0.42981619624447326
0.28818813010738942
0.25039166735333318
0.74998656744427417
0.39425273218341783
0.21869218464153387
0.049850766975987795
0.64228738047504097
0.37840099130004567
0.59451016614012608
0.84162333862942507
0.024940072456172011
0.43872287143238575
0.34022177354953759
0.65616837551801932
0.55345883126520112
0.6178730351539734
0.27056084517126205
0.54103441278734876
0.3423619148500604
0.27466119387580523
0.29601890999123803
0.81071594544649839
0.66814242108444022
0.068785075796682596
0.56573878585637893
0.90204609692961069
0.25303639796715743
0.24713330700019751
0.48218484457036526
0.050470603254741869
0.26353306999387094
0.22497425473622343
0.15648573764972765
0.87052823448233851
0.5598205173389994
0.9399374938742906
0.9511685970474909
0.84311191485750725
0.53577161346770086
0.45004921064423975
0.47077408418157607
0.97490251261162619
0.19700381431579533
0.36156671936769752
0.48656596919900463
0.24106033988802109
0.060404825435839526
0.19629830128469361
0.85212522030643478
0.063366186798186425
0.25941242132981607
0.27834472656295883
0.87787429568534581
0.38617960828657383
0.95207071024263945
0.58992705812324298
0.76638965876527498
0.70213116807424636
0.75430952168065757
0.88416149034303304
0.97388911580797677
0.057329492546864022
0.27834472656295883
0.28198695136414043
0.28464363882779559
0.60369655282269008
0.25846288062240741
0.10192017654242731
0.44101746764258554
0.50148551928452278
0.014652099158934704
0.42427574154451131
0.16478970516546418
0.24140619715499523
0.59627476964050019
0.42745141290401439
