0.21894845524600021
0.4201980076111359
0.13473406388405323
0.30755454305343638
0.87823232426346931
0.15522516412558587
0.2778822864880432
0.1490502869293974
0.02424682192492391
0.87948185928511191
0.38405708024225049
0.14825841574885823
0.74450325816703278
0.26897871791003403
0.2992591785152991
0.3939591405818042
0.20032349042128164
0.63422153564411654
0.64857563725885314
0.7208337716253399
0.28409517060024297
0.60310693912628488
0.55808332260653537
0.07323344100232819
0.27726658831837353
0.14084570810286431
0.67903186520483794
0.51648715533762635
0.25210473865329552
0.12311300444591181
0.72745216086246911
0.77997944515175677
0.91124017970477889
0.83742778345980451
0.29152542647590896
0.55935710782575443
0.30606423286834916
0.061847920703766726
0.47804006624983808
0.52371550887302565
0.35466057125069567
0.6683793629528183
0.69590200221345055
0.90358145045872451
0.0034407715534570671
0.22158901087975411
0.98807615260109893
0.14512658320646929
0.38705001665018346
0.93455100023070103
0.74014523774962371
0.58031573331017317
0.13680334972051247
0.90342037140887199
0.022158245047682643
0.39064113960960567
0.060594045020749915
0.62308145808018889
0.30424976881356691
0.95765432104795833
0.40690307188176739
0.46613960724657033
0.89529045449774447
0.11362152650888072
0.45131720423159427
0.31787675434451679
0.19629830128469361
0.72675672908696454
0.1878216463315692
0.27849900022169249
0.26905389935090052
0.13572221891754294
0.16342262008574687
0.5521891919499109
0.20490107925606124
0.56109547870720966
0.02598613487834214
0.66174224997969167
0.63351005903490032
0.25490762422476154
0.84558118128221404
0.81952997910078706
0.91672696120734543
0.51987052277471635
0.02556664209682245
0.086274224297680766
0.90898223122921984
0.93234178688670799
0.66209793793523997
0.20532691164032685
0.48557860564846622
0.63932156886600144
0.93853356852938064
0.9903635915053407
0.26124591097538746
0.11510783171926378
0.32351497325095835
0.19925154070593862
0.28004522956290961
0.66292782623989521
