0.554036
0.419588
0.755331
0.397688
0.835920
0.454708
0.658659
0.342809
0.758955
0.062300
0.947112
0.951338
0.256282
0.542640
0.871445
0.704478
0.349380
0.048426
0.396508
0.820466
0.934352
0.643237
0.560516
0.874813
0.583008
0.159675
0.015573
0.201520
0.915371
0.845286
0.529049
0.019102
0.860268
0.689777
0.626280
0.370722
0.180194
0.875175
0.227937
0.072116
0.231465
0.864504
0.815350
0.681632
0.648576
0.677968
0.014974
0.568763
0.994676
0.211488
0.440809
0.633273
0.610779
0.355760
0.095459
0.645372
0.032190
0.578912
0.327486
0.810504
0.592276
0.642406
0.130093
0.288030
0.561675
0.589340
0.621542
0.239062
0.238444
0.597216
0.740260
0.410003
0.808173
0.196827
0.839830
0.913165
0.391908
0.128030
0.407202
0.585938
0.391518
0.659252
0.798974
0.458538
0.387631
0.462920
0.979576
0.480656
0.146501
0.521792
0.347571
0.717806
0.557505
0.722578
0.863286
0.342809
0.157706
0.095936
0.149237
0.591454
