0.460352
0.826151
0.357873
0.803590
0.590162
0.072909
0.687064
0.580550
0.714774
0.861780
0.733466
0.181236
0.667313
0.582540
0.307140
0.120444
0.198777
0.798650
0.337736
0.909452
0.820778
0.337559
0.116121
0.680923
0.446046
0.287872
0.786364
0.277113
0.210182
0.892174
0.978506
0.197416
0.291127
0.249326
0.572724
0.347391
0.643474
0.418573
0.602046
0.232471
0.839431
0.957602
0.609834
0.167914
0.971291
0.626517
0.946518
0.293044
0.772653
0.850864
0.178124
0.321970
0.982800
0.561443
0.303756
0.494056
0.637424
0.528026
0.719670
0.277728
0.823471
0.753173
0.968457
0.374407
0.760762
0.800588
0.854539
0.026218
0.465925
0.783178
0.275043
0.019871
0.087030
0.502265
0.512888
0.874722
0.017449
0.419690
0.725133
0.409702
0.568181
0.675957
0.366874
0.451317
0.205998
0.171402
0.123153
0.490194
0.578912
0.726525
0.121029
0.837428
0.101017
0.835617
0.488543
0.882317
0.844990
0.071331
0.070120
0.425913
