0.28206482684133632
0.76582836994002768
0.9270391224748401
0.89276718717815728
0.76650187732371611
0.83217829059197257
0.45704628761233035
0.14389877629480199
0.40760180604796348
0.10320343206059215
0.26449669863831404
0.12713069690740111
0.90835455005300092
0.44300439519589274
0.76773541364870934
0.53223528400457121
0.0030635039427359977
0.15426133552626842
0.35805665549019444
0.13193274303489738
0.84989100147046392
0.088589732943422747
0.16775879316543654
0.52575552250705915
0.060195213325614928
0.3435249520521288
0.20302380665187753
0.76504201925633741
0.78471805244959425
0.50840360244868354
0.93139301372334937
0.72710448254919668
0.67524674486940961
0.75748419121786292
0.58652390815123479
0.4723960900670785
0.56179127106935411
0.86618351401775051
0.12664266014608025
0.27981289023025468
0.83722699476374007
0.44279501748283601
0.18350259984473227
0.62971633699233542
0.77343327959424801
0.63635621387980801
0.63434011931573475
0.6419314645820271
0.23139805797843266
0.14313026425940142
0.92182318270047781
0.10327136460406096
0.44018231501583249
0.56701759611992752
0.45608883050611726
0.098642858458281385
0.17516331621128031
0.70130930076459419
0.75032844395938003
0.87571667593149882
0.046905233941497038
0.42971322720203353
0.077150052856526874
0.45290483383576341
0.76267918842948756
0.55426725970380852
0.82378113984247436
0.8963753415969552
0.93043739724234431
0.1232319149146938
0.86102482766593469
0.45725919673543391
0.87445063101295972
0.77588006785343366
0.76616518239950682
0.13567912663384277
0.27672868526358263
0.76391756424904877
0.406404412026588
0.36668675007236756
0.45630150901047672
0.25526868537036612
0.91400493881015721
0.67074831745214858
0.31906693970552819
0.22543306671735749
0.18500767823311082
0.19199295045666012
0.018052510815072646
0.83268564477236851
0.94916274052053751
0.35814873778230272
0.88712063736254965
0.96761205376238202
0.69048437861285183
0.87652767610732774
0.67666651351596974
0.2980410849139134
0.33782498911481407
0.30293501310689613
