0.654745
0.025435
0.950885
0.790955
0.012605
0.406704
0.987184
0.352196
0.589223
0.551382
0.864784
0.601574
0.792479
0.984855
0.662216
0.812827
0.150833
0.128769
0.166730
0.213365
0.052207
0.039343
0.671222
0.900009
0.510756
0.878769
0.074164
0.603107
0.602753
0.002506
0.123589
0.612433
0.452693
0.913852
0.025576
0.510195
0.068549
0.323000
0.825225
0.652016
0.025209
0.192108
0.622489
0.721648
0.100684
0.171034
0.982462
0.703891
0.817026
0.387825
0.103339
0.074595
0.427451
0.658422
0.761326
0.898859
0.240370
0.544247
0.147147
0.778098
0.389571
0.464314
0.708579
0.937502
0.514349
0.217606
0.568879
0.112664
0.044516
0.778763
0.984629
0.651542
0.176612
0.949913
0.761326
0.266955
0.482185
0.283313
0.018073
0.122402
0.893864
0.564345
0.132946
0.669801
0.521792
0.009388
0.612906
0.878143
0.304661
0.170563
0.849891
0.879215
0.514686
0.812722
0.814510
0.794217
0.102021
0.717806
0.127416
0.760762
