0.118399
0.345409
0.507732
0.498042
0.067149
0.187256
0.543672
0.025378
0.614798
0.005510
0.842715
0.222886
0.090295
0.137064
0.263829
0.879036
0.951621
0.764705
0.717806
0.713724
0.139649
0.967207
0.438619
0.873816
0.139605
0.059136
0.182339
0.347481
0.880460
0.905185
0.108551
0.087969
0.787022
0.990279
0.475323
0.612315
0.672643
0.711036
0.488543
0.309133
0.897289
0.969506
0.770980
0.683050
0.819530
0.511653
0.243978
0.221654
0.212238
0.835819
0.003616
0.813669
0.448783
0.697314
0.935345
0.434257
0.911935
0.467108
0.864410
0.705768
0.411207
0.551382
0.807960
0.117217
0.027597
0.441435
0.153781
0.267179
0.629716
0.930848
0.483826
0.327226
0.807429
0.303099
0.136630
0.839331
0.871902
0.769415
0.187256
0.517614
0.387728
0.368279
0.888329
0.024783
0.444891
0.202722
0.782848
0.203749
0.840728
0.789428
0.153973
0.923270
0.951902
0.492509
0.380217
0.409202
0.740375
0.761552
0.246008
0.331403
