0.90204609692961069
0.76896734588727989
0.99245355616073749
0.83339502082134254
0.94069599437616613
0.87974889309650661
0.43789009189896833
0.76391756424904877
0.11916737768185443
0.47716965557629243
0.72849474129312553
0.070264021739953997
0.99247153254892029
0.89529045449774447
0.56480925038841012
0.44699268274540371
0.5493070991479011
0.1188596054542327
0.60452217160421695
0.91415728743874602
0.36537902847066273
0.93281360150055903
0.40133891628601881
0.82993947523478429
0.35411186860843291
0.26323710379975784
0.057129645374343625
0.53794318704382316
0.09526910142021848
0.49107564244413338
0.28152003231537759
0.11824613587892729
0.76885541882600217
0.28993273132426239
0.73485072440634092
0.034207242793353319
0.524735135989574
0.40830125144349094
0.090778464559198954
0.032143059490139188
0.52825296672960587
0.73473540407504145
0.77120305175116077
0.1759131072306265
0.52643619963278399
0.38656630599389941
0.22497425473622332
0.23026193392491512
0.36230853884403413
0.95900242969592575
0.57540722187023707
0.84498989937695623
0.052317595315449467
0.12165460640380399
0.81272155691589598
0.10515501107958453
0.41583968076518885
0.23865010699631622
0.34910834855363693
0.40104213204127376
0.88738010951607149
0.63635621387980801
0.0036071518835420337
0.44678229575695827
0.93846934422419948
0.60239952999454349
0.0022534978923782014
0.49173718739144223
0.98785694211042285
0.32051636488595359
0.49682233490222938
0.16967610976829672
0.34155829656448089
0.8132482043454613
0.77086804232871575
0.64643995992820225
0.78031094777068744
0.82871390550382473
0.079111162638954763
0.30474385614293981
0.70811057139249334
0.28605756641098828
0.085065329125485881
0.22113640410131027
0.9881003515765836
0.4239691313736782
0.44489119410750899
0.16186474110901947
0.70142672686645802
0.68706416318461194
0.65569390016616713
0.79454238017940715
0.078390491316731856
0.63683063303231602
0.69684317810529095
0.021401673007759039
0.028432122104772594
0.39064113960960567
0.92668769208313617
0.26139301394398234
