0.677140
0.496268
0.304579
0.141559
0.428273
0.912397
0.748276
0.503936
0.472937
0.564809
0.500151
0.284173
0.765716
0.655338
0.198303
0.984285
0.056772
0.907567
0.517276
0.348113
0.996719
0.024482
0.654864
0.342005
0.505721
0.513562
0.329049
0.387340
0.066711
0.675247
0.758955
0.506838
0.765941
0.269054
0.139870
0.966526
0.866277
0.718738
0.580901
0.551497
0.686828
0.978436
0.853382
0.168637
0.647271
0.615744
0.356953
0.772542
0.588988
0.300807
0.955209
0.227672
0.818592
0.164232
0.700252
0.005493
0.302525
0.807110
0.778984
0.823575
0.517389
0.834204
0.966159
0.757711
0.464850
0.770198
0.128893
0.051080
0.089304
0.531096
0.753969
0.229929
0.912551
0.878411
0.001680
0.760311
0.678559
0.612906
0.971913
0.850961
0.876528
0.791935
0.242516
0.043589
0.797356
0.231197
0.287003
0.272757
0.794217
0.564809
0.024319
0.700722
0.319748
0.513113
0.535201
0.171454
0.120912
0.172454
0.278653
0.081612
