0.58640663434305695
0.79595050375666554
0.25246275745913865
0.64608401429001838
0.44867767662413327
0.14026837835291134
0.42325419846234691
0.64216874137062652
0.0095981231024945164
0.91069766185339551
0.73600341660752255
0.42417352414074561
0.39827853201901331
0.30449674061838305
0.06648190414819298
0.7961668853958721
0.43601950935482447
0.12696783762815514
0.51987052277471635
0.5703928076731033
0.314746310278463
0.63090171593171451
0.43997366134928684
0.75884190677292607
0.011001892881276624
0.70787637790613456
0.45269298101802824
0.80337581531147095
0.61018831875770196
0.46915482394798547
0.18579207597588251
0.48426357129693043
0.11458570488206779
0.16657609015996153
0.41331788705854611
0.77432381150826624
0.8964585797040987
0.13130311701558761
0.71278909077271213
0.18556768402558682
0.25933928568253756
0.76064946912193721
0.82119303842183411
0.68883367331609968
0.46420638444159656
0.85299594612298579
0.94256970497568371
0.36565899957875547
0.72698857306049458
0.76751125307877788
0.62154212810236253
0.73219604336381217
0.15746127507638352
0.55657906911285804
0.095871905302797433
0.71302274122960108
0.077517686361350618
0.094324148296397847
0.2815978124195293
0.45598251050617233
0.56051584481350814
0.95099841272033392
0.078125076731724974
0.71033415690585611
0.45428313979899326
0.32420310827076665
0.24678111571391623
0.88328473655003392
0.90851166420830831
0.24057678629015605
0.69413646085885627
0.82942919621406563
0.94349445428385181
0.36799749757424249
0.14435248343735299
0.34712022407081689
0.33853394614419902
0.42663060154959026
0.020708276923751823
0.51908028601483958
0.55657906911285848
0.32446142152749385
0.56318360734761996
0.34397298336011523
0.17140152817270043
0.65948928282971053
0.68198679208368174
0.72652485187444404
0.58253955403825119
0.19794770247094959
0.3130632716858685
0.98343396736420352
0.58617210225336303
0.8392308094317914
0.0035137802092534728
0.74003035708665643
0.13784817533262639
0.11974631981192789
0.29901527244301557
0.81398470300016568
