0.924989
0.421521
0.483278
0.619648
0.518629
0.132607
0.191705
0.867854
0.528253
0.420808
0.453117
0.190728
0.804979
0.698372
0.811033
0.839531
0.457472
0.629598
0.953517
0.900826
0.047626
0.121029
0.717107
0.568414
0.728495
0.933552
0.016461
0.855308
0.615152
0.419487
0.377352
0.103885
0.592629
0.499263
0.152777
0.452587
0.275502
0.832787
0.689187
0.858654
0.173142
0.083956
0.633273
0.232136
0.373838
0.941261
0.049552
0.578562
0.478693
0.553690
0.055612
0.430537
0.461849
0.209810
0.537600
0.350922
0.412513
0.891665
0.174469
0.914841
0.224909
0.441853
0.064672
0.554729
0.011092
0.754991
0.612552
0.209192
0.127416
0.758503
0.113253
0.899435
0.548501
0.757144
0.258974
0.689187
0.260365
0.863098
0.927739
0.790737
0.079058
0.781305
0.919774
0.833800
0.476300
0.711387
0.451740
0.866927
0.788445
0.667550
0.459178
0.434464
0.355210
0.716408
0.518403
0.751353
0.945741
0.812616
0.542066
0.722345
