0.547695
0.859129
0.614206
0.231666
0.044754
0.066413
0.285350
0.093077
0.703891
0.004640
0.265686
0.327919
0.674537
0.288109
0.920216
0.486346
0.457792
0.252821
0.404016
0.479783
0.336675
0.630428
0.140935
0.964715
0.787131
0.614088
0.037354
0.792697
0.316351
0.299585
0.548731
0.656524
0.881523
0.421826
0.765379
0.758955
0.886167
0.927809
0.330529
0.250677
0.565739
0.862251
0.968853
0.267179
0.875626
0.715474
0.105259
0.256717
0.535657
0.113954
0.170511
0.604286
0.700370
0.406604
0.619293
0.790192
0.243211
0.602871
0.633154
0.333768
0.963574
0.293044
0.583242
0.160319
0.081750
0.050311
0.008426
0.300236
0.728726
0.596745
0.085065
0.243489
0.701779
0.111970
0.349018
0.755898
0.872268
0.947644
0.169937
0.799404
0.150645
0.416750
0.680450
0.979981
0.843112
0.846467
0.815035
0.597334
0.066139
0.988672
0.387147
0.793457
0.146593
0.522357
0.965044
0.746905
0.471747
0.420706
0.473046
0.564925
