0.039386
0.524848
0.760875
0.470126
0.822540
0.162768
0.565042
0.763017
0.064516
0.931257
0.956918
0.154839
0.041818
0.417661
0.051170
0.268078
0.241752
0.722229
0.173089
0.959463
0.284957
0.909217
0.954285
0.756125
0.103203
0.421215
0.891835
0.826048
0.742441
0.585000
0.462384
0.510420
0.536800
0.631257
0.209006
0.388892
0.322142
0.764255
0.128728
0.547580
0.406006
0.290410
0.965651
0.854828
0.010638
0.034158
0.894536
0.775436
0.712322
0.156048
0.951395
0.426118
0.122362
0.968236
0.000433
0.591689
0.729768
0.170668
0.890473
0.948873
0.019708
0.233751
0.665061
0.387147
0.812511
0.150598
0.595216
0.941886
0.918072
0.116309
0.841822
0.130176
0.375640
0.386663
0.871719
0.836020
0.592394
0.955424
0.646203
0.472288
0.323945
0.214372
0.262129
0.530869
0.328180
0.335264
0.894116
0.967477
0.353381
0.595451
0.531552
0.350015
0.072834
0.206731
0.099758
0.156875
0.083112
0.461100
0.973093
0.765828
