0.043139806416844603
0.64050784819871187
0.071453149039711006
0.46592460566574301
0.13828553333660648
0.18539953622380045
0.95133845365003278
0.99015102408947642
0.2449559621265881
0.011074430736568826
0.62485806369522789
0.4071026375845111
0.78680283475523882
0.21952593709627977
0.56480925038841012
0.99575006488826723
0.78986478597119969
0.50181933065896311
0.63090171593171429
0.94337162153739162
0.70611914598457548
0.65486353789755114
0.82326454552757644
0.12009485797051409
0.93782514587523436
0.03306976330506646
0.017096243858827475
0.33588057796306242
0.078576763387927004
0.32809284018889578
0.02461852845440687
0.74736223446910777
0.3753554164705718
0.41201009578289444
0.62580577493113276
0.53782881619894596
0.92116755094822966
0.061826473164270472
0.45205773408798644
0.41442637412329847
0.84092688555283679
0.58887045668162874
0.47619135473315133
0.44049539643143487
0.27718969743910543
0.65296544048085714
0.71173733235480707
0.08523709631592899
0.25911997281211369
0.37887827181980099
0.35879374981830803
0.44983806130279724
0.14947096435033022
0.36752902638123547
0.6948428064161809
0.69072012559587204
0.28495739931300484
0.83692564284356663
0.48076498316108496
0.37916482267315466
0.30921651094779523
0.2549798052110766
0.50126303181003284
0.30581635084174852
0.99840166010312148
0.57354006134619717
0.56306754130388126
0.98874186382137674
0.48492088079137841
0.37564027535562033
0.38473163831412682
0.55288160864969871
0.25397069239173881
0.6498807574603207
0.81692118059370566
0.30639496579728859
0.92885264909604859
0.20098086768652132
0.56666874994532956
0.72733627646356913
0.29160522863279709
0.22094265440643662
0.31080129583457411
0.69884211062631529
0.25933928568253756
0.77209580659247556
0.40223006175677556
0.93508079983164172
0.84162333862942507
0.13332707583659009
0.71512436768589083
0.96371772090980268
0.82758776634346343
0.94263160635214727
0.95874510062005625
0.46099335491486748
0.35338114046779984
0.18719957932366493
0.91139489120905282
0.98967273635724284
