0.693548
0.880016
0.846073
0.011595
0.204840
0.480656
0.891580
0.291925
0.212363
0.855884
0.663402
0.545970
0.736003
0.629361
0.464850
0.920216
0.359347
0.389474
0.610543
0.736810
0.971082
0.226090
0.131765
0.436227
0.427965
0.090476
0.432395
0.976154
0.047206
0.876168
0.535087
0.849794
0.434050
0.765154
0.141827
0.751353
0.934352
0.497598
0.695196
0.817026
0.535429
0.981199
0.888157
0.081199
0.829531
0.600632
0.454920
0.741982
0.369217
0.476735
0.805192
0.543213
0.933418
0.893021
0.277113
0.762567
0.677140
0.348385
0.303017
0.278191
0.909608
0.210182
0.272757
0.285586
0.261540
0.745190
0.618820
0.046014
0.011912
0.756691
0.359532
0.704712
0.826459
0.763017
0.010006
0.202301
0.220298
0.396606
0.636119
0.219590
0.686002
0.957287
0.863380
0.477061
0.432292
0.928783
0.670748
0.087264
0.581837
0.296907
0.005040
0.032782
0.150692
0.817339
0.819322
0.318301
0.143491
0.604876
0.071355
0.772653
