0.21223762329635493
0.39034920335850881
0.013547943033757693
0.24223782587466403
0.85473137965465429
0.99927841193462841
0.66909013924056615
0.20624181175914685
0.93547666846124744
0.21186273839477499
0.15702165072348853
0.17997525403534001
0.53018585148471775
0.35768848208714282
0.61858299468399358
0.62758306382858375
0.57435675286904708
0.91124017970477889
0.33658675030363588
0.59521588664537028
0.66731306166937276
0.52405529989636701
0.90025413162720991
0.75499058327790647
0.4829502030134567
0.14835139124045518
0.94858146219919603
0.24819220652450663
0.85941440156062021
0.68659214221485221
0.075617916171574984
0.17468270894559945
0.99084113574227239
0.41482989004645837
0.21424598433474815
0.40850122348402879
0.21991159697954107
0.55600083921761279
0.30334543512686535
0.59427496221373755
0.75872883028387161
0.63600040998073282
0.3091332608698652
0.80891567095710104
0.74232607790547833
0.40840123021758307
0.66304637579826764
0.062907184395709526
0.43456765885335491
0.19571194461070421
0.58828362985990545
0.88354806720709855
0.77298767770389354
0.17682714242203781
0.093917258145954072
0.71815603433596586
0.10936999470351456
0.94687524836329795
0.84112598753900292
0.545740109776919
0.38155806303157491
0.13995834748080629
0.67749452222409845
0.74301400835929887
0.66873476043203928
0.45651423882492892
0.4529048338357633
0.86121379965140799
0.72269417408366299
0.74838983347491261
0.60877103291699997
0.33924391501016743
0.32231318870646025
0.96122744155105733
0.16504391714138505
0.88381113699222669
0.54688991596578518
0.85396106992453791
0.33026771152079087
0.36603251076160731
0.42152079965883682
0.26353306999387094
0.30788642568538421
0.95686530745440856
0.74048982041476652
0.71080198638659842
0.54988313026470459
0.52371550887302554
0.064739160517502156
0.43229159246605481
0.1430851668972557
0.058379032942318471
0.39044650048582702
0.25081909475199454
0.2676281512808974
0.39523233677252828
0.6323243663476924
0.31677438047743345
0.56969404216968922
0.75612475068241158
