0.065391
0.568996
0.492951
0.705064
0.498153
0.740605
0.630546
0.719088
0.663046
0.769303
0.256572
0.532121
0.934551
0.498819
0.504716
0.942817
0.970576
0.490525
0.838430
0.381942
0.753401
0.717923
0.978471
0.005103
0.011208
0.142365
0.451952
0.685294
0.316436
0.703891
0.081090
0.643948
0.207283
0.902936
0.964147
0.483935
0.794868
0.927879
0.017051
0.136024
0.585117
0.757711
0.444157
0.758842
0.025331
0.360178
0.637661
0.193381
0.849306
0.532349
0.725713
0.490304
0.192512
0.819842
0.404413
0.454071
0.548041
0.211925
0.499485
0.475431
0.882229
0.021084
0.496712
0.603461
0.453753
0.412915
0.575524
0.888329
0.846368
0.789319
0.453435
0.792044
0.925841
0.107104
0.112921
0.649881
0.545051
0.088679
0.950085
0.140224
0.664113
0.939811
0.958435
0.135765
0.890558
0.228069
0.332102
0.149424
0.640745
0.355118
0.540576
0.630072
0.994561
0.488434
0.467969
0.443738
0.194660
0.132227
0.152444
0.407103
