0.366406
0.238102
0.494277
0.159675
0.634459
0.593922
0.934019
0.917475
0.868594
0.662928
0.598747
0.751581
0.392298
0.520322
0.580784
0.647033
0.536114
0.565971
0.537486
0.874994
0.572957
0.944167
0.565390
0.587345
0.962264
0.308634
0.776879
0.668379
0.873270
0.192802
0.462920
0.233346
0.235579
0.701309
0.549422
0.073084
0.028338
0.206792
0.576458
0.293365
0.869240
0.385117
0.543787
0.643237
0.770309
0.798866
0.313231
0.494719
0.778984
0.625569
0.788773
0.516262
0.514911
0.182450
0.449205
0.210493
0.105813
0.558315
0.382999
0.150409
0.514461
0.727104
0.540232
0.215319
0.816607
0.512214
0.362494
0.911549
0.778984
0.756125
0.172613
0.612197
0.347030
0.651542
0.403619
0.623437
0.457898
0.356585
0.164029
0.353746
0.571441
0.909920
0.369969
0.726873
0.552305
0.859224
0.594981
0.745419
0.996730
0.265537
0.974825
0.854057
0.274127
0.262646
0.529731
0.447203
0.767399
0.589810
0.847840
0.256572
