0.73554245162206744
0.0090924411944693986
0.85444270039909642
0.74427425644438583
0.40183385036993885
0.79616688539587221
0.1572657585787407
0.5022645618787217
0.016145176687308211
0.90430473742489448
0.8692402807627847
0.63635621387980801
0.50985924528137194
0.91799738304375078
0.16443435923647351
0.59910018268842635
0.52020934074304259
0.47272081927008514
0.40163583270066766
0.82336790562817008
0.90526511684947641
0.51468630948816174
0.22029779484764561
0.74140827007534549
0.005543148855949513
0.082860357079134764
0.26360710086669847
0.02125808336334805
0.88442395016335551
0.77387865783153864
0.71325636468381159
0.39112799904889589
0.24918366278195589
0.4272461265715618
0.040186299205205313
0.5669013074443825
0.99065614852915829
0.094953188184032686
0.37488095729592502
0.03306976330506653
0.89918812987369323
0.94144934695063121
0.77276479317232849
0.96565071331994434
0.22602405329548286
0.55461384158326432
0.5078442032240098
0.82728019179200485
0.4729373659868813
0.071992934782789522
0.59992472056703161
0.8147202548501562
0.35907041703968734
0.095016296395696795
0.42090998376888328
0.58172001884773761
0.34111239423279005
0.34075595649056267
0.74610509938682967
0.46893913091360884
0.98638235386205197
0.48579793936985893
0.15135284742399957
0.36743537840775331
0.44783475834971442
0.47956511103224631
0.68694616382768137
0.60086729607737377
0.088027832461158043
0.13854851823705683
0.69107371357721004
0.68458536737070308
0.29852789133375979
0.90237027573301687
0.21901256019379464
0.21978298392585879
0.20490107925606124
0.63291719631977306
0.071869933769898767
0.18305859089249038
0.38280629327950938
0.2156355205512788
0.77064463442738296
0.32299954059289909
0.97769103338254026
0.18607287929349811
0.91062002894416927
0.39946151783500411
0.78339847170173804
0.087205562220242033
0.9020460969296108
0.16056776269966241
0.58113480225018987
0.57715908018756368
0.029767230445805547
0.099560196567693146
0.70166156263496915
0.19471841004695259
0.24057678629015608
0.97082987269199605
