0.62319988360228407
0.062885402772384996
0.017429295090889141
0.91423341226464361
0.71745685018395033
0.64916887649405264
0.61089713944317259
0.93827645792688652
0.81282692476114704
0.73069346867947549
0.47684344793146249
0.13689015841437899
0.49505093478129159
0.27389838783786224
0.17779922828601025
0.49471911085969755
0.12713069690740111
0.15140015057900777
0.1300931783858614
0.29232416560433583
0.88161093874088947
0.91866604793736184
0.8963753415969552
0.025453344055721926
0.71302274122960108
0.211052307276485
0.15263443448274769
0.20777393830348342
0.52870752614740879
0.99850596058139873
0.40461225052404404
0.2924041272241118
0.67347148403288815
0.83561745149831235
0.26837783475019916
0.14919040094932717
0.26800279576841807
0.42070649137531346
0.51862893559866063
0.68316817550130426
0.64015195737053165
0.96725225775884927
0.93348464224609551
0.59556880759668485
0.20642518525864575
0.48832357103905033
0.1944269769834755
0.90390322846102833
0.18827512240432359
0.68493958323151916
0.24002507678156057
0.54355770497131695
0.67453671193189302
0.45949782403463946
0.18184212708426054
0.84666298123203976
0.3062295673957684
0.87733640698136317
0.72779976366534793
0.56852994705290116
0.99540994062966093
0.16775879316543654
0.76335485669367709
0.69872456731012456
0.28653002175060066
0.64216874137062652
0.70846181504886974
0.025708931026397572
0.17176939772536151
0.069688146897823849
0.69531360830616995
0.93600251605677531
0.42950733060437024
0.8849480836188004
0.56946117156201925
0.35365504624772592
0.33394383033679426
0.10333933654887192
0.80433815485241356
0.23032864322963961
0.072685260519986611
0.63054608613024465
0.10283050658229514
0.9436171431877497
0.057529978409414824
0.38415340039322426
0.29747387039247164
0.42101175114306466
0.39464439576326676
0.74930251613828269
0.67595667959436256
0.88590626496720304
0.72362362575437489
0.94663751837897847
0.76132649161198596
0.34254067020848572
0.73888101016074503
0.82140055652050914
0.50627926376992183
0.72362362575437489
