0.0867387772708412
0.62130534219092826
0.23032864322963961
0.80433815485241367
0.52360226406179133
0.15804905383933759
0.32411703568294453
0.7898647859711998
0.078950501083297625
0.41999471306074976
0.71150353524681731
0.15498373146534095
0.41412388749786039
0.35980888084201507
0.78789781815324611
0.52167855249887574
0.41422470205107276
0.84132499726641019
0.59157144699386799
0.80689722915734752
0.30007323648482032
0.98384822336900346
0.58898783703109947
0.5443614070375824
0.9731733537464492
0.59380460916904454
0.0090782738159143964
0.40193288121455639
0.54103441278734854
0.54562517336836103
0.83288843330793738
0.9927026673911149
0.97895904604028505
0.9404437324409658
0.21242526480680685
0.64620266274369575
0.064649772379903006
0.78449827595651744
0.2837821102048283
0.8147202548501562
0.44846686817013048
0.72013561413356908
0.78855404859422662
0.70670504176192228
0.43716212061744841
0.25599197962170034
0.54000331945913571
0.40740209509828318
0.69437192827370842
0.046292936336848008
0.41140731955741527
0.34974252728619992
0.8212968076313798
0.05127794231739205
0.98103700218715273
0.88381113699222669
0.59204144531783043
0.75872883028387172
0.46861568351364835
0.62675361027511922
0.70518140212237113
0.11284795073150009
0.93468366156597971
0.40880129020915063
0.31821648845107708
0.96485668513739165
0.57249047155453447
0.37516558694646135
0.81713034103649984
0.014157198956707891
0.23892460939762286
0.11284795073150009
0.59345189263416276
0.31821648845107692
0.87107858584641806
0.35520983633864472
0.87126181837582461
0.99461847465882058
0.72942090103172297
0.69437192827370842
0.19670960045942606
0.32532350008303274
0.11816964635056677
0.053414069479572057
0.13473406388405323
0.97689371041754458
0.36799749757424249
0.20888272726271273
0.79073732430385646
0.43945226287715911
0.37973833485292413
0.70201377500852113
0.68434920501336749
0.1055353483856491
0.39181022972474105
0.38753410318834131
0.87921456964563693
0.9603257803258709
0.12071665937725906
0.9617726151386442
