0.4071026375845111
0.40770168329655054
0.6113697509637761
0.83248276867392956
0.2658353459955225
0.70928116442930211
0.80753535268797727
0.10816094769756622
0.35980888084201529
0.56806449048739927
0.12442650700879844
0.11851418881028833
0.98334434178395336
0.66695759268425769
0.89013122324741123
0.67678480918707207
0.54137826141197865
0.43332534605342665
0.049517222920115296
0.39337235901537404
0.41685089891507621
0.23510389596841938
0.57599102611174802
0.7124385646855661
0.18156658935171849
0.59427496221373788
0.66991928206374696
0.15977397102461333
0.39886975942861519
0.35943952450393957
0.31281136644401986
0.26457093408661353
0.43841047767632835
0.19954883697383272
0.73669458217673023
0.076601543039042541
0.82953129495449829
0.17893891317862337
0.35246913804351571
0.10432936838447542
0.24530614068910475
0.59886463789566557
0.75465010481589834
0.060931769836052495
0.30039930671214654
0.64299922435454926
0.33995489528312539
0.14498972099777957
0.82367786224550088
0.12992704705291319
0.5737733712315739
0.51378684124132845
0.13658653450849281
0.11963033606813936
0.89720633833333829
0.31247571622396081
0.34451114083426987
0.7266407946288912
0.76053658866070162
0.10108362478054156
0.46850789230664569
0.44331856189273811
0.29320462059728436
0.9003359134199479
0.83823003515074346
0.45683342967626872
0.88712063736254965
0.20925337824304746
0.16606404953566023
0.3843460859914431
0.031263488490960063
0.30871724997355954
0.15638846481488894
0.36584572426510681
0.15301592321357413
0.073133495162158044
0.27934864037029761
0.62414736490370082
0.087322608211756567
0.13392242956593312
0.57389003535625149
0.67926833347290039
0.21601573049401329
0.60157439747690922
0.24897095166995192
0.49604700146041425
0.98929304697510079
0.13046764376329775
0.10887072342064466
0.83843037174179824
0.72895788967715092
0.93207140821087853
0.17219062424321838
0.80583222233053198
0.31966320403537057
0.48656596919900452
0.62580577493113276
0.50059582642948408
0.8884153390341637
0.72745216086246911
