0.20538780303914939
0.3903492033585092
0.48404456063480017
0.90261307900779775
0.24798014742247898
0.39454645757789497
0.14115741837492224
0.35265141334292671
0.3666867500723674
0.1247868357213367
0.48920346485904931
0.52859387257172985
0.18112644521794141
0.30350971571497004
0.4122111363302528
0.74186725465722558
0.5538052554670827
0.31711328539371386
0.56179127106935411
0.077254930642276301
0.89386396244120259
0.22595832778688915
0.046391724524927937
0.36240133609021857
0.89293625509669161
0.84241789668098066
0.15508026645133
0.20654750718272363
0.55022884244420356
0.52984456324090412
0.6113697509637761
0.82347124512415326
0.013093653208961435
0.058664584048990658
0.68682816053885809
0.5007070005163754
0.60664602470188278
0.50583251300016485
0.52598237769787404
0.32852702010904172
0.36856017170745597
0.75906802329678047
0.88337254240140273
0.92710930517896917
0.62118695272557467
0.84142446749837285
0.11680018552035622
0.78405853826998229
0.78130465168131025
0.63185012683571462
0.76840757674128657
0.22412413331061412
0.85347881793576508
0.011793518842532992
0.35356372868224401
0.36091844220272284
0.69507821694297522
0.49471911085969789
0.071282167501795418
0.092860442389757381
0.68245938713755971
0.59321677139178575
0.68210494600310667
0.20441528612383184
0.9037424028371619
0.49604700146041414
0.21614258589352467
0.099100589067306386
0.82460661561617998
0.66162368454081566
0.46184905633308282
0.87983784745885518
0.51840331877392165
0.77576899911268526
0.35603478795679805
0.39044650048582702
0.32308540623303517
0.91232041438229405
0.37459646525205875
0.19239688566714105
0.37897377356300999
0.19222368569920903
0.98513547596339845
0.40520911296095952
0.42817035287005017
0.96443204168825258
0.32489226190460924
0.35548467971437187
0.67820412882844627
0.61846466162624181
0.8881569311538704
0.10661372522528015
0.092243733345605775
0.41816761145234632
0.6456094216570829
0.49981790880886756
0.56329968026891963
0.94151189369238331
0.35695288323417868
0.26958061161339913
