0.840827
0.722113
0.676430
0.117597
0.428376
0.252033
0.403519
0.758390
0.422132
0.116914
0.856076
0.646915
0.278499
0.018445
0.742785
0.847154
0.019088
0.376686
0.159329
0.023889
0.249326
0.589105
0.258536
0.292004
0.971124
0.119630
0.744045
0.792805
0.128605
0.706588
0.361567
0.747476
0.804018
0.778098
0.487115
0.439140
0.267478
0.882581
0.591336
0.796924
0.038406
0.035703
0.529845
0.919184
0.738996
0.333856
0.615744
0.086622
0.320175
0.762567
0.276345
0.345949
0.073409
0.836624
0.980048
0.694607
0.554267
0.683759
0.944289
0.796491
0.672880
0.016903
0.532919
0.055263
0.056871
0.774880
0.904305
0.816084
0.355027
0.616217
0.484264
0.668972
0.251890
0.046276
0.719903
0.150598
0.185736
0.458325
0.817339
0.353472
0.159230
0.657592
0.020546
0.405110
0.408801
0.714074
0.624029
0.253683
0.779537
0.801554
0.675010
0.504382
0.692605
0.680450
0.525756
0.850670
0.794542
0.527912
0.537028
0.608653
