0.157363
0.918518
0.960978
0.901803
0.488324
0.480874
0.558546
0.810081
0.199311
0.458218
0.133200
0.779648
0.197948
0.299666
0.233346
0.667313
0.750670
0.681987
0.054207
0.096127
0.689895
0.852319
0.693312
0.268078
0.311638
0.329658
0.145309
0.271847
0.811456
0.663046
0.966205
0.346489
0.682105
0.212050
0.067753
0.462170
0.697666
0.173459
0.842120
0.001690
0.765379
0.181181
0.136111
0.049710
0.106754
0.425299
0.175967
0.234291
0.209253
0.734851
0.308468
0.996941
0.504159
0.378974
0.011100
0.389960
0.079218
0.884161
0.381846
0.351377
0.866741
0.827280
0.567948
0.485140
0.971291
0.754310
0.966297
0.434153
0.828918
0.817966
0.659134
0.392786
0.825842
0.937502
0.481202
0.749303
0.162868
0.242377
0.125873
0.752264
0.096318
0.451740
0.777323
0.284565
0.257661
0.444157
0.938982
0.515474
0.439244
0.096159
0.684349
0.295052
0.669919
0.051641
0.977076
0.443947
0.438723
0.955639
0.898941
0.645728
