0.841921
0.153016
0.335616
0.671932
0.705533
0.476843
0.615507
0.151921
0.432808
0.379834
0.388697
0.266880
0.710568
0.799620
0.659964
0.239818
0.205998
0.690484
0.679032
0.429199
0.448572
0.676785
0.945078
0.454495
0.225040
0.860741
0.907567
0.430950
0.023801
0.936787
0.481420
0.654389
0.052336
0.203930
0.383576
0.214120
0.184952
0.429816
0.135722
0.864317
0.387437
0.958951
0.116309
0.501597
0.282221
0.778098
0.662572
0.884599
0.173194
0.044089
0.826356
0.913088
0.221718
0.680923
0.742899
0.509747
0.554267
0.674063
0.038907
0.130593
0.251604
0.030619
0.295052
0.396312
0.516487
0.262056
0.259778
0.084609
0.555307
0.799404
0.537028
0.551497
0.936787
0.332277
0.440182
0.870436
0.414326
0.140180
0.458538
0.975779
0.783949
0.144171
0.488324
0.847056
0.083985
0.885645
0.255630
0.144671
0.556348
0.992895
0.817757
0.458751
0.948465
0.357504
0.051477
0.667787
0.990902
0.392884
0.235375
0.609007
