0.34730064844073616
0.62888666599878951
0.8778742956853457
0.37119331173468445
0.66778699319388779
0.10933426599121682
0.82036215491732478
0.98411106434480111
0.26875326832290114
0.6610308369638862
0.97615403025502345
0.34254067020848555
0.67051146139753748
0.57564072563114888
0.61538893521035254
0.72606099816029324
0.77243036221085859
0.30896680861237213
0.90212718885998444
0.65462628487085062
0.6080625719965177
0.87327015097243799
0.61810967793914684
0.77432381150826624
0.89844704886567595
0.72385590944195122
0.89352703894436414
0.12048315671918709
0.094543890377828441
0.14344628540668888
0.80647144599522136
0.85645872339686813
0.51468630948816174
0.32317128779490917
0.58207121521998251
0.37821018561985487
0.63659342149844322
0.075849846980191607
0.23510389596841938
0.87272374124552976
0.22197754393152205
0.62343674113526415
0.48656596919900463
0.28582155367157847
0.8793036945969458
0.49637922147562064
0.64727050182195511
0.60688208071816874
0.46969427127339891
0.59545116280817445
0.18294772699421136
0.63528883034772132
0.9951599284416266
0.1138433977649063
0.40084434934061941
0.27981289023025468
0.79454238017940704
0.046507223093523384
0.63113880993139571
0.26242449408567053
0.92682836758415488
0.61586200352547738
0.66920859463936189
0.57774332786368121
0.088500799754377898
0.40044896034292554
0.037044749313463785
0.031573359893663257
0.030173539819201574
0.51648715533762646
0.099823674418349495
0.42940440305615146
0.51446138252812734
0.60924340812671551
0.96693552322215437
0.3375593911789701
0.1551768522052088
0.6900128331054407
0.52848022813893469
0.48788389682907407
0.38579315145604348
0.80348281368435814
0.4834972367337288
0.93898214232799471
0.60558395022998623
0.98018181385000236
0.3614740617666945
0.95037160079255134
0.54459110966866642
0.72246173246754186
0.5940397765320139
0.061249943709454704
0.81671194126203961
0.92780923484688971
0.37954710333375957
0.21092784638073825
0.927389691166559
0.84911086144448678
0.38002529607356744
0.59239399382569624
