0.84587650264662062
0.14426164460123328
0.41786354141723542
0.48448262823890653
0.7903011844063329
0.064985557110166917
0.42673315424420816
0.3104671779716352
0.72907365539586744
0.9662507899325381
0.11413981495282868
0.96716194441280834
0.54436140703758262
0.68493958323151893
0.14276982466132371
0.048460197184794024
0.18641030322373495
0.4894235516827018
0.0035839477259759426
0.57564072563114899
0.039941653309861248
0.90358145045872451
0.29272413318427493
0.85922445152298277
0.5027099634768889
0.17981129241095062
0.80176870075457507
0.90764593977653318
0.15585437545550873
0.59874687178952402
0.31542131274555935
0.70974922499477655
0.21818035919724849
0.10664867225936106
0.95971807985465896
0.84715375605040011
0.8645974928032214
0.41897908958276864
0.84449651521128855
0.58793159403354922
0.46937056608496053
0.56550636164135026
0.39995505506619433
0.72188049186695025
0.063016195503097089
0.93254420333020593
0.26845288989438876
0.65071127377240567
0.49162690187235047
0.20496186881538633
0.65082991774160703
0.42909570345590309
0.16978026695495363
0.57517374210381111
0.70189637640489755
0.27154374982887797
0.55115108265488799
0.076888418522321686
0.45779169325479385
0.37194785075489695
0.90542473418219405
0.96920231309345395
0.29505180896818944
0.95520858906297623
0.70775927188707222
0.3678100628384055
0.14057899630039186
0.65830333644939087
0.39376348720868054
0.65948928282971031
0.69272326587678101
0.30203348987801487
0.11612065753933541
0.28550709288477322
0.71313955633856341
0.32077262387002181
0.6381353626103603
0.33009335649669602
0.98927043618015953
0.24099121462617334
0.67394494465969834
0.44321382631541051
0.45917767641905349
0.14659330362367357
0.53257713817000307
0.24897095166995192
0.68588399415908319
0.54792542450103565
0.16246630642189669
0.86590418414149706
0.65367724571490626
0.84940359568691237
0.13964890291418086
0.41160818737298338
0.99370886265390812
0.73807588768098442
0.25003590555883343
0.015472417411800766
0.70904709608607641
0.39591894321251675
