0.80668437424742279
0.49604700146041425
0.0091600259670109943
0.74278473894337149
0.54711997327015349
0.66304637579826764
0.17731263384743026
0.82171168112319726
0.37602030104275469
0.93261160543096144
0.97585418804160085
0.9519584562335317
0.20314450034394718
0.99165365910754621
0.27534907381815515
0.38251801305364108
0.31923722124759785
0.064027188830010906
0.55472938382548076
0.37345987412401699
0.1806323356339232
0.091264570240680659
0.2496805324393864
0.065052903851126234
0.69860701881194842
0.65379587785732385
0.78515742016441104
0.15804905383933754
0.086361158361758034
0.2272757064277495
0.40560731291532798
0.53577161346770086
0.1300931783858614
0.40015257302942514
0.34200459340621714
0.72269417408366277
0.27473756160223312
0.33009335649669602
0.86347335945208292
0.18821838886784847
0.20080140998184687
0.94537994680358128
0.50538592952036177
0.41725578516715656
0.89595869044577825
0.30449674061838278
0.86970087359078541
0.93152897215605968
0.83973034242574329
0.44615145190283378
0.54378729322976926
0.25824413194748991
0.48865344609880923
0.43570817365784242
0.40183385036993891
0.57062578051042934
0.79302278082647404
0.46420638444159656
0.65498216333423742
0.26117238304632406
0.8981994635259184
0.11499577287301789
0.64525347873248184
0.1388558751439814
0.28346930433329481
0.1430851668972557
0.43425689600415807
0.1719272570957999
0.35101319048039187
0.12971964022729041
0.45322271029614847
0.95531653480684708
0.23469738038947596
0.33271534828412969
0.095554219909846222
0.36809123806660032
0.29288423185678181
0.89268260785342157
0.38986294215881301
0.78284799648810821
0.92145928140812872
0.60416831235552348
0.65403314027193926
0.83420441668004564
0.70904709608607641
0.6064099829467493
0.22800284127574882
0.43115605053521266
0.34576904611416004
0.80636495440156475
0.28198695136414054
0.95444887473761875
0.47651734760472952
0.64216874137062629
0.79865037756861823
0.10508598856264671
0.24671072394570334
0.75544439108564732
0.2052051725023204
0.2018801045397568
