0.782407
0.687654
0.968192
0.961575
0.973493
0.322570
0.981584
0.247133
0.285507
0.868687
0.056990
0.193671
0.938405
0.440391
0.768296
0.451317
0.919406
0.166218
0.631850
0.046080
0.249752
0.061314
0.950085
0.869885
0.861403
0.152777
0.167810
0.556926
0.426733
0.218308
0.691192
0.552074
0.517727
0.711620
0.933351
0.197004
0.587932
0.655931
0.174310
0.084723
0.461207
0.283782
0.998332
0.727104
0.415537
0.955155
0.740719
0.811244
0.982462
0.123073
0.272150
0.629124
0.909373
0.528480
0.987610
0.553228
0.294167
0.512327
0.249184
0.191130
0.648457
0.915975
0.097152
0.116990
0.658422
0.893780
0.624740
0.498819
0.515024
0.587228
0.138944
0.748504
0.305569
0.960527
0.114029
0.631139
0.554845
0.253467
0.190900
0.335616
0.899599
0.871902
0.223016
0.724436
0.795734
0.620358
0.773656
0.573890
0.938726
0.427554
0.081282
0.144216
0.406803
0.074139
0.285743
0.204537
0.968192
0.841921
0.592629
0.351468
