0.405209
0.798111
0.323343
0.434153
0.019819
0.056435
0.938982
0.471314
0.543902
0.966021
0.690720
0.339510
0.650355
0.028821
0.883986
0.422744
0.375071
0.108019
0.261687
0.767175
0.074900
0.073059
0.102493
0.001600
0.641694
0.037883
0.085294
0.873452
0.117979
0.492620
0.429919
0.663995
0.519080
0.988483
0.514012
0.297069
0.734274
0.347842
0.044834
0.184840
0.969159
0.137499
0.742785
0.298041
0.950143
0.072165
0.092799
0.427246
0.970661
0.119862
0.261099
0.500707
0.998427
0.571325
0.610070
0.073962
0.599689
0.215509
0.134392
0.675365
0.327139
0.764592
0.313315
0.937047
0.624621
0.051242
0.541952
0.783288
0.342809
0.797680
0.245657
0.066872
0.165451
0.296342
0.540118
0.989450
0.658185
0.619175
0.765491
0.783949
0.374312
0.600514
0.531780
0.685884
0.594745
0.599689
0.147424
0.584648
0.239268
0.135292
0.117027
0.474021
0.949394
0.181181
0.583945
0.090567
0.833192
0.079676
0.036106
0.286372
