0.575524
0.653084
0.414124
0.128975
0.660082
0.249681
0.688716
0.998711
0.496047
0.450155
0.709515
0.174363
0.318812
0.265612
0.342451
0.527458
0.454920
0.808704
0.210803
0.887812
0.392981
0.716874
0.518291
0.597452
0.100154
0.002482
0.251747
0.803804
0.605348
0.613024
0.789646
0.628413
0.770309
0.799081
0.462170
0.468077
0.491517
0.642999
0.088887
0.491076
0.164688
0.241060
0.482950
0.045461
0.054551
0.076941
0.780311
0.424582
0.203507
0.452164
0.091173
0.990615
0.410905
0.868502
0.028213
0.885819
0.323429
0.493061
0.678914
0.274051
0.881523
0.165809
0.721997
0.837528
0.356861
0.468400
0.095143
0.461849
0.315928
0.078311
0.277343
0.445731
0.378878
0.208328
0.606764
0.176343
0.540805
0.332190
0.981774
0.786803
0.065481
0.361104
0.024692
0.566669
0.245587
0.847252
0.469371
0.349743
0.565158
0.793240
0.398279
0.603932
0.486786
0.780753
0.067590
0.598629
0.821401
0.848720
0.820050
0.860552
