0.082721
0.331490
0.633984
0.699900
0.840528
0.104570
0.918146
0.847546
0.575290
0.957392
0.992738
0.524962
0.597923
0.613142
0.919995
0.913471
0.273365
0.289377
0.393959
0.184003
0.687182
0.701074
0.943310
0.875175
0.276115
0.153111
0.972892
0.876708
0.930232
0.434050
0.905425
0.506391
0.115595
0.866090
0.074798
0.809340
0.699782
0.781525
0.127702
0.418979
0.962313
0.976857
0.836524
0.089543
0.051152
0.616453
0.006001
0.592394
0.049342
0.613261
0.168949
0.459925
0.456195
0.599807
0.276422
0.866370
0.364167
0.424174
0.072760
0.764592
0.857987
0.012509
0.504047
0.319834
0.105778
0.530072
0.306395
0.050346
0.492841
0.615271
0.044152
0.705064
0.226419
0.613615
0.856650
0.692959
0.437578
0.973453
0.886167
0.662691
0.126846
0.727684
0.382999
0.923774
0.469263
0.203628
0.260658
0.392200
0.480219
0.161165
0.074214
0.790410
0.924989
0.237760
0.217733
0.265463
0.244676
0.766390
0.655457
0.776102
