0.524848
0.672998
0.881257
0.058849
0.578795
0.759294
0.507509
0.009715
0.941699
0.636356
0.782848
0.279039
0.532235
0.824091
0.328006
0.569578
0.097668
0.897869
0.194718
0.506279
0.042497
0.019450
0.365286
0.790192
0.322142
0.928228
0.498264
0.361938
0.510307
0.636238
0.443109
0.187426
0.618465
0.103305
0.958331
0.981711
0.488873
0.398673
0.047256
0.381750
0.613497
0.234494
0.146317
0.628768
0.397786
0.428787
0.646677
0.957077
0.179702
0.972242
0.001172
0.431982
0.290649
0.129058
0.898117
0.280821
0.939747
0.493835
0.828816
0.621542
0.462063
0.189128
0.979132
0.940381
0.246359
0.198480
0.892090
0.586641
0.496379
0.354569
0.980282
0.364354
0.649288
0.776990
0.755104
0.941762
0.949394
0.747362
0.353746
0.270259
0.020286
0.328093
0.499374
0.072959
0.144580
0.692605
0.578795
0.815035
0.199370
0.388116
0.284173
0.870253
0.834407
0.344691
0.609007
0.213365
0.719321
0.917625
0.616335
0.859794
