0.094167
0.474780
0.959921
0.205327
0.070192
0.585351
0.641931
0.043604
0.075003
0.049798
0.179320
0.738421
0.863098
0.305156
0.427657
0.919258
0.872450
0.680332
0.663046
0.840728
0.197298
0.874632
0.820985
0.100485
0.093170
0.408101
0.605466
0.331140
0.357873
0.865531
0.292884
0.775658
0.088887
0.602753
0.755898
0.080054
0.070264
0.971624
0.670867
0.081199
0.523942
0.961277
0.558778
0.159280
0.000191
0.800265
0.875717
0.952295
0.660794
0.874903
0.812511
0.161615
0.582774
0.949740
0.777212
0.562835
0.762116
0.714541
0.515586
0.307720
0.449733
0.133200
0.096798
0.093356
0.586641
0.452058
0.159724
0.144762
0.201160
0.510532
0.847448
0.641101
0.411307
0.103748
0.022542
0.203205
0.270712
0.131303
0.376020
0.997133
0.786255
0.470018
0.771984
0.404712
0.611370
0.058277
0.615862
0.452693
0.768743
0.731503
0.534858
0.579029
0.161665
0.608889
0.699430
0.143627
0.242516
0.531324
0.087440
0.678795
