0.99540994062966093
0.63007193440715992
0.74816155385802774
0.070892740289188114
0.46270556381694616
0.84764393319490738
0.67382658336791923
0.86356718161222756
0.13749914278113951
0.73704003730769907
0.4205030554762626
0.26635730951949571
0.78108393313768709
0.016737493465837607
0.081584110208048136
0.73876602173875994
0.74461774343686815
0.17446945723696083
0.69637262959389634
0.081171768411124889
0.45047166625229385
0.50929917723392204
0.67205086052124252
0.63362863539028702
0.65937069325281561
0.67844064026132211
0.37421735666673206
0.20224070941434855
0.74232607790547833
0.37355450585213862
0.085840725336095561
0.18250482428031989
0.047998997560854934
0.38976573482216431
0.42213212306895082
0.9558540694905836
0.5005958264294843
0.41382152980594367
0.13916381560484217
0.31055068349143877
0.85731933705932362
0.50739687002204681
0.34433169200251929
0.44174893111457858
0.63457729019457676
0.74381612865194446
0.51221431574730203
0.9380832516715919
0.26338505543910312
0.82779271013995159
0.10908445149590203
0.32205606950978138
0.14508095025038031
0.25110435751855326
0.047744525441263994
0.95268550042385258
0.19966785613533011
0.041400815646369153
0.9666170022964472
0.11717919697876417
0.56329968026891963
0.71173733235480707
0.54528041258291271
0.29521283290276185
0.42663060154959043
0.6166899803305631
0.070408661404722309
0.0050722972678201531
0.46818459253176148
0.6922520545267471
0.68080506696445964
0.074671119675772502
0.79106425901090893
0.95796762012712122
0.81660729204853788
0.73462007450502576
0.80838515032147407
0.63777951660065924
0.19871731269603449
0.74301400835929898
0.24685152297692847
0.8561713978989105
0.076731821369138878
0.23789649158205387
0.15008038769279911
0.61633511657406093
0.51953179177008502
0.66873476043203905
0.76447995235600885
0.13649989098546367
0.5933343296953959
0.031827966687955074
0.14358190509938734
0.86459749280322151
0.175859462629887
0.89529045449774447
0.76616518239950693
0.035936437046339913
0.77665714810940933
0.28890089843565214
