0.700840
0.213114
0.469802
0.615152
0.956759
0.774546
0.804338
0.676193
0.783619
0.174843
0.916126
0.297636
0.506168
0.255269
0.995811
0.620358
0.826048
0.437786
0.312727
0.678559
0.449521
0.431362
0.388892
0.232001
0.258682
0.200861
0.056455
0.441122
0.221007
0.044611
0.934551
0.449205
0.892598
0.059591
0.117750
0.335616
0.427349
0.437890
0.697549
0.978119
0.661742
0.188105
0.113917
0.877426
0.290251
0.899845
0.953074
0.986618
0.320346
0.695784
0.415941
0.363981
0.680687
0.420300
0.237555
0.694725
0.634103
0.513562
0.611252
0.908982
0.301297
0.161315
0.547925
0.183392
0.129513
0.270712
0.003941
0.493282
0.569810
0.276498
0.151589
0.520887
0.958383
0.811456
0.836322
0.890131
0.858559
0.269204
0.715241
0.495272
0.895207
0.964763
0.213742
0.331053
0.041564
0.733928
0.222172
0.637305
0.636949
0.523376
0.965836
0.666602
0.125349
0.192917
0.472613
0.285979
0.448572
0.715824
0.053677
0.739801
