0.098382138490919258
0.24016291187420952
0.45800478125428767
0.8645039596453955
0.8147202548501562
0.8913252353410096
0.14636330055766927
0.96657135343179323
0.12255940390948433
0.85855882073463552
0.32904856037191754
0.92420363110773573
0.059570350253823172
0.14872378852974893
0.74827569909329394
0.35438614960687842
0.015267699312968053
0.4173570423157984
0.84538418191477505
0.19158970807056988
0.83561745149831235
0.42101175114306466
0.88694750853302573
0.73865102360235113
0.18731255655092149
0.79410854155380883
0.78855404859422662
0.38107865620727116
0.036014567593489553
0.36305135097742153
0.56608747238748536
0.12757949132959565
0.96666261468763781
0.44552108439598159
0.84281461827068704
0.2435591124182738
0.98783242738937815
0.80423130012768429
0.53920182988814558
0.40371794239377212
0.83207675423843575
0.80476539340325715
0.081171768411124889
0.80711001061044418
0.085208446938372678
0.60841678707003222
0.67299798262569155
0.78317832729199088
0.28660882003464505
0.4293014893463391
0.33026771152079148
0.32471987801422991
0.42335628963524097
0.070819937155564699
0.87661764732411462
0.58136887223290801
0.87805336642971166
0.33588057796306264
0.99537105581836172
0.86083575227637077
0.022991299992068538
0.85540409005508344
0.064851053573533962
0.32592790172244285
0.29682658291948316
0.74484668272483301
0.7662774271191739
0.035253102698540768
0.95351673704380646
0.017200075533517829
0.2271436966627704
0.01290909373722327
0.91430950408596612
0.40980245345921934
0.76312968461963282
0.58969222326141457
0.40880129020915063
0.94019089883232598
0.96880916578794973
0.74724800290177285
0.44615145190283378
0.77975836929866216
0.18596051616867071
0.69731364694075038
0.70974922499477655
0.84862248760425463
0.38444245143448991
0.79811125870008603
0.76874347836663981
0.14742386154685072
0.61846466162624192
0.73462007450502576
0.34938004528702554
0.98648752029095788
0.2675532697141349
0.18686098301558687
0.3443316920025194
0.36809123806660032
0.243002102363677
0.86515813790819962
