0.604404
0.367342
0.955693
0.928853
0.716524
0.552189
0.219590
0.451423
0.193149
0.368842
0.690249
0.343883
0.346579
0.965185
0.698137
0.920216
0.772319
0.748732
0.997865
0.869977
0.391908
0.109549
0.743014
0.228069
0.456833
0.536914
0.486566
0.447203
0.157902
0.538630
0.094701
0.800373
0.215256
0.834609
0.820050
0.456514
0.001508
0.211925
0.623318
0.637780
0.096638
0.668735
0.334383
0.695667
0.415941
0.055534
0.084041
0.292084
0.190327
0.953737
0.176504
0.403917
0.519306
0.822126
0.879393
0.538172
0.909842
0.671577
0.336322
0.076602
0.745076
0.209130
0.652847
0.831365
0.683995
0.573540
0.208513
0.222042
0.777655
0.487444
0.170877
0.579731
0.186410
0.720950
0.702366
0.553228
0.052854
0.914841
0.342451
0.759972
0.923630
0.010917
0.362401
0.206976
0.100220
0.847742
0.030866
0.562951
0.622253
0.108978
0.661149
0.665536
0.897206
0.937890
0.466785
0.889103
0.231599
0.992685
0.860363
0.941762
