0.135034
0.271847
0.571908
0.237623
0.248263
0.992632
0.048409
0.600160
0.907646
0.066413
0.401141
0.080108
0.062668
0.570043
0.899845
0.254980
0.592864
0.198421
0.277420
0.843508
0.481092
0.628887
0.144762
0.890899
0.298284
0.443214
0.610779
0.050864
0.041149
0.001363
0.142275
0.471639
0.315844
0.218628
0.617755
0.263829
0.500596
0.653084
0.238307
0.503156
0.905584
0.002607
0.399560
0.551151
0.221201
0.720601
0.109406
0.734620
0.765941
0.787679
0.343525
0.113400
0.794542
0.885993
0.044027
0.924275
0.077255
0.394057
0.268003
0.458751
0.571908
0.433015
0.834305
0.684231
0.847056
0.319237
0.358149
0.069497
0.821712
0.518629
0.148584
0.982678
0.488543
0.828714
0.982152
0.253467
0.957497
0.607472
0.945500
0.528708
0.185176
0.908119
0.884074
0.525075
0.324806
0.814510
0.794000
0.619175
0.406803
0.968677
0.565739
0.364447
0.912935
0.141470
0.170930
0.181126
0.539431
0.512776
0.878590
0.731156
