0.020469
0.807429
0.854828
0.538858
0.538058
0.134050
0.449733
0.748047
0.578795
0.513113
0.913547
0.811561
0.101418
0.654152
0.313652
0.087910
0.697078
0.103680
0.960628
0.685176
0.602282
0.130468
0.613852
0.341648
0.684231
0.953847
0.887467
0.495051
0.812827
0.466893
0.140935
0.460032
0.319067
0.513787
0.391908
0.570626
0.384442
0.359347
0.771873
0.211426
0.213052
0.082331
0.882052
0.807642
0.121068
0.254259
0.113289
0.613970
0.473154
0.116687
0.316182
0.731156
0.981295
0.139076
0.397196
0.316774
0.635645
0.505609
0.144352
0.304497
0.919922
0.634222
0.678914
0.590749
0.657948
0.744274
0.206976
0.021619
0.181291
0.570276
0.683759
0.813669
0.023250
0.623437
0.867020
0.119669
0.535657
0.990718
0.936591
0.033445
0.675365
0.053923
0.799189
0.709515
0.719903
0.759068
0.908276
0.453965
0.741867
0.349652
0.026383
0.768184
0.075644
0.254763
0.348204
0.203688
0.669919
0.344152
0.188843
0.516825
