0.14696194794087838
0.63445870416944239
0.37725707096703437
0.99120392066902996
0.37157045842969871
0.54827073679499949
0.94169931901829373
0.39376348720868054
0.49704395725726813
0.029854644899561425
0.6380167464205202
0.022965628075618597
0.33933273224188065
0.41271398934157816
0.93348464224609551
0.89728926860821967
0.83349627241294866
0.85817789887463758
0.37459646525205875
0.48931350261070206
0.060383834320850684
0.12177229363164074
0.96102809792340982
0.79367443637555224
0.94287885283353856
0.26457093408661353
0.093605326807083208
0.32861390376491989
0.21639647489868943
0.26613351630859694
0.016541981543755
0.45417703868203074
0.51131661758853753
0.88824309674562241
0.64335515175029223
0.50148551928452267
0.30244303364106884
0.067775970033899888
0.41543559301461103
0.80251918543584466
0.58476534822881843
0.42386695601702523
0.26815276401638583
0.64062647973389386
0.55669473712969597
0.23974959110414212
0.061335045328225896
0.15102207578509641
0.54758018346152348
0.0083406099378124272
0.96716194441280834
0.733697106976405
0.052023826670979392
0.72350747197953003
0.47738718689285708
0.72455256864956408
0.63090171593171451
0.8537682436161288
0.42376479468271933
0.88424900603580281
0.083448913847487163
0.2976358518737407
0.64976211118895466
0.00297533964256427
0.9762658855871188
0.65688006292144485
0.090445604857574288
0.76582836994002768
0.7987581496162065
0.37223105612676161
0.97015096282570834
0.57984781767314164
0.86506476305636792
0.069497139743667363
0.80026513783910302
0.45725919673543391
0.78811662516208347
0.21882029010960827
0.36978120114985941
0.33096576668469796
0.54149289431742975
0.75963310130361406
0.2960996054680598
0.21888436521846821
0.37497581855891005
0.40620504990348838
0.6680239471208913
0.39533037890100847
0.13063437087640475
0.49781997932945155
0.78800722958681613
0.58488254880524493
0.57237388141371315
0.54034694161272601
0.50270996347688901
0.02030857099298726
0.46442098757893913
0.80647144599522114
0.38012098019040497
0.88416149034303304
