0.205388
0.390349
0.489864
0.902613
0.247980
0.394546
0.141157
0.347842
0.366687
0.124787
0.489203
0.528594
0.181126
0.303510
0.412211
0.741867
0.553805
0.317113
0.561791
0.077255
0.893864
0.225958
0.046392
0.362401
0.892936
0.842418
0.155080
0.206548
0.550229
0.529845
0.611370
0.823471
0.013094
0.058665
0.686828
0.500707
0.606646
0.505833
0.525982
0.328527
0.368560
0.759068
0.883373
0.927109
0.621187
0.841424
0.116800
0.784059
0.781305
0.631850
0.768408
0.224124
0.853479
0.011794
0.353564
0.360918
0.695078
0.494719
0.071282
0.092860
0.682459
0.593217
0.682105
0.204415
0.903742
0.496047
0.219013
0.099101
0.824607
0.660319
0.461849
0.879838
0.518403
0.775769
0.356035
0.390447
0.323085
0.912320
0.374596
0.192397
0.378974
0.192224
0.986090
0.405209
0.428170
0.970661
0.324892
0.355485
0.678204
0.618465
0.888157
0.106614
0.092244
0.418168
0.645609
0.499818
0.563300
0.941512
0.356953
0.269581
