0.838330
0.673945
0.589810
0.259339
0.585351
0.774991
0.533717
0.995967
0.863567
0.068951
0.754991
0.166064
0.905664
0.973652
0.994733
0.563764
0.366687
0.434360
0.169364
0.844398
0.183447
0.503156
0.040114
0.016706
0.855404
0.745991
0.813459
0.716874
0.608299
0.850670
0.121576
0.481857
0.007421
0.317537
0.280123
0.159527
0.671814
0.579029
0.509523
0.263755
0.334823
0.076732
0.632799
0.218884
0.406205
0.943372
0.349108
0.386083
0.732543
0.478584
0.643830
0.087206
0.529162
0.523376
0.756351
0.818592
0.135593
0.180632
0.880282
0.317622
0.607472
0.498819
0.385310
0.389086
0.831365
0.192339
0.148444
0.339155
0.277036
0.554383
0.344421
0.968677
0.092121
0.724436
0.404115
0.532121
0.600043
0.584648
0.999842
0.208266
0.485579
0.603107
0.748047
0.156437
0.141693
0.229330
0.914386
0.904064
0.097636
0.609362
0.501374
0.540576
0.549653
0.497709
0.603107
0.083365
0.838931
0.801983
0.039513
0.751581
