0.407302
0.618110
0.310133
0.985330
0.901559
0.058014
0.343525
0.853382
0.822954
0.324375
0.156388
0.197122
0.231465
0.565506
0.742555
0.104432
0.332015
0.636831
0.816293
0.219526
0.409202
0.567250
0.542640
0.275273
0.678914
0.570742
0.495715
0.122796
0.654033
0.409202
0.129554
0.952630
0.506279
0.735081
0.328353
0.350196
0.959667
0.888673
0.390349
0.510083
0.531894
0.909608
0.001679
0.829225
0.991787
0.528935
0.170354
0.806152
0.792805
0.530413
0.845877
0.650711
0.643592
0.685766
0.129140
0.897289
0.322656
0.770421
0.654508
0.366500
0.208143
0.032687
0.277190
0.818488
0.553112
0.537371
0.865718
0.862251
0.328353
0.777655
0.665180
0.600278
0.674418
0.407802
0.691663
0.837528
0.389571
0.197298
0.278576
0.282454
0.169000
0.381079
0.672288
0.930506
0.601928
0.654864
0.955854
0.847546
0.284095
0.134520
0.249042
0.740605
0.978541
0.636238
0.905345
0.627820
0.477822
0.342362
0.857033
0.899763
