0.6964902741472232
0.67477340033050626
0.10929854751519121
0.98736061849851875
0.44248105111922864
0.091630667803712221
0.09728086812040429
0.1769888504323433
0.032746195866183145
0.56097953784898191
0.33543973482437661
0.050009481502475542
0.60287112056222059
0.06786927127986335
0.80965761672614667
0.90999779429192662
0.22720969398777704
0.68092325450586566
0.83551666491927989
0.8041244273967969
0.59709859222146511
0.61834633114277482
0.67702139186462473
0.89959875373716336
0.32120004082795733
0.81994622809263462
0.61231512571722591
0.74003035708665643
0.7868028347552386
0.67287960099139266
0.44489119410750899
0.62225254094636129
0.57575748648805269
0.59921796135618011
0.46142110471966513
0.47814892104423334
0.53064102908504696
0.99694070228235243
0.64347379495081647
0.42009635326450606
0.74244075840643264
0.51457384102408188
0.97758331203131266
0.24154464786548779
0.30400294072830886
0.77554681881651177
0.28802991239419684
0.33420748073221151
0.81618849854292719
0.41392230137228991
0.99585954876742433
0.63884707698830967
0.69201642185998113
0.7399154665591634
0.080325512686896014
0.4390353867805471
0.82491582663568574
0.19055597581285055
0.84793775188466158
0.80721637375488631
0.86831707163868876
0.67394494465969845
0.32068718827534309
0.4122111363302528
0.40183385036993891
0.47477996399028322
0.98667031645964332
0.014430145753319383
0.66932704791647746
0.11518259056270541
0.76605292462036645
0.14040142839873912
0.97707641952998403
0.93016310963288462
0.42396913137367803
0.010209574555453842
0.8594144015606201
0.90478549995052615
0.16978026695495357
0.42755407692828912
0.12583286597149534
0.36678027459698981
0.91430950408596612
0.63054608613024499
0.65498216333423742
0.075643654683193673
0.93355155327582429
0.94507817778992187
0.37119331173468495
0.32437530119350971
0.65842193601089871
0.4427950174828359
0.19489344061261296
0.86868667847601266
0.42376479468271933
0.12918171871340861
0.084551882781824919
0.85008579384812177
0.18804827232098026
0.15800000178891208
