0.490194
0.537028
0.416750
0.622371
0.498264
0.344332
0.740375
0.661624
0.303017
0.012083
0.384732
0.773545
0.844891
0.853093
0.094701
0.793566
0.179975
0.208821
0.921750
0.261761
0.743243
0.229795
0.364167
0.606056
0.159230
0.778431
0.441331
0.315337
0.684585
0.352560
0.495715
0.518516
0.204294
0.228798
0.257007
0.013836
0.993066
0.417965
0.893274
0.980414
0.075798
0.965511
0.648101
0.694019
0.350196
0.767399
0.225827
0.596628
0.432912
0.018203
0.597334
0.803269
0.400251
0.184226
0.657710
0.924060
0.044152
0.209625
0.139472
0.842715
0.063674
0.325065
0.804018
0.952462
0.194660
0.667076
0.539316
0.083112
0.078364
0.723275
0.345949
0.959361
0.173566
0.161865
0.855692
0.275120
0.947467
0.403122
0.992773
0.105155
0.104570
0.375640
0.541608
0.533261
0.416345
0.995253
0.209686
0.232068
0.834710
0.935806
0.385021
0.257661
0.587345
0.739915
0.691192
0.140135
0.867020
0.784059
0.244047
0.020370
