0.94138676440034652
0.20845096789384876
0.25490762422476154
0.62201572756192669
0.42253995361790492
0.56981048709952598
0.61976646461911467
0.22087810111520126
0.94991297274773201
0.38098282032966135
0.25860879140983206
0.026111307798239804
0.20152001993668975
0.47891123648106559
0.080952617755332371
0.28144226810497358
0.20044288384620493
0.1523012923267317
0.62864963200027213
0.44762416036636521
0.86206289112089185
0.20937704587380762
0.24798014742247915
0.31483062974781373
0.19794770247094937
0.70436056713588058
0.45608883050611748
0.53497234909954516
0.67181405569846264
0.1913595946611511
0.5176139672930381
0.759294091121687
0.38966854245856852
0.57482356759408071
0.39886975942861502
0.75340079110876823
0.79334868311793583
0.61952975060519977
0.81345872885953907
0.29982885145680843
0.88205242042397836
0.52711721059935246
0.099724798104020879
0.71056808460101939
0.67181405569846264
0.70939818910521857
0.080054220479205351
0.57179102418764205
0.54711997327015327
0.33044213005661788
0.90590282013446033
0.63386579182836766
0.10361161869444387
0.087703976435885497
0.4391395855659932
0.12770212717780391
0.34084504224560874
0.35796458877327486
0.44941591971185813
0.5295033565970676
0.37659079756163433
0.27078743218507983
0.6440670159744748
0.36537902847066289
0.57622458955790323
0.97532399140089121
0.2315320084081437
0.30838472865436029
0.47804006624983808
0.70189637640489755
0.84940359568691237
0.15566054310644425
0.99777989314613547
0.98817275957038841
0.75158113343336042
0.68375873525964526
0.81994622809263462
0.92124053431557296
0.39956019582219537
0.22674803004440833
0.69460737682627871
0.7250168471766637
0.28089836361430498
0.6946073768262786
0.53166570555173309
0.91224346746595009
0.0065571302837705856
0.015751428812359778
0.88824309674562241
0.025406275924936557
0.71021718337462914
0.47945610242018233
0.48689529680343935
0.54585505424631742
0.15411719825183584
0.33420748073221151
0.61066085292317174
0.70974922499477633
0.93388558142819256
0.58312510049715005
