0.51176538565185969
0.42386695601702523
0.28503587921932905
0.92981946735474463
0.06227829653269025
0.78920970556304315
0.51603670623450826
0.32360093441488391
0.97532399140089121
0.72606099816029324
0.94985548061891223
0.39386130645752149
0.70471238857705942
0.46947845555487011
0.33738240498179889
0.94300226059590497
0.72907365539586744
0.076471463803372719
0.67489174051548029
0.92612361345578342
0.46517249156344387
0.94893066480326538
0.36884171677616429
0.66399471681394717
0.24649964159822293
0.42090998376888328
0.33271534828412941
0.98437120190158989
0.98011506286294148
0.67477340033050626
0.50829170195024376
0.71021718337462914
0.55519162733045979
0.6615051177276976
0.27527257932920779
0.31222414614223731
0.70048716584473647
0.68871573441956913
0.70447784676035119
0.46377732812474382
0.46700010955647853
0.54367249500275472
0.16962405115336976
0.53075484604734058
0.62130534219092826
0.13684674816454748
0.66292782623989521
0.53851516956562917
0.10883513781330374
0.76784747405538245
0.12579249414082444
0.74656238866308966
0.94568081356339595
0.9085901728453416
0.92441819509941225
0.27857616085996295
0.012800533595929229
0.72687265523529088
0.84479261642707715
0.41261338999193969
0.59921796135618
0.17790751032549432
0.27351757870583798
0.95384693205732984
0.86850192885313393
0.047643084984089215
0.90333978440818641
0.90598238930445163
0.52496182309554096
0.91385245827415496
0.86366097756507021
0.34621904556065708
0.88054845624234646
0.90693472229608563
0.75374165153551664
0.28550709288477322
0.12688647565019903
0.60865294756501709
0.28433013294566173
0.72013561413356919
0.94144934695063121
0.83712656662651996
0.50137427019913638
0.081666803548998565
0.59451016614012608
0.43301507592951743
0.014843308013625447
0.91612578258984623
0.69613732571190734
0.21939750329508481
0.12255940390948433
0.75872883028387172
0.84577808590174353
0.34066688652400723
0.12782486487100386
0.94858146219919603
0.72188049186695002
0.54562517336836103
0.11077142255700641
0.61657168967276177
