0.987310
0.726293
0.866649
0.908904
0.977439
0.968369
0.152111
0.451317
0.781415
0.024986
0.554498
0.612433
0.343435
0.097992
0.053583
0.256354
0.026529
0.444472
0.047206
0.317198
0.413318
0.703657
0.192108
0.237623
0.836725
0.211426
0.270485
0.188673
0.650830
0.422234
0.488873
0.138505
0.333680
0.290012
0.788117
0.079568
0.516149
0.524848
0.257661
0.969808
0.759972
0.848916
0.007767
0.904705
0.386566
0.577977
0.872724
0.343167
0.849404
0.211426
0.339510
0.566901
0.970449
0.741179
0.982152
0.829021
0.797788
0.446993
0.974007
0.061207
0.698607
0.877336
0.079622
0.601692
0.064583
0.314325
0.636119
0.599100
0.523942
0.067566
0.531210
0.139252
0.686946
0.897621
0.278499
0.897455
0.368466
0.180523
0.978190
0.049587
0.035075
0.140668
0.712088
0.996871
0.786584
0.168430
0.690366
0.688834
0.838030
0.550229
0.191647
0.985357
0.216651
0.390544
0.400350
0.790192
0.690484
0.842319
0.977439
0.126399
