0.204597
0.047576
0.723507
0.069473
0.287793
0.602400
0.795409
0.726989
0.490084
0.836222
0.345949
0.310384
0.997732
0.949740
0.790083
0.967117
0.637305
0.288742
0.865158
0.031241
0.575757
0.361289
0.710451
0.645609
0.072018
0.473479
0.753742
0.176719
0.615152
0.056258
0.186129
0.092152
0.268378
0.304497
0.360826
0.974710
0.742555
0.470342
0.551728
0.069449
0.921969
0.541608
0.515699
0.488763
0.125914
0.597334
0.116611
0.839231
0.967117
0.193903
0.833091
0.335792
0.785926
0.019124
0.331053
0.253755
0.279426
0.669919
0.032998
0.728842
0.007185
0.258536
0.697078
0.408001
0.423969
0.388503
0.168534
0.873906
0.370346
0.709164
0.721299
0.214498
0.404612
0.958383
0.696961
0.722462
0.844793
0.718273
0.485359
0.575874
0.212300
0.835920
0.579146
0.388794
0.435086
0.391518
0.633154
0.182118
0.418168
0.148770
0.786803
0.351650
0.648694
0.295213
0.575524
0.287398
0.882757
0.512663
0.241060
0.226221
