0.613615
0.813564
0.857415
0.649169
0.793131
0.684585
0.439557
0.240439
0.295535
0.658659
0.361845
0.375071
0.710451
0.253324
0.436539
0.150928
0.900418
0.655457
0.445416
0.139472
0.835113
0.175645
0.705885
0.556926
0.599925
0.074392
0.551958
0.433636
0.674063
0.763017
0.462063
0.211675
0.522810
0.996073
0.795409
0.706939
0.992667
0.278345
0.286924
0.158540
0.507509
0.822747
0.039798
0.347752
0.290649
0.355393
0.475865
0.053772
0.239543
0.198243
0.321029
0.432705
0.007914
0.756465
0.424889
0.140535
0.834811
0.153542
0.275962
0.862440
0.907330
0.773879
0.407702
0.426733
0.252320
0.980678
0.453647
0.730462
0.174950
0.342451
0.727336
0.998896
0.413721
0.367904
0.856937
0.272605
0.449416
0.642762
0.577626
0.567599
0.568414
0.750328
0.558431
0.573307
0.479020
0.192802
0.092984
0.068691
0.337294
0.496712
0.614088
0.539431
0.950085
0.674655
0.577626
0.499929
0.784498
0.131178
0.143718
0.922476
