0.157168
0.254403
0.477931
0.526323
0.095237
0.122087
0.281131
0.300726
0.588753
0.018452
0.438619
0.889532
0.838831
0.535201
0.480001
0.795626
0.900908
0.671104
0.357688
0.748047
0.329484
0.884686
0.671932
0.282532
0.895541
0.877247
0.775436
0.491406
0.786912
0.584297
0.926617
0.396410
0.266805
0.532577
0.672761
0.085725
0.621542
0.120328
0.949336
0.742441
0.172454
0.443842
0.155564
0.056573
0.279658
0.340667
0.205936
0.999278
0.805086
0.332803
0.496379
0.795518
0.137630
0.378592
0.237145
0.897289
0.881611
0.284408
0.277113
0.523376
0.953627
0.479020
0.344152
0.650118
0.562139
0.719321
0.116573
0.663046
0.638610
0.783839
0.699782
0.547695
0.267254
0.551382
0.854731
0.399856
0.917176
0.649169
0.434153
0.067520
0.008920
0.581603
0.715241
0.822540
0.715008
0.292564
0.855788
0.032591
0.018362
0.896542
0.579380
0.159972
0.798650
0.460780
0.328266
0.336675
0.427349
0.861214
0.675365
0.911781
