0.69860701881194853
0.25860879140983201
0.93321664700839602
0.09394850198000658
0.23213553833245662
0.0070924568009019581
0.23341370715855347
0.43064044596699946
0.56074767723562446
0.0030056698395871085
0.47891123648106593
0.49715478482499642
0.64050784819871187
0.29626104429771549
0.85770117398303425
0.56981048709952598
0.39425273218341772
0.65948928282971031
0.92065572085388947
0.39054381257028747
0.19600494457418136
0.68009587293986473
0.59603943124750947
0.83440654491138999
0.34397298336011539
0.33114043921748254
0.23220267330068015
0.88398637175954065
0.27481394517173391
0.92675804705271347
0.91354710177647425
0.92065572085388947
0.1011169701346481
0.43136238883683903
0.43685033635272819
0.3108848652097283
0.71768994070215741
0.52643619963278399
0.78570628124635822
0.86234545414908537
0.93600251605677531
0.74244075840643298
0.5867584712493179
0.25203318163213712
0.6438297266047015
0.19147462312180158
0.99402259326078457
0.95649428284823745
0.3406668865240074
0.91874017649050232
0.95931001595347498
0.23687182446286512
0.08269288211829999
0.25846288062240741
0.8908994768345414
0.34974252728619948
0.57167447149733386
0.5669013074443825
0.56852994705290094
0.55161238787164835
0.39768783615230924
0.39523233677252828
0.77865210501852467
0.98980463576507194
0.016169709995669506
0.056672411243757707
0.45630150901047661
0.34496003850622625
0.81660729204853788
0.73715517001576458
0.99618796157181555
0.3876309655777469
0.26995730851599942
0.50639097755566476
0.5899270581232432
0.65047398486433017
0.56585500801385136
0.0076606249866403029
0.35667729088315925
0.64252466004947029
0.67287960099139266
0.09711984040640026
0.50627926376992183
0.63730506750199634
0.38560001341261668
0.12347003467751598
0.08029834638951458
0.88875946770350622
0.61184241326583999
0.55704178511335112
0.033959588060740134
0.71664080573409028
0.55034409537622908
0.083984639072036182
0.62426580955251465
0.36846635416086893
0.97615403025502345
0.20224070941434855
0.53554320861391025
0.18101654682193791
