0.393372
0.444472
0.192512
0.192744
0.682105
0.708345
0.774880
0.594863
0.888845
0.581135
0.914614
0.181622
0.449521
0.605112
0.441226
0.053640
0.872906
0.203688
0.043356
0.987486
0.876077
0.144625
0.367623
0.669209
0.872906
0.311052
0.108019
0.149144
0.331403
0.129430
0.395919
0.027374
0.539889
0.371382
0.646677
0.403718
0.566204
0.076549
0.157853
0.575991
0.325237
0.493835
0.248051
0.381654
0.666958
0.507173
0.787351
0.300889
0.243280
0.863661
0.893021
0.609716
0.182615
0.776102
0.938534
0.376020
0.866834
0.395723
0.058460
0.841325
0.744503
0.398968
0.328614
0.348837
0.552997
0.056297
0.799081
0.357781
0.746334
0.030619
0.769415
0.115145
0.857892
0.917625
0.178124
0.127907
0.892598
0.354203
0.008492
0.676193
0.198243
0.616572
0.495936
0.890899
0.552189
0.598629
0.368185
0.474997
0.259559
0.213680
0.490635
0.709749
0.964432
0.172877
0.460138
0.175377
0.114103
0.194078
0.936461
0.520322
