0.754082
0.118208
0.934219
0.846663
0.518291
0.523489
0.230729
0.253971
0.239337
0.792805
0.133454
0.143627
0.633391
0.295858
0.839031
0.157559
0.054704
0.217287
0.183947
0.826356
0.417661
0.905744
0.546890
0.603814
0.435293
0.248404
0.113954
0.863567
0.857701
0.944228
0.537143
0.908040
0.619293
0.149940
0.751809
0.724204
0.883373
0.005897
0.733697
0.216905
0.869977
0.680096
0.223342
0.386953
0.414729
0.718040
0.228798
0.129223
0.092367
0.702953
0.821297
0.454071
0.477496
0.545280
0.757711
0.407502
0.154021
0.864317
0.658303
0.132523
0.513787
0.769974
0.952127
0.377067
0.282688
0.048995
0.945139
0.849891
0.461100
0.422540
0.988293
0.198243
0.685058
0.497487
0.475974
0.685648
0.346399
0.179429
0.249681
0.733120
0.938469
0.814195
0.734505
0.011876
0.051804
0.809975
0.308551
0.975476
0.502376
0.597334
0.509523
0.087969
0.011484
0.082414
0.285350
0.764480
0.919553
0.878053
0.067497
0.786364
