0.680805
0.624740
0.872724
0.772430
0.079218
0.089933
0.502933
0.031527
0.095111
0.504605
0.580667
0.450049
0.837729
0.326793
0.635645
0.395919
0.962704
0.290092
0.341380
0.438202
0.218884
0.188900
0.723043
0.150551
0.024364
0.315084
0.266283
0.007412
0.031218
0.680214
0.562255
0.394449
0.670867
0.084808
0.148537
0.269882
0.479020
0.796599
0.221007
0.516600
0.692841
0.652728
0.016567
0.728263
0.922621
0.618228
0.277959
0.679268
0.521679
0.203628
0.891240
0.890985
0.117521
0.181787
0.432292
0.664587
0.461207
0.612079
0.985357
0.969765
0.265761
0.294489
0.538858
0.102358
0.904545
0.286294
0.069378
0.057150
0.264571
0.245166
0.903179
0.468077
0.215889
0.398476
0.786912
0.356310
0.531324
0.790628
0.692488
0.594393
0.254331
0.750784
0.947467
0.874903
0.341112
0.999017
0.499041
0.314831
0.990697
0.333241
0.133242
0.844990
0.985849
0.410905
0.057691
0.361752
0.043372
0.042695
0.861874
0.672998
