0.46775369865160188
0.83632233243304244
0.88590626496720315
0.1490502869293974
0.68127779723674553
0.16693530334917533
0.29836555867426107
0.799404418615418
0.83792936034096366
0.94287885283353867
0.98289166457378219
0.045590612519654461
0.60924340812671551
0.47282908657363032
0.77787684774580557
0.99182546327800569
0.11200598958203727
0.91657686619773904
0.45513241313678721
0.97174825723496361
0.71535774341336578
0.093948501980006621
0.70775927188707244
0.61302428703887357
0.57342341560255483
0.49538285795830772
0.54080522218761562
0.13982565663321667
0.39582081208461534
0.76560376319086865
0.47012604968990179
0.094795580293730544
0.7522638457687274
0.17345946091915571
0.60971583694940623
0.98723454753175499
0.81597898399889868
0.89976278531722875
0.4368503363527283
0.22165372891747381
0.54401691424072185
0.025519377112719541
0.13405030229455792
0.58558586302023041
0.75442306099955947
0.42264194642632658
0.83055110005907917
0.32454755777592448
0.098577621237572674
0.68045048461704516
0.81629322638853763
0.77654617970041484
0.44489119410750932
0.62995340035826497
0.68210494600310656
0.89327402769190578
0.51232657354135247
0.0020366201975501098
0.47347894452548112
0.34460088887434448
0.016909561860002226
0.0039018995417371711
0.64560942165708279
0.13745556701382472
0.89811687313621524
0.70822765883395955
0.78097355142007197
0.2546190564629261
0.89570833166205799
0.80806661505001043
0.25541321919266119
0.52961708306676702
0.35466057125069567
0.00045343281848227971
0.057069815506832246
0.81293227344102026
0.18244952360696423
0.65391450938010398
0.05791266738769113
0.92254844209749254
0.38107865620727116
0.53805756645152425
0.034369119889831386
0.91362349030589451
0.027770463435183357
0.82450350370764935
0.48514007631621225
0.62118695272557445
0.79171768905246154
0.66861629666444422
0.53200742581483929
0.099593097653076765
0.42192829225106449
0.83491147797868837
0.40700284746730192
0.62841260475842053
0.12551020507715066
0.30252499029798996
0.11736910432708421
0.83470957125236189
