0.759520
0.029098
0.902694
0.907330
0.690366
0.264794
0.046673
0.015135
0.572607
0.908982
0.271014
0.105917
0.153877
0.079865
0.829633
0.374976
0.258317
0.086652
0.326706
0.191705
0.537943
0.031527
0.699312
0.491076
0.230863
0.104090
0.572141
0.968369
0.936461
0.053021
0.342362
0.653203
0.950998
0.566087
0.981199
0.718622
0.734389
0.890814
0.780863
0.199014
0.095364
0.860363
0.362866
0.526096
0.518516
0.808810
0.084495
0.355485
0.458751
0.385986
0.466032
0.453011
0.048084
0.448783
0.883021
0.856650
0.604404
0.726525
0.761326
0.814090
0.837528
0.287635
0.059467
0.087264
0.782628
0.629835
0.564577
0.398968
0.493614
0.799512
0.754650
0.829939
0.627583
0.056911
0.606292
0.156486
0.570859
0.175377
0.541149
0.054055
0.208328
0.466570
0.593805
0.887898
0.405209
0.164841
0.230863
0.504940
0.022770
0.124987
0.708228
0.768520
0.018375
0.332365
0.586172
0.789537
0.085668
0.308634
0.454071
0.475105
