0.10462667160391881
0.90843979194889923
0.33864578847490412
0.90548035392810067
0.19947451457198115
0.0023954716808649223
0.0035934605366364897
0.63800144428415129
0.60273608730945294
0.11121420092933569
0.8267538941363376
0.11088785400567153
0.87934435613908046
0.56094824104528485
0.43039903072520347
0.87494836547374255
0.2642562225589758
0.25592161046040457
0.15218827898687073
0.22849381961635493
0.92342682087319194
0.46104073764989351
0.40071379004982555
0.56402542375649145
0.64240018945823896
0.77614309034510121
0.040925347007431494
0.31381296279596282
0.82881467319501323
0.47448592494823327
0.57553786983566546
0.7665402527950782
0.3769606684214078
0.59891263823574992
0.67779786283066135
0.058570894745040528
0.7673076658190473
0.2211834832610565
0.66179329000710374
0.2750353193002299
0.98642800360512761
0.94575402239188333
0.35972325408826533
0.78828671186382726
0.27058410046111947
0.49502488724156857
0.99757088964298568
0.79581005182309239
0.23475167424288262
0.43363835786513816
0.26051848164029728
0.35696291211203823
0.43204940258038371
0.9742504091021551
0.53553098015890743
0.91336482766154115
0.48025362432384144
0.20889389176211615
0.67894493659535815
0.77204953986643921
0.33956099914544524
0.046787703368290211
0.47359577096217609
0.99267276072350652
0.17556440032388507
0.13206331234072732
0.80964153660401439
0.895467827612902
0.10545835090136167
0.47196393801610437
0.91783695221459494
0.36767691035387196
0.15577558178241221
0.066497856702785282
0.29199074262732666
0.33960948785778156
0.71128046480520735
0.5500935958406783
0.84527878307425441
0.91952788433705512
0.80735569939645346
0.6201678660210348
0.17421303342442326
0.38588087908598723
0.005114023078793899
0.99614016709044273
0.93680255117937272
0.5602914648904449
0.75280880190022548
0.24246155172364911
0.63494059314407725
0.4760106655300802
0.05199782130359009
0.88998058123429435
0.094842913278081489
0.57662860559416163
0.62768798388864044
0.25337695371481711
0.02728643667287943
0.46913721264983876
