0.0045614733893879116
0.19608727160491451
0.56971005364633398
0.32337486621809791
0.591276432884416
0.74341336063186758
0.75812943930306653
0.89192186990742961
0.30000894138770262
0.34262271475538802
0.41992312963971495
0.98539202066565956
0.85445798082142699
0.25673333271910803
0.45535166866655585
0.33328833932980861
0.45736130744630821
0.43646943443164865
0.6820741158041792
0.1185577877350296
0.94738666124229609
0.65236098467527071
0.66921304324836783
0.96082433636673947
0.302248658205378
0.095006305003556529
0.72374868832293282
0.48073387025491277
0.57303008721009485
0.50899133650621975
0.50042665541640075
0.54089539240975881
0.57846131710345716
0.56953430040856645
0.82950463708705557
0.83737009622871184
0.09015966393457929
0.79763913135972941
0.58134828580176223
0.81485839961848661
0.19630152644284271
0.42607750550501866
0.61628788980874782
0.034905434907833016
0.40714536464202999
0.50103601718374047
0.25046570304152815
0.73311482065798783
0.99086011116139161
0.72491212095648594
0.62511683855317646
0.62005232819005518
0.15466889598500691
0.40999432747987574
0.30359818032771857
0.97981646372423714
0.51344109610708188
0.26162975576075231
0.9577117971463176
0.71686120017895694
0.85869368802204904
0.81791503380844155
0.41991778109876154
0.59151595778864663
0.4530522176139512
0.13809675433915028
0.27824600982837888
0.10164863693839812
0.029872676397107601
0.90221401227145104
0.63521488721461838
0.88124953892710256
0.43178600847421522
0.64648022625519208
0.82383309569813568
0.49700404418789357
0.43866773995762831
0.77265729517481618
0.16713876335220382
0.27328883669344728
0.4129132752588287
0.7143882468526046
0.97917058781608957
0.12845033230743835
0.023001756079907544
0.41028519970387856
0.42231466614462548
0.36456874100073261
0.91702324738566432
0.15632261330491209
0.61015981371117656
0.36135173228968298
0.31206659971187439
0.16218707978343924
0.39528763479400175
0.44335557753965327
0.13909939600497848
0.31956294080709141
0.80231346702041606
0.092695533246253528
