0.679644
0.266839
0.727306
0.202114
0.550854
0.446263
0.934178
0.550854
0.142033
0.825685
0.000955
0.526611
0.762020
0.326149
0.363621
0.790145
0.446263
0.804313
0.189433
0.082850
0.699927
0.129989
0.065110
0.569389
0.440804
0.139558
0.811422
0.811422
0.926884
0.114478
0.474129
0.776046
0.440804
0.832839
0.897775
0.446263
0.876031
0.832839
0.243844
0.474129
0.053968
0.646355
0.825685
0.205379
0.414088
0.607328
0.312769
0.720427
0.218821
0.672934
0.825685
0.776046
0.021781
0.075032
0.282973
0.174419
0.120938
0.948782
0.243844
0.890517
0.266839
0.818546
0.508794
0.633231
0.189433
0.734207
0.127679
0.790145
0.978037
0.978037
0.202114
0.978037
0.956091
0.985357
0.192547
0.693142
0.208682
0.026368
0.514698
0.349265
0.174419
0.861586
0.890517
0.485538
0.897775
0.626711
0.620220
0.633231
0.446263
0.897775
0.905041
0.354010
0.811422
0.195698
0.282973
0.620220
0.861586
0.474129
0.686381
0.368488
