0.001519
0.069337
0.690094
0.221438
0.345566
0.421661
0.814562
0.996710
0.689629
0.319730
0.310949
0.966463
0.781566
0.184182
0.477559
0.670538
0.573793
0.119995
0.297996
0.412232
0.958935
0.583787
0.458231
0.644415
0.484319
0.259035
0.470279
0.808562
0.737632
0.874635
0.755807
0.286893
0.728476
0.691531
0.997646
0.578158
0.409832
0.457813
0.298828
0.885238
0.212433
0.397626
0.756561
0.003384
0.431078
0.190142
0.016570
0.928942
0.987001
0.907395
0.517732
0.321159
0.337919
0.369939
0.556745
0.896866
0.917333
0.378232
0.979811
0.900023
0.450810
0.864453
0.584236
0.807138
0.164566
0.329359
0.690214
0.076409
0.002120
0.978634
0.336130
0.914512
0.723430
0.475693
0.821615
0.396793
0.102536
0.932804
0.289608
0.506797
0.555068
0.835805
0.649220
0.042980
0.354276
0.365086
0.794138
0.660305
0.968024
0.118780
0.286236
0.502203
0.295557
0.190805
0.971951
0.391968
0.275831
0.444748
0.537892
0.099231
