0
0
0
0
2.2942977467915116e-74
0
0
0
0
0
1.9521154229985656e-95
0
0
0
0
0
2.3829256950419911e-77
0
0
0
0
0
1.1446700800765507e-98
0
0
0
0
0
4.0238539039444109e-68
0
0
0
0
0
3.3402108504411411e-131
0
0
0
0
0
9.9054169247081888e-101
0
0
0
0
0
1.4070636818971817e-83
0
0
0
0
0
2.1757918797471745e-128
0
0
0
0
0
7.1931716655341357e-74
0
0
0
0
0
8.5005890798345777e-71
0
0
0
0
0
5.4817779421999716e-95
0
0
0
0
0
6.6023674266236106e-80
0
0
0
0
0
2.7252392528148277e-89
0
0
0
0
0
2.3650079616486469e-68
0
0
0
0
0
3.8728439295719365e-73
0
0
0
0
0
