0.14016770970049947
0.47899573652695265
0.44479821341909309
0.060922055484485822
0.51511180165051063
0.32746314424659984
0.73771388041038
0.49950745729798313
0.15787796400622037
0.17799294938115276
0.3680653123409226
0.84944221234187256
0.28282001591658823
0.40442308692945311
0.38602115763721917
0.32478306788536121
0.64329404392660017
0.22193503438270396
0.85887892577869451
0.44379661501412776
0.22017043129309535
0.98860938817176736
0.82581630361154457
0.9982604366171125
0.095011050339940534
0.29022167378039504
0.65882481311711671
0.13572459087799307
0.07949447198216536
0.76071979979998683
0.55109775129165028
0.75840902252342113
0.070362525842869214
0.69011030011539953
0.25206939475251716
0.086311762006584816
0.94484112880160176
0.3263454173684659
0.96346411102315155
0.48636149966571318
0.102950115769291
0.34053950462429911
0.23453049281015859
0.061378713488038951
0.2445270112828288
0.094253361646303449
0.88244935449599171
0.90791411698037494
0.72718644896073081
0.1977561330690249
0.4466188252443038
0.94092257441160254
0.97554343792198495
0.86934342432744938
0.32961709317974897
0.086253509749473184
0.94679578267532571
0.85244561145447006
0.52774276607328685
0.71977065390911521
0.74449021603475707
0.15444518640349375
0.56912889867140948
0.94988759445662063
0.98633486289877281
0.3298318506699508
0.58890191391167268
0.78312196140183865
0.78566162641745885
0.91702855278288542
0.65515518807277706
0.74958264293930676
0.60002815575231871
0.69597998379525261
0.38156544203872533
0.62175160760971959
0.41450097582427314
0.60704772700583953
0.39960455404327533
0.98184711709078598
0.013216471060718228
0.13968966897891869
0.78413069150208281
0.20579455778494044
0.55841287392377281
0.15169513842290519
0.28493674420735982
0.73771388041038
0.1650241637618135
0.050132385839672035
0.77571992607900542
0.64774686622620858
0.88244935449599171
0.68915822967172191
0.022229180845746078
0.22975473511973915
0.41543398721601349
0.36327185457913824
0.97554343792198495
0.37163110609727884
