0.54788317496717021
0.70117789570386257
0.61965887827711441
0.81849384482717635
0.67780584938198063
0.93744150465673337
0.39675447142745895
0.95532870203665221
0.66780459892880306
0.39912175021957763
0.81239294705109644
0.17892954477778741
0.52968066716555584
0.75185436695169749
0.031131992519668743
0.86271778213914685
0.85061294981210578
0.35260392048438749
0.78397835594648013
0.15222432465487745
0.21343223693780727
0.88342367433550806
0.47691728150483759
0.83920517210504286
0.10905641615173285
0.49885895885611448
0.45941551635901479
0.7698666718308661
0.58186288719541457
0.16713164783033574
0.15885316524427681
0.49068992508415188
0.59423112728520655
0.56578823610005025
0.71064193980553636
0.017032528004162672
0.81246218858051134
0.070779144601823149
0.61604052155119704
0.93835730439916665
0.40267975168827058
0.0069652030091764379
0.81446335873935949
0.86624878304542929
0.68522463183050242
0.39360414078234535
0.97529834929217374
0.80361447974011024
0.72624008310361321
0.63103178021831496
0.92085518955171686
0.93121189110547598
0.51856566808091831
0.61877967063699346
0.68695432915065913
0.39912175021970747
0.6850423234905505
0.77621792947861756
0.0012209344286501808
0.36022448101712101
0.96584017486209406
0.028194668289434257
0.70923565885516349
0.90595042316510821
0.70171225952554517
0.73312218203657964
0.96458851128563716
0.71745180369469219
0.37089143471094704
0.78861879894001485
0.87075087947595609
0.27452644040633883
0.12218322081774265
0.69652881835466507
0.32780032001731729
0.072340374307235097
0.18073358490478192
0.58536248850470574
0.40833001341184999
0.44624024327948758
0.93138261640692732
0.73782896464352543
0.86050044832776318
0.4604311304191091
0.26416159228685665
0.81218512826559486
0.3362382397598575
0.41031725384510065
0.27785461450522669
0.27037320641320939
0.89283425473219813
0.59730937532206863
0.14613240248500756
0.077921075110571669
0.29920521646180437
0.20168696193017341
0.78653033672275541
0.85564270312367507
0.32237639095645243
0.61995181277078526
