0.549986
0.732641
0.360706
0.489650
0.782904
0.569215
0.643599
0.940932
0.468746
0.222701
0.661769
0.762599
0.216472
0.940867
0.005672
0.591671
0.459833
0.208586
0.392098
0.402549
0.041551
0.658109
0.521923
0.901422
0.354103
0.425928
0.130450
0.702673
0.103977
0.036201
0.321210
0.651150
0.842614
0.408223
0.457536
0.055566
0.946370
0.127617
0.658309
0.671869
0.141857
0.005924
0.802733
0.870698
0.844538
0.277232
0.967237
0.752015
0.810825
0.550560
0.872954
0.830195
0.675013
0.607230
0.967210
0.378424
0.941980
0.308589
0.051667
0.399406
0.891085
0.032637
0.857571
0.657509
0.720359
0.595399
0.860022
0.220560
0.062155
0.865115
0.924209
0.108918
0.354842
0.854425
0.716493
0.200217
0.422458
0.501925
0.158184
0.471265
0.857571
0.262226
0.657376
0.219388
0.229577
0.518892
0.293892
0.399964
0.379936
0.100333
0.918134
0.814696
0.102431
0.423732
0.700593
0.295011
0.911817
0.636061
0.764171
0.535327
