0.43607613473949702
0.93072920947734972
0.94427068033633266
0
0
0
0.7384675169281576
0
0.89632022476011552
0
0
0.093742932163205825
0.40714198017787456
0
0.3418971193446384
0.85213764413745618
0
0
0.95355684165869725
0.18537429380311307
0
0.68442857811168767
0
0
0.29238038958291279
0.27646918070588516
0.23397273713048844
0.26363277182625494
0.82748510628499095
0
0
0.56740111587694597
0.78326008104497591
0.39721920931219978
0.92314135381709372
0
0.35892665726142897
0
0
0.065354587044356149
0
0.27038767122935803
0.44003345996525256
0.27359979235734327
0
0.92025565735261983
0
0
0.96950329366213006
0.42648299133006984
0
0.73837266433087589
0
0
0
0
0.60177876438130684
0.074504116203349499
0.2328270719918541
0
0.12101844047627286
0.29650547944360772
0.3395129515725599
0
0.36737918909413791
0.093680664752903736
0.99835399060187191
0.077448636636856083
0.59602888831212153
0.83066100652746644
0.74742655503460076
0.87828447258246245
0.89885191242747309
0.20692608578723981
0.016958159610362716
0
0
0.83475605169386946
0.55403697365874249
0.35433445973113226
0
0.78861666252591422
0
0
0.33323037279291373
0.7172266144078987
0.51568700189028838
0.23993736078359051
0.74578463987773036
0.79523775198773639
0.4474547268189053
0.88971057242051954
0
0.64354557158495163
0.53220111572931672
0.70163489283481506
0.36396032803140155
0
0.47122081825965556
0.21608321917927931
