0.57162314252126778
0.62319470329344206
0.43527657234534778
0
0
0
0.31065152276926561
0
0.23166648412412599
0
0
0.11673601662674224
0.091555351079453409
0
0.79750422928535014
0.55956925248222045
0
0
0.78452708625937051
0.77571921026488211
0
0.96100218864185738
0
0
0.095895043235333169
0.66949675824396815
0.37947889663923012
0.46568658163220111
0.34092562516655484
0
0
0.015266291899320081
0.94345577196481345
0.54486991901801474
0.92080407633583472
0
0.091866753251479541
0
0
0.094855013750197184
0
0.17816809112241649
0.76781018917632404
0.51284992580641853
0
0.61176081979795427
0
0
0.68200827435933575
0.067378179012337738
0
0.48379744736460129
0
0
0
0
0.28827679126538369
0.18358338847754663
0.16353442200987767
0
0.3008780689428518
0.64222551943559159
0.77829313105293574
0
0.14962721199826656
0.030161291512458527
0.50520303172541381
0.31076733884495378
0.8112032995806675
0.6561298367581857
0.53027678483080476
0.31096185701335871
0.65951895725046261
0.17692138273911609
0.84516708273204544
0
0
0.79834439387709255
0.75626112405003809
0.17482201134977662
0
0.97160619614961929
0
0
0.18192944673390057
0.13612520730951516
0.65694908962167564
0.70711618385380637
0.85562525484669982
0.13496896863014779
0.1786112681126506
0.95114382342328152
0
0.37300198733236578
0.70607660118596638
0.72939114293619389
0.52599064623136171
0
0.84276682550577098
0.4938276592523051
