0.9141368937510711
0.87596743085445172
0.27096623480562909
0
0
0
0.16465667083938859
0
0.50118688474148132
0
0
0.066108231550598265
0.18162689220194284
0
0.91479266438550977
0.77384199331794679
0
0
0.51433221271747054
0.79898129456560507
0
0.94252735642539753
0
0
0.053071697008518867
0.85780947365908777
0.065839787913523504
0.96458704870582779
0.96085130962475784
0
0
0.23494716481570113
0.064186429734895648
0.8634915361748714
0.79212202952639044
0
0.81675058448301319
0
0
0.5757681370129315
0
0.93511573021701933
0.66559317863718581
0.0088136723817498607
0
0.12456416903493632
0
0
0.8375100558498012
0.67410346510459607
0
0.53609703200461911
0
0
0
0
0.70540557137571858
0.46589984678006457
0.6987738125705536
0
0.2482715264213097
0.10449926482609256
0.81844014264811293
0
0.322905648223416
0.14117594267694092
0.22810335525478356
0.42149674476277432
0.49410117507863505
0.97808024925208825
0.7307875331474234
0.94183174737778141
0.68719088426189845
0.13650975204890589
0.65589450069529065
0
0
0.075710323216287109
0.097513116406852313
0.50241919589899475
0
0.54080522649790264
0
0
0.064244714252831861
0.28938575359835345
0.40197736230510783
0.25352819854809339
0.63671608311465966
0.73188253095783529
0.8688010611610002
0.21708183118466559
0
0.0086986463101482517
0.42366633961947786
0.33846836319804485
0.56547815043381078
0
0.9904436802949439
0.050764282247424929
