0.710074
0.436659
0.524308
0.000000
0.000000
0.000000
0.029366
0.000000
0.733392
0.000000
0.000000
0.415346
0.927536
0.000000
0.584980
0.210486
0.000000
0.000000
0.286093
0.427629
0.000000
0.351155
0.000000
0.000000
0.921683
0.279586
0.320036
0.881915
0.288281
0.000000
0.000000
0.085155
0.157249
0.287099
0.545074
0.000000
0.663056
0.000000
0.000000
0.793033
0.000000
0.222874
0.702497
0.186766
0.000000
0.877421
0.000000
0.000000
0.457178
0.668357
0.000000
0.053525
0.000000
0.000000
0.000000
0.000000
0.582038
0.318678
0.756502
0.000000
0.685457
0.357832
0.894666
0.000000
0.310601
0.230504
0.918598
0.145223
0.214120
0.249815
0.499305
0.846370
0.019218
0.312333
0.290444
0.000000
0.000000
0.588639
0.743089
0.522648
0.000000
0.791780
0.000000
0.000000
0.436481
0.621877
0.177714
0.924328
0.069786
0.465197
0.866865
0.793800
0.000000
0.413644
0.859761
0.199629
0.437106
0.000000
0.782889
0.569183
