0.069135634229997842
0.18921614890796543
0.59811841641108054
0
0
0
0.068490987692979788
0
0.30883815869226472
0
0
0.13915257072021223
0.75167563273196969
0
0.85028739748848692
0.90881819005728959
0
0
0.08888124546916161
0.89146763695216635
0
0.78202513222620185
0
0
0.55288579690703854
0.66667368630352852
0.33215491400212144
0.12783365048227563
0.40442821663644168
0
0
0.064957117041633511
0.91648974026718411
0.27142019191696598
0.72883825987637307
0
0.19413828379512396
0
0
0.090316448833152818
0
0.76167851689290744
0.34588853581101686
0.38756384402595806
0
0.60107427423518089
0
0
0.45494201122882361
0.12429454879084646
0
0.15440810502051189
0
0
0
0
0.36251391951234752
0.75351788558541855
0.96334005553474955
0
0.92676149384745843
0.18365545366820016
0.81033171331519016
0
0.9371385294326815
0.20936985629551874
0.086904543253047944
0.78447329894529405
0.77154413020484514
0.67628098347946108
0.70435964770122406
0.88718394551686841
0.64279292485831507
0.037882378679505231
0.17023914252816699
0
0
0.61292864506599409
0.39932692717798451
0.71520496129205358
0
0.32468554339620115
0
0
0.24273049357935608
0.17105889117368367
0.45772280904724738
0.93225547265883868
0.0023845782592442303
0.85716069691779295
0.86610463569963159
0.51425015028865217
0
0.16466098754789665
0.60627139829484256
0.10283264283994099
0.78880395034682604
0
0.80383891259989237
0.64203264362180978
