0.571623
0.436076
0.489413
0.417499
0.069136
0.710074
0.914137
0.885558
0.623195
0.930729
0.209464
0.841366
0.189216
0.436659
0.875967
0.415005
0.435277
0.944271
0.441012
0.382510
0.598118
0.524308
0.270966
0.694503
0.000000
0.000000
0.000000
0.000000
0.000000
0.000000
0.000000
0.000000
0.000000
0.000000
0.000000
0.000000
0.000000
0.000000
0.000000
0.000000
0.000000
0.000000
0.000000
0.000000
0.000000
0.000000
0.000000
0.000000
0.310652
0.738468
0.239389
0.351841
0.068491
0.029366
0.164657
0.054451
0.000000
0.000000
0.000000
0.000000
0.000000
0.000000
0.000000
0.000000
0.231666
0.896320
0.438376
0.822748
0.308838
0.733392
0.501187
0.405458
0.000000
0.000000
0.000000
0.000000
0.000000
0.000000
0.000000
0.000000
0.000000
0.000000
0.000000
0.000000
0.000000
0.000000
0.000000
0.000000
0.116736
0.093743
0.003523
0.077605
0.139153
0.415346
0.066108
0.238211
0.091555
0.407142
0.776325
0.997813
0.751676
0.927536
0.181627
0.456116
0.000000
0.000000
0.000000
0.000000
0.000000
0.000000
0.000000
0.000000
0.797504
0.341897
0.867392
0.146410
0.850287
0.584980
0.914793
0.664654
0.559569
0.852138
0.814618
0.395500
0.908818
0.210486
0.773842
0.311899
0.000000
0.000000
0.000000
0.000000
0.000000
0.000000
0.000000
0.000000
0.000000
0.000000
0.000000
0.000000
0.000000
0.000000
0.000000
0.000000
0.784527
0.953557
0.854571
0.618540
0.088881
0.286093
0.514332
0.116438
0.775719
0.185374
0.002637
0.182464
0.891468
0.427629
0.798981
0.107080
0.000000
0.000000
0.000000
0.000000
0.000000
0.000000
0.000000
0.000000
0.961002
0.684429
0.354160
0.641679
0.782025
0.351155
0.942527
0.343733
0.000000
0.000000
0.000000
0.000000
0.000000
0.000000
0.000000
0.000000
0.000000
0.000000
0.000000
0.000000
0.000000
0.000000
0.000000
0.000000
0.095895
0.292380
0.987461
0.380743
0.552886
0.921683
0.053072
0.478593
0.669497
0.276469
0.083388
0.128399
0.666674
0.279586
0.857809
0.354515
0.379479
0.233973
0.867610
0.939276
0.332155
0.320036
0.065840
0.089585
0.465687
0.263633
0.277154
0.246039
0.127834
0.881915
0.964587
0.964683
0.340926
0.827485
0.858544
0.537357
0.404428
0.288281
0.960851
0.985744
0.000000
0.000000
0.000000
0.000000
0.000000
0.000000
0.000000
0.000000
0.000000
0.000000
0.000000
0.000000
0.000000
0.000000
0.000000
0.000000
0.015266
0.567401
0.342491
0.064574
0.064957
0.085155
0.234947
0.362221
0.943456
0.783260
0.758253
0.926359
0.916490
0.157249
0.064186
0.244922
0.544870
0.397219
0.021397
0.397490
0.271420
0.287099
0.863492
0.954830
0.920804
0.923141
0.356374
0.622314
0.728838
0.545074
0.792122
0.579285
0.000000
0.000000
0.000000
0.000000
0.000000
0.000000
0.000000
0.000000
0.091867
0.358927
0.279734
0.757730
0.194138
0.663056
0.816751
0.802736
0.000000
0.000000
0.000000
0.000000
0.000000
0.000000
0.000000
0.000000
0.000000
0.000000
0.000000
0.000000
0.000000
0.000000
0.000000
0.000000
0.094855
0.065355
0.103457
0.063538
0.090316
0.793033
0.575768
0.899622
0.000000
0.000000
0.000000
0.000000
0.000000
0.000000
0.000000
0.000000
0.178168
0.270388
0.056598
0.718522
0.761679
0.222874
0.935116
0.446306
0.767810
0.440033
0.556295
0.980408
0.345889
0.702497
0.665593
0.790580
0.512850
0.273600
0.658047
0.898736
0.387564
0.186766
0.008814
0.101239
0.000000
0.000000
0.000000
0.000000
0.000000
0.000000
0.000000
0.000000
0.611761
0.920256
0.664883
0.207637
0.601074
0.877421
0.124564
0.541236
0.000000
0.000000
0.000000
0.000000
0.000000
0.000000
0.000000
0.000000
0.000000
0.000000
0.000000
0.000000
0.000000
0.000000
0.000000
0.000000
0.682008
0.969503
0.377887
0.282469
0.454942
0.457178
0.837510
0.431000
0.067378
0.426483
0.996926
0.119766
0.124295
0.668357
0.674103
0.840663
0.000000
0.000000
0.000000
0.000000
0.000000
0.000000
0.000000
0.000000
0.483797
0.738373
0.373589
0.168614
0.154408
0.053525
0.536097
0.413894
0.000000
0.000000
0.000000
0.000000
0.000000
0.000000
0.000000
0.000000
0.000000
0.000000
0.000000
0.000000
0.000000
0.000000
0.000000
0.000000
0.000000
0.000000
0.000000
0.000000
0.000000
0.000000
0.000000
0.000000
0.000000
0.000000
0.000000
0.000000
0.000000
0.000000
0.000000
0.000000
0.288277
0.601779
0.465730
0.795825
0.362514
0.582038
0.705406
0.023090
0.183583
0.074504
0.117417
0.085504
0.753518
0.318678
0.465900
0.182666
0.163534
0.232827
0.665080
0.090545
0.963340
0.756502
0.698774
0.961614
0.000000
0.000000
0.000000
0.000000
0.000000
0.000000
0.000000
0.000000
0.300878
0.121018
0.487455
0.971562
0.926761
0.685457
0.248272
0.384476
0.642226
0.296505
0.270849
0.158016
0.183655
0.357832
0.104499
0.611736
0.778293
0.339513
0.227291
0.551249
0.810332
0.894666
0.818440
0.951731
0.000000
0.000000
0.000000
0.000000
0.000000
0.000000
0.000000
0.000000
0.149627
0.367379
0.274279
0.478066
0.937139
0.310601
0.322906
0.647691
0.030161
0.093681
0.138136
0.241029
0.209370
0.230504
0.141176
0.978409
0.505203
0.998354
0.720405
0.609070
0.086905
0.918598
0.228103
0.449679
0.310767
0.077449
0.215620
0.677491
0.784473
0.145223
0.421497
0.112893
0.811203
0.596029
0.791612
0.982973
0.771544
0.214120
0.494101
0.583031
0.656130
0.830661
0.375664
0.455058
0.676281
0.249815
0.978080
0.974941
0.530277
0.747427
0.722234
0.455138
0.704360
0.499305
0.730788
0.918592
0.310962
0.878284
0.454544
0.780065
0.887184
0.846370
0.941832
0.805713
0.659519
0.898852
0.158027
0.531486
0.642793
0.019218
0.687191
0.910243
0.176921
0.206926
0.282181
0.219476
0.037882
0.312333
0.136510
0.214797
0.845167
0.016958
0.090861
0.130238
0.170239
0.290444
0.655895
0.530466
0.000000
0.000000
0.000000
0.000000
0.000000
0.000000
0.000000
0.000000
0.000000
0.000000
0.000000
0.000000
0.000000
0.000000
0.000000
0.000000
0.798344
0.834756
0.693082
0.034361
0.612929
0.588639
0.075710
0.192343
0.756261
0.554037
0.068132
0.753689
0.399327
0.743089
0.097513
0.835280
0.174822
0.354334
0.223509
0.298806
0.715205
0.522648
0.502419
0.497099
0.000000
0.000000
0.000000
0.000000
0.000000
0.000000
0.000000
0.000000
0.971606
0.788617
0.322947
0.388900
0.324686
0.791780
0.540805
0.188407
0.000000
0.000000
0.000000
0.000000
0.000000
0.000000
0.000000
0.000000
0.000000
0.000000
0.000000
0.000000
0.000000
0.000000
0.000000
0.000000
0.181929
0.333230
0.908225
0.660425
0.242730
0.436481
0.064245
0.543889
0.136125
0.717227
0.377972
0.798876
0.171059
0.621877
0.289386
0.971821
0.656949
0.515687
0.123727
0.207916
0.457723
0.177714
0.401977
0.088714
0.707116
0.239937
0.761905
0.632650
0.932255
0.924328
0.253528
0.726870
0.855625
0.745785
0.713818
0.448560
0.002385
0.069786
0.636716
0.768711
0.134969
0.795238
0.780855
0.533287
0.857161
0.465197
0.731883
0.914288
0.178611
0.447455
0.803950
0.932769
0.866105
0.866865
0.868801
0.822090
0.951144
0.889711
0.391940
0.632475
0.514250
0.793800
0.217082
0.609235
0.000000
0.000000
0.000000
0.000000
0.000000
0.000000
0.000000
0.000000
0.373002
0.643546
0.854180
0.618481
0.164661
0.413644
0.008699
0.637666
0.706077
0.532201
0.581482
0.806022
0.606271
0.859761
0.423666
0.167226
0.729391
0.701635
0.602684
0.784885
0.102833
0.199629
0.338468
0.438997
0.525991
0.363960
0.139868
0.060231
0.788804
0.437106
0.565478
0.379583
0.000000
0.000000
0.000000
0.000000
0.000000
0.000000
0.000000
0.000000
0.842767
0.471221
0.365644
0.827514
0.803839
0.782889
0.990444
0.936251
0.493828
0.216083
0.011965
0.008346
0.642033
0.569183
0.050764
0.052752
