0.835880
0.177329
0.602007
0.689474
0.893215
0.476323
0.022969
0.994119
0.590203
0.692519
0.845697
0.489513
0.734056
0.148182
0.000000
0.000000
0.966300
0.087399
0.155891
0.015109
0.457732
0.316837
0.126660
0.102920
0.468913
0.252379
0.591056
0.048581
0.873276
0.929934
0.074254
0.844232
0.914814
0.738763
0.895187
0.745334
0.615050
0.775172
0.677080
0.000000
0.516090
0.605222
0.000000
0.595098
0.254927
0.740391
0.000000
0.510059
0.386511
0.000149
0.033830
0.000000
0.000185
0.000000
0.196161
0.194367
0.662162
0.000000
0.773544
0.707716
0.688965
0.412460
0.635557
0.755028
0.170971
0.358554
0.358186
0.000000
0.181120
0.746032
0.135475
0.000000
0.000000
0.492294
0.000000
0.016974
0.357519
0.000939
0.770247
0.000000
0.000000
0.663298
0.000000
0.389835
0.000043
0.824948
0.953771
0.505614
0.000000
0.167437
0.861813
0.404691
0.324753
0.000000
0.493117
0.729504
0.949483
0.066552
0.000000
0.996292
