0.759767
0.021259
0.751584
0.489035
0.223296
0.733284
0.517422
0.382355
0.313460
0.221980
0.411912
0.567775
0.775032
0.120876
0.656345
0.954371
0.026258
0.547096
0.720536
0.109108
0.846905
0.973954
0.272602
0.809986
0.974905
0.908125
0.948182
0.756805
0.830674
0.954371
0.794633
0.290222
0.672491
0.842728
0.732141
0.835328
0.646667
0.819091
0.375644
0.503511
0.231989
0.517140
0.208065
0.502439
0.485356
0.334839
0.934882
0.208709
0.135652
0.539012
0.430398
0.469539
0.521570
0.857249
0.733924
0.267919
0.486254
0.474458
0.660658
0.708999
0.996533
0.813178
0.530126
0.205136
0.647301
0.867718
0.144662
0.976758
0.424900
0.919391
0.865260
0.195368
0.930684
0.646644
0.845919
0.298578
0.064570
0.960881
0.503511
0.907914
0.222831
0.011902
0.428327
0.617303
0.134940
0.751584
0.406390
0.029200
0.567419
0.092757
0.692343
0.962141
0.312749
0.631364
0.878806
0.605127
0.750666
0.295271
0.552991
0.055247
