0
0
5.5783955491181887e-186
0
0
4.7690694393883296e-186
4.1206654244665838e-173
0
0
0
1.8178720183978185e-119
6.5738710756947654e-142
1.9276007475826825e-123
4.9837977125311301e-184
3.103805407566993e-148
0
0
7.3288632883579935e-145
0
0
1.9264153330878076e-122
2.7056938064137663e-57
2.486305968204263e-93
2.6080532746287599e-177
4.9723316779232993e-12
5.6802143228554259e-160
4.5597919663778104e-115
5.9649303947126821e-154
1.5299613858607437e-95
0
0
1.9996553431183998e-123
0
3.1801557521405195e-166
8.7862244361743345e-87
0
8.5232328841817093e-309
2.2969233770982134e-62
7.8698403059604103e-103
9.4792429671276853e-49
1.5255631370354685e-75
5.0198654152461667e-86
2.2762616755058469e-209
3.2592426306012438e-156
4.3558239963092966e-11
1.1152964063554542e-60
3.9665140954614717e-84
2.5975255369241458e-27
3.1720987155383573e-145
1.1640091302338909e-74
6.2699744031631894e-160
0
0
0
1.6069935877649908e-107
0
0
3.5105249829847629e-125
1.7215133055828427e-65
7.5519241974701683e-300
3.4691860690931258e-281
2.2156001539083299e-269
9.1653005852926809e-59
6.4673758355051227e-60
6.3690921952713724e-286
6.712383931123375e-61
3.2609862021820403e-101
1.6111831254481821e-56
1.7983398580282433e-25
8.2358536700878634e-228
1.9825949749283725e-26
2.0939601479446568e-52
1.7414555761407757e-75
1.0106329779689698e-27
0
0
0
0
9.2341500052627919e-23
4.2545999156355751e-49
0
0
0
3.5107645957662843e-25
0
3.6222968510407504e-262
6.7164580968131163e-09
7.9530297581460552e-12
6.620370620049608e-30
5.8766623257720537e-18
2.7925482637452557e-133
1.080189119323391e-28
1.370044624783719e-39
5.0904302564758353e-84
2.1741118731491607e-56
6.2883795478128428e-119
3.5977056049163705e-281
1.9357647348013472e-297
0
0
4.0539187824503945e-309
0
0
3.2599668082703178e-303
2.6770789627341058e-21
2.0168533561682894e-32
0
0
9.4768173701526255e-307
5.3472595484597339e-263
1.2115851907181422e-177
7.6263682167395204e-47
6.8066362785262551e-22
6.4229829127677313e-93
3.3866211644043324e-99
1.575414132934714e-127
1.1218285057679839e-86
6.2984698860878643e-74
6.7750557407927541e-50
7.6019370107629099e-39
6.531580329862836e-09
8.0801639570878667e-73
1.5867820330722271e-11
1.7347384027917079e-94
0
3.817790160096189e-129
1.5071310107883123e-34
1.5211736656799958e-43
6.8948455823600779e-39
1.4443149715446412e-161
6.6144096511282475e-110
1.9478283518266788e-56
2.5738160668581103e-48
1.0567781899390571e-41
1.1009742587971129e-23
0
2.0178605906356757e-121
1.1518376218105094e-10
5.4631097685800361e-30
1.647662106310689e-77
8.4054827789040474e-37
1.7364345826005665e-59
3.762424784010194e-41
9.5944707220344641e-45
6.4587648969008432e-23
8.9858778918571641e-73
7.2401860916105417e-25
1.0106329779689698e-27
2.1692694840509334e-110
1.4770882077581283e-66
1.6723503729665486e-30
1.5671654857504754e-62
1.4644932423464722e-08
1.8438285576603134e-14
2.360068890412059e-14
1.2636594092358661e-54
1.425822483928976e-11
1.7475413694017551e-13
0.00037244809096341003
2.0447217801862839e-15
2.5558796790194122e-19
3.1228507412405755e-09
4.7954724555967631e-08
7.4721314122529894e-57
2.3604320603149427e-25
3.8877466073911011e-18
7.2410269933316525e-09
2.2992282113538169e-51
0.10145095806205622
0.010486359090151331
1.8707225773978129e-21
2.1953272158237675e-23
7.1762311999553839e-06
4.8996009212268603e-21
5.3644546922077034e-05
4.5874279290961204e-18
5.277247998681847e-34
5.2115144164281173e-115
6.4810226375560941e-12
1.8969854310922971e-07
0.00088484739786536069
1.0136617048795013e-07
0.0021183883442252058
1.3703314646017167e-08
2.9312639857005512e-19
8.5925695672362222e-14
2.7639832000078579e-13
2.0499002197390407e-19
6.5766085172068697e-29
5.1201411997978446e-111
1.3163715565567506e-07
0.019976061890180252
4.8373763948234517e-15
2.0173137996181665e-29
6.8299379743524129e-107
1.3585582064160633e-16
8.929306481808821e-97
1.6420495212780008e-99
2.1728910743392121e-102
1.0109496685223862e-276
5.2735623136960081e-23
4.3312745081152899e-13
0.013857331213249488
6.9731858611289948e-20
9.7389941477902245e-27
0.002436430028781422
0.0010342369490063616
2.7953171636769413e-50
1.6691999508769253e-10
0.029194132486006399
9.2514079314295388e-10
3.4056269681445313e-48
0.0069349734906897663
2.6726663721983938e-59
1.3223219773067538e-46
6.441493958708843e-165
0.0015988068213583081
1.2680079673477181e-13
1.2743639145133613e-31
1.1270717410085715e-141
2.4239419196992306e-119
2.6976410731882508e-268
2.1692694840509334e-110
7.6844925718858535e-16
1.215690372454177e-06
6.4865302185590107e-42
0.00048223901452517395
0.34218322258016409
1.5823242657487405e-21
9.1769740206061394e-32
4.8883865694610862e-20
1.2187152816440238e-25
1.8365400104963525e-05
9.132086036982909e-51
4.1700729536893812e-06
1.1844127633434123e-10
1.4160079689971481e-43
0.00076300091159357169
0.051079504631438698
6.8615147043709619e-18
5.1949560207027921e-54
3.3824975561459473e-07
5.1685796590552142e-79
4.0738697897085447e-96
2.916904004794526e-175
2.8261798311826923e-19
3.4483073080785059e-06
5.137862016581386e-05
1.5268761675348854e-06
1.8381797286403394e-05
4.2211698403346554e-30
2.4283285288969159e-14
0.097797746409636427
3.7808965925376865e-12
3.563970161619752e-30
1.3472648850217377e-10
4.1276466345178893e-09
0.012761273323629597
1.9158832472858827e-25
7.6083131010231173e-13
1.8739375252852859e-47
0.012504058275022524
3.4040242547331204e-05
7.9759121536272547e-64
3.7469644280334342e-19
1.1658825028271652e-93
2.2296197525261118e-168
1.9963347499427371e-06
6.5870351477032162e-05
0.13889983089261959
0.0014622182782675014
2.5509926722369595e-06
0.0503816236315765
8.2022573573977791e-29
1.8952246304234273e-07
7.71273329032686e-06
3.5474207875914356e-23
8.1106018981667474e-58
5.7617196485324432e-09
4.5221435334857725e-81
6.6778236037012438e-177
1.1715085650765562e-05
2.2088813419153903e-07
1.2588432519477489e-07
3.5496954673842804e-37
2.2554064163374866e-09
9.3615356436860231e-69
8.1596705897870396e-113
3.2406777409732329e-185
6.9754167296407479e-13
6.6926612560333348e-52
3.3533822888250052e-97
1.096983053448337e-201
2.9507232455783888e-78
1.7811988425634689e-222
2.6976410731882508e-268
6.9443569853321773e-90
5.2624681249429052e-192
6.6045247768774568e-105
2.1762455789823967e-153
9.3949260864467981e-180
1.0635237294287598e-51
5.7657214812757914e-73
2.8856439799998061e-31
1.9310666377509308e-266
1.1942556492392229e-48
0.00046356393526302307
0.15746127507638352
1.3648133504645134e-53
0.00015589945022587205
4.3592196034553631e-12
2.0776168736049617e-38
3.2425038866728901e-48
0.017882936415468904
2.2847303308899491e-10
1.4993637691995338e-15
1.4475302324642241e-93
5.4813307445487267e-82
5.8751423664638513e-108
5.3440365913536899e-06
8.7655418839241118e-48
2.1689347006187097e-104
1.3817711795342381e-12
1.2341917747020406e-129
6.7258492877787959e-137
8.656808235188004e-187
7.9773552376871838e-94
1.5527407350016166e-18
0.20169999722867402
2.3647002458640605e-48
2.3842416435017318e-43
1.5367575338394552e-88
4.2647784625300277e-69
1.5422924961021281e-184
8.8505381443677914e-217
6.7192444491527966e-235
1.3763919320794845e-243
3.1345501634168514e-282
6.3976971316307036e-37
1.6552095232603186e-56
6.0125872194812599e-210
5.0182636600604066e-205
1.3338224741417565e-285
1.3712267347086057e-218
0
0
0
0
4.9878391462984095e-128
1.6578204930333534e-46
0.0015290276830861702
3.6727755348844994e-19
6.6748177688604248e-26
2.9155769960170448e-75
1.2925411129848482e-68
8.0143133930147921e-141
0.00019080059102011911
9.7503067660973918e-58
4.2707963002712408e-237
2.705824447677135e-279
1.6289619746138988e-110
5.4452114181906264e-269
1.6346027764693865e-310
0
6.966676307220199e-15
4.5423855048612614e-120
1.8421577409258555e-271
0
0
0
6.9443569853321773e-90
0
3.3086568713862611e-179
6.640998134241939e-08
7.6806922073930409e-16
4.2282151932215659e-23
0.12575213352006581
9.2068345666705053e-67
0.019759728176904495
1.0279310054432479e-25
2.3204426744900381e-06
6.7566303814305054e-114
8.7462587212142937e-125
7.344633103280581e-224
1.6690694665029549e-24
9.7386789668374942e-16
3.6230381322263758e-57
2.4929981534735032e-195
1.2537648631579526e-89
1.6723749424597151e-161
2.7765409171173883e-253
0
9.8957225085601122e-90
2.3503879986730751e-76
4.3990904946499557e-135
2.2293046992420461e-52
0.47380403664800841
0.0089587019718320483
0.31373572118113813
2.2850806542817799e-21
2.3452460172420554e-43
7.7664535018229185e-40
5.2806706526771938e-49
1.9207921644789558e-44
1.7286084695629405e-08
1.1147620597189811e-92
6.2746645291531344e-155
5.9694470362633519e-217
8.9824711303797453e-184
1.9913915875026035e-44
1.1775409206506375e-118
1.0203952003989754e-272
8.0759287732235448e-215
0
1.5375887091246382e-208
4.5969109857906214e-100
4.4639192781962696e-32
0.11292142567985071
2.4583151632890256e-26
7.8756528725909216e-36
1.9505040348346163e-63
1.1110590485646508e-96
7.4287002421005747e-41
4.1551600760146794e-120
1.8508408402706765e-255
1.1954617555016727e-275
7.9570797045611986e-149
0
1.6663447488395482e-265
3.6959866913232583e-29
1.9901489715753053e-62
1.1497382141485751e-69
1.6486516658928312e-178
9.4581948373493587e-142
8.6497915447058202e-305
0
0
3.3832005249371181e-95
2.9491604577821252e-209
0
0
9.4797481163391726e-222
0
0
8.4368917381461977e-53
1.3338296803185115e-43
6.6967578266491245e-78
4.1894634666522721e-34
8.8753847015767476e-42
3.5208495552610291e-11
3.0563820496652071e-11
1.3092210769403954e-30
1.6514121970316414e-85
8.0987341622161585e-24
1.410561538737578e-26
0.010929809048582872
4.4117785800159177e-32
0.00029237682213348966
9.0530345183297411e-06
2.6600449127174467e-72
1.0311434512556609e-13
3.3755239593077373e-222
4.021573157484068e-06
1.6164112802091321e-46
6.32983879556243e-13
8.5421625335457453e-14
4.5864945409674835e-15
4.7201003168467474e-34
1.6752934743455462e-38
4.9718779032163402e-63
9.6119026574451343e-08
9.8290811682599498e-66
4.008174667955523e-100
2.7382964151618734e-213
3.9345401754070378e-18
6.5698818825953167e-147
0.00030543756593612965
3.3646859747182335e-12
4.5927580987090623e-13
1.7156185609942463e-92
1.8039491519501657e-35
3.3313316547264637e-104
1.0896490682899885e-173
3.7688786427475368e-158
4.8011962285878204e-130
3.8093622002451291e-210
6.6888818729118858e-54
2.7426390222294401e-68
1.6581583138921399e-162
4.0282609765284743e-142
4.6840070062301026e-202
7.5042683010514388e-122
3.8540243024644501e-186
2.940250133444101e-177
1.8746803140653941e-173
5.4976952585377469e-272
4.4806546012120747e-48
3.6318862369925196e-27
1.3822219615419834e-26
6.5574091835044013e-18
1.3092429634387755e-64
7.4430500589814137e-06
1.0467003882158798e-27
3.0476033703795431e-138
1.4713831650684515e-12
9.1857690374602585e-56
3.8160139549322976e-145
3.1909510350530657e-168
2.518397343751376e-41
9.4133515259048714e-183
2.8977098446662811e-181
2.1020051210497895e-228
3.675363124741032e-15
2.396206705854338e-110
1.3000127349458843e-186
3.8844079048970172e-249
3.4050592876592685e-204
5.6140443750888453e-292
8.4368917381461977e-53
5.7411421990149113e-188
6.8276155135607858e-85
2.7258924369671382e-59
1.0322531975540481e-70
0.0015468283648728514
4.7516110554437592e-34
2.0704321327083143e-65
2.1512398021315377e-07
1.2842525911550274e-11
2.9949801423821113e-19
3.7919807979963737e-100
2.8429174709125312e-74
1.8334866104610842e-155
1.1615721538024618e-85
0.00061311111766753235
3.796416295279009e-76
3.6216439515669452e-184
8.9454393479967635e-95
4.0110548083834857e-137
4.8744148655085376e-125
1.5051371774322062e-238
4.9746198251529647e-157
4.6091681184322962e-15
2.3906704041445602e-68
3.0409332819786522e-44
7.3888229324723695e-13
2.4426253122358611e-18
0.00012262470959759571
1.0845854029902503e-06
2.9051248727101322e-10
2.1580142345234571e-17
9.9561664327071236e-82
2.8444877488371367e-05
0.00067275667968822123
6.3954390687598597e-70
1.348214265586405e-138
7.4168534988445076e-179
3.2470834721926522e-126
3.7839462336994561e-79
2.7225129217390279e-158
5.8603322548778842e-121
1.3103035448098827e-175
5.0708917661591244e-208
1.0042116298921369e-175
4.2480957769659322e-37
1.3576557658616811e-31
1.2298772542463336e-07
6.0255269373333229e-17
0.0024255143320673451
0.0003002488309431811
2.586593738739449e-110
4.0578885345394075e-63
1.0287219514010716e-115
1.3963474262093532e-184
7.941750013433179e-138
1.1363206817817798e-183
9.5369410324280167e-198
3.6095641275910846e-199
1.7429523426552046e-33
3.6836553506629167e-38
1.0364767180003287e-30
2.3524482139415149e-136
6.5305366094495633e-157
1.1721293059517491e-205
9.9270490368868759e-196
5.4598453787316326e-240
2.7839606767141963e-61
4.3355194380202483e-179
2.0712402829250242e-208
8.785591216206915e-240
7.0917954840308548e-203
2.2642693784671931e-288
5.6140443750888453e-292
5.2120836433709028e-205
1.9372593662558193e-133
2.4500825140032321e-44
3.032782341216979e-155
2.1200081236750127e-118
2.7070836424896604e-45
6.8491584070569582e-17
8.0718705325841119e-187
1.1927140204830382e-106
4.8912017371091399e-53
2.3276486755704698e-19
0.00022594054884062344
1.3130649819527202e-29
0.00039823540331226589
1.0146958239043861e-22
2.9401892235674986e-185
7.9220559227199382e-67
3.9355333664790742e-31
4.3854751452894158e-92
9.6151422069842492e-44
8.037694405982771e-122
5.012074626808551e-49
1.8454021224696983e-10
5.1236451168783206e-31
6.322964526382851e-10
1.5277930369064616e-22
5.4387655458182709e-26
5.9187371629753705e-14
6.6976410516944223e-79
1.6120634529280966e-186
1.2805577568929132e-56
6.7670452788083552e-30
6.549044586826385e-111
1.4993354066052267e-17
6.1372719490937423e-17
2.1923701794563118e-105
0.0014688906886352639
1.1140321651427927e-62
1.1873220750205757e-85
3.6656896347860638e-108
1.6816659368393498e-34
4.1291620175222623e-16
3.9148884445022175e-17
4.108610618625192e-08
3.3504287426535595e-158
1.8130279330787895e-45
1.1552163690084699e-41
3.6789912967383197e-15
1.966089862581517e-56
2.9609669479012293e-36
4.9961613054080865e-42
1.1907270922097553e-227
6.4478591604214468e-74
8.4371021488475032e-126
1.1197555941431575e-26
9.5773418743831338e-164
2.9921312688524164e-31
0.00013663932595230741
4.3142192798664134e-06
4.5382520066442628e-84
3.1608522660997534e-24
7.2004517556134367e-27
8.2921980683748879e-150
2.2865509898876421e-87
1.309421032997726e-225
3.9337309304759435e-87
9.1881960847559215e-103
7.486800729212159e-13
0.10055141782055109
7.6023485233558682e-06
5.7806612327648147e-89
1.4399399802057955e-09
1.2837814048916569e-60
5.1512253703028589e-288
5.2120836433709028e-205
1.724304015521821e-126
1.2411240414555143e-170
2.7023431901898951e-125
1.4368737914631167e-10
4.0028562420052559e-49
2.142840234998154e-203
2.760257062003965e-55
1.3956792892196598e-177
0.081418948673862998
6.2196390705382134e-106
4.2239231980669253e-49
1.9369028706794139e-116
2.4441158410975007e-174
7.2406025589212554e-36
1.8295271529267638e-27
0.00029275301729647359
2.2574254775791541e-83
2.7406225068222439e-08
4.3748535385919934e-08
2.7605227782020261e-19
6.9584565703211817e-05
4.3393389887232199e-117
2.577710001686618e-12
1.3192380365791344e-58
9.3243603951817499e-73
3.4417342828190833e-57
1.0141641342563499e-55
8.6987453054158108e-08
8.6081852916572321e-10
1.218075649487089e-87
5.4531594039959346e-276
4.1179202040827699e-21
3.8062370070416009e-32
3.6048792033712223e-17
1.3413872725349228e-37
6.8375671433603961e-76
0
2.4195565567886024e-29
4.5503754046990466e-72
2.4557949509674723e-15
5.5141634139304184e-11
1.738802271695038e-40
0.0074323882465747648
3.7331114905129578e-126
2.9154209130446102e-60
2.0035975339737938e-98
7.349867072452026e-16
2.2806584063695203e-103
2.1017421968624449e-10
1.296851488824962e-90
1.901472040075198e-63
3.8276152867053326e-30
1.0125618383654113e-70
7.2086228910490966e-79
9.49541468330173e-24
1.7535400620569792e-13
0.92484639987801398
3.5803362253261729e-108
1.8405510654832321e-32
9.9591125529629105e-100
3.8206831795002038e-08
2.7045274715411585e-39
2.1765574098827871e-24
1.8337904944131613e-61
1.2627547706075483e-88
2.2048731109315479e-95
1.3685318442474947e-28
7.9940508794146309e-94
5.0543836359336422e-15
2.1682946246926905e-95
1.1672849290257799e-34
5.3224966595941205e-72
5.1512253703028589e-288
1.5443441578274717e-226
2.29435655274603e-72
3.863189445165434e-48
7.9413178206157189e-142
1.7802656012732612e-18
1.8414473482048806e-31
8.1450427340491865e-53
2.7341019170282867e-134
7.2546512031666022e-20
0.00049530663521524373
0.00022371371550069494
3.9914214865459579e-33
4.3418485407995106e-10
6.5110573205826408e-32
1.2872063496164011e-55
1.194494706561654e-149
9.1440693217809009e-07
3.6365790424886335e-11
1.347988368325571e-07
8.8444654628745432e-90
1.0840335249466821e-16
2.8954426383739623e-11
4.811800446301392e-21
0.044642953951139701
8.3443118462990495e-09
3.267978087806683e-45
1.3328449913256347e-12
3.8765368370887546e-19
2.0837891031166621e-46
2.1471288562530655e-132
2.6427870652896205e-11
2.012997196486954e-26
1.2446608659763075e-08
3.8655467750359717e-114
4.6705798934988082e-55
1.5068699969855287e-10
5.9488421774966202e-162
2.9505458833317368e-88
5.0597761427064311e-27
1.6875097751793029e-31
9.4848684547840068e-13
1.5635861405627884e-41
1.4490087827293285e-39
2.4320156288423474e-11
2.2255959023736429e-17
1.2216198476704727e-32
9.5264470724942243e-72
4.1488106401215571e-29
3.3786954370848703e-62
2.6158952724245907e-09
6.6370616223505537e-109
2.7274159227523269e-167
3.9180098245333355e-16
1.5362197814266807e-25
7.2129484085546592e-73
2.1729739514467903e-11
9.5701712550026966e-277
3.7763597013527344e-48
2.160437855950339e-126
6.0377980716146919e-12
4.2680862784242396e-210
2.0713229876420797e-100
1.6283956190763587e-223
6.6135337572100236e-29
5.1890105632901462e-254
8.0998134725775696e-07
1.3520443977059458e-13
5.4898753449135095e-32
7.1632156862170538e-24
1.7755010298864045e-09
9.0286400538379966e-06
1.2132648935038397e-80
1.682379829963676e-77
7.507801838716673e-219
1.5443441578274717e-226
3.5414714415477872e-13
7.9489633449692448e-19
7.440962945548539e-74
1.2117988748173175e-24
1.6834124064096138e-23
2.6512477293888224e-49
9.3178331705323143e-05
1.7091778983085e-05
1.0233109953902112e-10
2.211434238034655e-43
2.7184051372387074e-13
2.2223878984978621e-08
1.5829474252581628e-11
3.2296651286036082e-10
4.391903359621524e-31
1.0262688456799317e-10
3.5135781802270715e-23
1.3666926339415906e-13
4.0176199323615225e-12
4.4471575616883871e-06
3.0533359028116148e-43
1.3165918540662258e-41
7.1237164247778679e-29
1.0279246151606438e-06
1.35223640137043e-18
1.185811978653634e-235
3.1003534397619775e-33
6.4675995578605222e-254
6.6757125427011685e-114
5.4934362678107787e-76
4.4335091162021513e-99
4.6971581678905871e-22
7.2325144681633642e-15
8.39172620457227e-08
1.1288958632750114e-14
4.0250060203774928e-25
1.5008568365924341e-09
6.4243030349535036e-11
1.2439561319406179e-40
1.1150128966495219e-21
8.0512303217443792e-47
4.5406933246617567e-14
1.5714209860583819e-92
3.1695412186569657e-60
0.069951557369842723
0.0014382029926076467
0.014860292790884811
2.2557014531133215e-14
6.8502079243780569e-96
0.0060296497539270169
3.1449972024941719e-62
1.0027736735650608e-06
6.1270812023623562e-27
8.448476789362853e-21
6.8669935947323613e-26
1.5250983354958617e-05
9.4561367131252377e-65
9.3772437723234348e-83
0.0042709688774408882
8.0199138796955101e-13
1.6772775550863216e-07
1.0588985620283869e-91
6.7007701640795178e-05
3.0625849886541762e-46
1.2835965259251256e-66
3.978473341528536e-102
2.0247676710350744e-08
3.1243310421688503e-107
7.6626743637983441e-94
1.5715363563824832e-170
1.0609732008397603e-65
2.626445462286579e-161
7.507801838716673e-219
