0.637014
0.561348
0.362139
0.948958
0.867136
0.431216
0.327155
0.442602
0.910744
0.794593
0.822804
0.574644
0.467955
0.338945
0.063644
0.334005
0.814188
0.352035
0.051793
0.111114
0.076122
0.892929
0.768224
0.757913
0.343820
0.520300
0.336611
0.644588
0.116008
0.641527
0.180198
0.610447
0.602558
0.486709
0.376991
0.544330
0.881034
0.105673
0.355455
0.758314
0.349761
0.547782
0.705883
0.010890
0.933971
0.933473
0.954123
0.772512
0.552750
0.141573
0.423189
0.890341
0.018564
0.036535
0.137727
0.748672
0.073964
0.324119
0.102229
0.816178
0.899434
0.444319
0.086919
0.205365
0.353743
0.216561
0.736321
0.633737
0.543010
0.044824
0.340536
0.666593
0.868513
0.371664
0.490588
0.289876
0.250661
0.306067
0.520504
0.878089
0.381758
0.461853
0.896219
0.747607
0.398826
0.424492
0.880109
0.286044
0.814738
0.288567
0.503353
0.238960
0.835089
0.375148
0.451301
0.228799
0.633158
0.566292
0.187583
0.015551
