0.33430687929499953
0.32867692855462893
0.1166788213430482
0.95327890565074569
0.793347982275181
0.52264410349036927
0.81161257450898461
0.43943620750304202
0.79459357607738546
0.92124234774267855
0.26117083710904926
0.89733053942143992
0.52560093701275701
0.20647448052181352
0.26340170173378213
0.12106477005914303
0.91111306329560826
0.70837445001081689
0.093867615497677248
0.31151647955692685
0.066476360417889624
0.98484880029723765
0.30827178546706785
0.08987757687077616
0.19343407833817156
0.70116064241365095
0.088030888751048517
0.70405575995735559
0.074444902946412761
0.87337129934823687
0.15260930594907465
0.89308447079392972
0.53280716581615173
0.33693853334445328
0.33233855188840133
0.62586054459165674
0.911729235481751
0.13569939650903387
0.71593860020373856
0.27536333136877
0.35787095517859913
0.71278781625331322
0.49744753989625212
0.12705505025162311
0.84730832465760519
0.95783455765264869
0.97853366831896516
0.43238755914787452
0.30986044394693268
0.43203214213884
0.48676324894202883
0.99182572962327287
0.019385081233478152
0.32082243220532208
0.18660109376235473
0.75172709743261024
0.19501725623564611
0.15892322403085576
0.070397661373380466
0.18281269274662595
0.68067980103998882
0.18727753306567491
0.42833925792385164
0.22528581547948018
0.10346020986528616
0.44664803993284907
0.090052177146643472
0.77238398804076558
0.23646099651834934
0.14201887556214113
0.65322964117859583
0.49102156443405809
0.87356080594954122
0.22903146635975757
0.54108209627700798
0.15611038834614882
0.62682274344123701
0.16482693872125898
0.92754564077346824
0.97326149302508569
0.15041649973602639
0.10639393230806436
0.48885611901986042
0.77155892391540604
0.38496649518698745
0.82474651510140318
0.84510320838951736
0.45631634681233696
0.92278946609515089
0.32230931671454033
0.84248235260643756
0.53791779064046374
0.70986977921022176
0.80600447971719136
0.31644354292892618
0.5720617761374257
0.17348614461202949
0.16625768635214758
0.36803134489600642
0.054116848683482419
