0.63701368870956288
0.33430687929499953
0.56134799027816285
0.32867692855462893
0.36213859919113295
0.1166788213430482
0.94895785479364669
0.95327890565074569
0.86713556140575987
0.793347982275181
0.43121566690737706
0.52264410349036927
0.32715484923304039
0.81161257450898461
0.44260194812615083
0.43943620750304202
0.9107443905403626
0.79459357607738546
0.79459306278083597
0.92124234774267855
0.82280376970007352
0.26117083710904926
0.57464410570375835
0.89733053942143992
0.46795468350699931
0.52560093701275701
0.3389451501032934
0.20647448052181352
0.063644404219332928
0.26340170173378213
0.33400451215056831
0.12106477005914303
0.81418812124625617
0.91111306329560826
0.35203474351352287
0.70837445001081689
0.051792501300192563
0.093867615497677248
0.11111428985814931
0.31151647955692685
0.076122484829871995
0.066476360417889624
0.89292932320041241
0.98484880029723765
0.76822417157989742
0.30827178546706785
0.7579133555189288
0.08987757687077616
0.34381998998222912
0.19343407833817156
0.52030026411364494
0.70116064241365095
0.33661110005139083
0.088030888751048517
0.64458816941343655
0.70405575995735559
0.11600767199577904
0.074444902946412761
0.64152660809461259
0.87337129934823687
0.18019786272074276
0.15260930594907465
0.61044690305474036
0.89308447079392972
0.60255843472837589
0.53280716581615173
0.48670904012206512
0.33693853334445328
0.37699140880132354
0.33233855188840133
0.54433037818236607
0.62586054459165674
0.88103372378837286
0.911729235481751
0.10567251685361992
0.13569939650903387
0.35545480332130192
0.71593860020373856
0.75831443755085726
0.27536333136877
0.34976140556721608
0.35787095517859913
0.54778171599501446
0.71278781625331322
0.70588311873084497
0.49744753989625212
0.010889951118348489
0.12705505025162311
0.93397084398579844
0.84730832465760519
0.93347264603917945
0.95783455765264869
0.95412330538287571
0.97853366831896516
0.77251219616244327
0.43238755914787452
0.55274956628027272
0.30986044394693268
0.14157297860660198
0.43203214213884
0.42318946244302336
0.48676324894202883
0.89034116623717885
0.99182572962327287
0.018563912602002082
0.019385081233478152
0.036534988892643873
0.32082243220532208
0.13772676484825819
0.18660109376235473
0.74867226242355311
0.75172709743261024
0.073963531999225188
0.19501725623564611
0.32411898090250579
0.15892322403085576
0.10222936978949514
0.070397661373380466
0.81617788837857697
0.18281269274662595
0.8994343401517817
0.68067980103998882
0.44431942626594823
0.18727753306567491
0.0869188301353052
0.42833925792385164
0.20536468599214827
0.22528581547948018
0.35374327744654799
0.10346020986528616
0.21656097022433204
0.44664803993284907
0.73632068295109443
0.090052177146643472
0.63373725759886956
0.77238398804076558
0.54300989139159439
0.23646099651834934
0.044823923178723857
0.14201887556214113
0.34053589433483678
0.65322964117859583
0.66659256190013849
0.49102156443405809
0.86851307040508274
0.87356080594954122
0.37166424660575997
0.22903146635975757
0.49058783524142058
0.54108209627700798
0.2898756911132459
0.15611038834614882
0.25066129932235548
0.62682274344123701
0.30606741740028665
0.16482693872125898
0.52050431218058235
0.92754564077346824
0.87808932063792622
0.97326149302508569
0.38175759577035034
0.15041649973602639
0.46185344513885912
0.10639393230806436
0.89621864664942708
0.48885611901986042
0.74760682420989311
0.77155892391540604
0.39882563131504434
0.38496649518698745
0.42449158707714696
0.82474651510140318
0.88010936359433789
0.84510320838951736
0.28604392061389289
0.45631634681233696
0.81473834454622618
0.92278946609515089
0.28856667808161635
0.32230931671454033
0.50335272188912539
0.84248235260643756
0.23895982724184622
0.53791779064046374
0.83508856786264185
0.70986977921022176
0.37514836515485006
0.80600447971719136
0.45130117372576811
0.31644354292892618
0.22879914780311347
0.5720617761374257
0.63315805799524538
0.17348614461202949
0.56629231201342822
0.16625768635214758
0.18758323036731109
0.36803134489600642
0.0155512644217684
0.054116848683482419
