0.9326623550092199
0.71861421812643023
0.38168665936713547
0.80996453914608124
0.053036680466795653
0.31609580904941353
0.028097463362880642
0.84799133388967385
0.53407142226723636
0.092602024449740208
0.91792433229975989
0.90715537363481491
0.35975498854690846
0.36132871807735212
0.94080985192130995
0.028090743618077122
0.31729608476610199
0.13725684433576538
0.39454812828005148
0.57025239264065597
0.79953362337280454
0.56770901767114057
0.37996329261722284
0.90610193411347661
0.066201226485299358
0.44384207339794368
0.5352654614081207
0.55479092046707268
0.64956090824210089
0.5143637369953431
0.74466325506341136
0.26862164487241913
0.047803552177666311
0.19248121980711511
0.84118760801971171
0.0086436144331717979
0.62203501947121076
0.37371349033900203
0.94713346097120266
0.14454846421603193
0.91438880528432465
0.38455242053254118
0.056651119373233964
0.89633740151413388
0.19530749190352834
0.75523505264116086
0.37622276148269235
0.075647360252909218
0.65117243931795277
0.83679071129386617
0.68172011391485032
0.42367958817354923
0.39689480444433034
0.89917032917768036
0.76525523820513364
0.58657463179308134
0.50285721607953049
0.53258410999401318
0.75102976279350875
0.86538668497885385
0.73196186462375357
0.88195822665105172
0.35455206602877543
0.66152656972319535
0.69333638789886698
0.59472901086610397
0.20908444703458604
0.33787497898966318
0.66336573104957552
0.23826285532960059
0.37026818467144679
0.84209828877951165
0.95041144005688838
0.65717996629047937
0.13525005566412854
0.10273001298594875
0.98096062790937555
0.11638754033133637
0.50635465795650092
0.4010208337346356
0.15116253357051326
0.65541658861459684
0.45522667462336436
0.99992722972996095
0.87457176814249649
0.97262576124832378
0.98885582960846152
0.45668663423168454
0.57411745998758623
0.064885543900350395
0.71876956999641661
0.69985701883037432
0.56371902223249593
0.11781810865163735
0.89289644597988405
0.46430330891871591
0.10394878260273754
0.88696230113746521
0.97453727926092604
0.31347002382804479
