0.641050
0.037748
0.172910
0.832629
0.875153
0.698838
0.416096
0.364636
0.108168
0.053479
0.488375
0.420374
0.424600
0.479550
0.485306
0.861027
0.929452
0.054150
0.166873
0.845340
0.398694
0.477769
0.012652
0.719941
0.659609
0.607879
0.231211
0.115416
0.821023
0.915482
0.787271
0.195944
0.523769
0.848665
0.960158
0.853851
0.268343
0.182942
0.593083
0.195197
0.409592
0.546849
0.018532
0.608184
0.779747
0.204778
0.627113
0.754830
0.707948
0.046198
0.744621
0.581090
0.070133
0.698433
0.404706
0.965612
0.644059
0.153039
0.363167
0.826922
0.553370
0.152307
0.602164
0.101135
0.166843
0.442491
0.610981
0.506516
0.725399
0.478396
0.100980
0.350747
0.204838
0.235239
0.077812
0.567225
0.859489
0.188959
0.430378
0.052796
0.973480
0.660314
0.015987
0.658841
0.818865
0.498344
0.686649
0.565259
0.665511
0.387003
0.870498
0.860802
0.033452
0.680099
0.349126
0.069611
0.139565
0.853714
0.784514
0.100881
