0.10883038521201403
0.10242606855753128
0.90600531754624869
0.43310023127837372
0.73356215720533302
0.1660510491864565
0.78422924546537809
0.8877927603264919
0.37043008146872869
0.51647784566597399
0.56469498421646125
0.05027016162649673
0.81171493888142621
0.6289042934582163
0.18325190625236315
0.7826812817328278
0.60939254475257809
0.34253306405629419
0.48069649239745982
0.68678603759806989
0.20596100322542504
0.93264256777605925
0.87471259570745863
0.37270999916917713
0.82723132203406213
0.91467279176503635
0.62553047218155378
0.47192491774589873
0.31011776336134966
0.81658551159350623
0.67491695394604201
0.12154701708790584
0.45643242651286065
0.071408969366353367
0.66789741971360894
0.24799319451601071
0.58747584251661289
0.041495390460861002
0.0065843717530931099
0.32888996791624636
0.84657872960974134
0.70935038872288725
0.062113826859433119
0.99286911042944392
0.6600183582906729
0.1958108231345784
0.99195691807341679
0.71018870135779921
0.44828681228854672
0.9578597835809527
0.31106567943206354
0.4323134858499712
0.89912227404990741
0.21314335110309771
0.70171489155954581
0.66816244534829239
0.71774417068504759
0.42188119592765377
0.18101281177881304
0.23093943090328442
0.69624848559086061
0.30967037205590719
0.46881437491221389
0.99289517884377665
0.69860314001014756
0.18138682975630877
0.9157165067917874
0.15466889598500691
0.66774738849901816
0.63405010818465346
0.37269424990397432
0.022938366422886484
0.72627157970760603
0.58223654094937372
0.29931393736991291
0.6252043700129144
0.57923825305011523
0.66060055835104592
0.43149243686732841
0.50750800088190151
0.21232032532588588
0.095020823690699849
0.80085758146680242
0.87030714919764207
0.26129943340465478
0.7383060937370709
0.60787047207091027
0.78509621163188215
0.5988858540001174
0.61333117784115965
0.8465035263866495
0.17629406344845977
0.85922413294057054
0.030246975517510395
0.72953828377805263
0.45285985036459953
0.10530904577877742
0.39119705600902099
0.4260204534762887
0.028410770213302287
