0.156529
0.292802
0.100501
0.965647
0.972564
0.837510
0.661452
0.635884
0.855159
0.973617
0.673867
0.138748
0.479359
0.527453
0.446789
0.028223
0.014063
0.958823
0.948940
0.448475
0.601210
0.118662
0.854276
0.230998
0.368190
0.119934
0.861623
0.652056
0.683388
0.048813
0.873492
0.141412
0.131278
0.627839
0.600585
0.438083
0.599367
0.308744
0.030699
0.113917
0.695443
0.196416
0.900306
0.313105
0.072361
0.480222
0.586979
0.669540
0.262551
0.914270
0.709333
0.092411
0.807468
0.048623
0.878022
0.679001
0.431988
0.916638
0.384182
0.164711
0.840614
0.926439
0.657067
0.867411
0.753688
0.953638
0.241876
0.795607
0.479329
0.037259
0.885556
0.524569
0.675511
0.348184
0.894719
0.904132
0.814511
0.526923
0.274010
0.641523
0.631246
0.307694
0.887886
0.977990
0.551206
0.250960
0.299284
0.981944
0.372966
0.619676
0.692086
0.127471
0.833567
0.482265
0.684830
0.703174
0.671574
0.659558
0.741909
0.117487
