0.083126
0.461699
0.131265
0.513061
0.021421
0.360228
0.976348
0.407674
0.076702
0.811985
0.482768
0.899882
0.826321
0.141942
0.943352
0.974736
0.549339
0.916101
0.548218
0.579545
0.940615
0.919115
0.624522
0.570189
0.662041
0.793297
0.071627
0.897841
0.089979
0.299502
0.839279
0.843430
0.763508
0.481795
0.573692
0.472784
0.741889
0.014683
0.227109
0.389644
0.417115
0.991955
0.617636
0.432320
0.175359
0.156837
0.040200
0.068953
0.529405
0.225507
0.266043
0.706398
0.422484
0.622705
0.707224
0.083451
0.549655
0.801126
0.716212
0.692706
0.817869
0.237661
0.184979
0.011845
0.228447
0.671461
0.238056
0.488049
0.286888
0.069074
0.928877
0.253521
0.106984
0.435081
0.292015
0.718766
0.326168
0.443203
0.430321
0.869054
0.385413
0.911278
0.266963
0.545030
0.828453
0.230103
0.312571
0.874391
0.624642
0.671291
0.521572
0.017151
0.544018
0.817142
0.501535
0.726707
0.355266
0.301639
0.773096
0.612551
