0.785988
0.636868
0.045214
0.853924
0.170531
0.522005
0.317245
0.734939
0.292179
0.604230
0.700271
0.435867
0.083639
0.960213
0.881438
0.952479
0.341828
0.220729
0.794773
0.517520
0.542997
0.824167
0.186155
0.650714
0.307299
0.380900
0.467799
0.504156
0.248592
0.724449
0.443446
0.818430
0.348801
0.090911
0.358429
0.943594
0.416692
0.479534
0.748688
0.269486
0.579513
0.149540
0.972340
0.206162
0.790879
0.412997
0.425571
0.941930
0.386134
0.493684
0.539223
0.691919
0.969022
0.800039
0.241259
0.041861
0.018413
0.489197
0.378339
0.316714
0.303464
0.287416
0.432037
0.511039
0.191917
0.905912
0.828829
0.127971
0.293803
0.083147
0.050877
0.404085
0.067103
0.623227
0.846026
0.941605
0.775711
0.704365
0.169779
0.792615
0.089627
0.583623
0.453323
0.345583
0.963649
0.608377
0.112410
0.555683
0.357685
0.712992
0.827800
0.525293
0.950922
0.527285
0.144253
0.124440
0.384514
0.930080
0.427822
0.800321
