0.268253
0.472062
0.085120
0.287459
0.384964
0.474414
0.723326
0.795817
0.884469
0.528055
0.090785
0.276132
0.167976
0.323572
0.614652
0.692331
0.377531
0.722386
0.145626
0.093402
0.112524
0.321182
0.376190
0.351375
0.611935
0.279333
0.853792
0.619191
0.344422
0.322375
0.218308
0.189048
0.720507
0.452752
0.991200
0.761715
0.208323
0.165836
0.227295
0.145626
0.956723
0.954761
0.312340
0.260041
0.499167
0.754256
0.214793
0.151796
0.476775
0.324171
0.907450
0.871051
0.311174
0.791256
0.621010
0.225929
0.163367
0.358432
0.345050
0.695145
0.088651
0.106472
0.823636
0.432499
0.128627
0.080924
0.677353
0.682964
0.587720
0.389063
0.665229
0.525541
0.643918
0.371526
0.681092
0.911652
0.765435
0.979692
0.387010
0.563100
0.785761
0.486291
0.380222
0.746778
0.252520
0.529735
0.526378
0.343168
0.282022
0.202842
0.186693
0.588609
0.362324
0.238935
0.391812
0.716748
0.763576
0.362976
0.570955
0.753323
0.418624
0.395269
0.698899
0.311174
0.766364
0.550134
0.696084
0.906031
0.505683
0.588609
0.070757
0.096083
0.148198
0.175643
0.724265
0.255008
0.508140
0.225021
0.988491
0.854630
0.993847
0.981195
0.982343
0.751454
0.504866
0.615559
0.456571
0.387010
0.173057
0.162318
0.344422
0.115392
0.938537
0.802172
0.458105
0.613746
0.900991
0.954263
0.453514
0.837613
0.814758
0.495120
0.782085
0.851271
0.287459
0.535640
0.981486
0.885241
0.301972
0.258018
0.266181
0.462727
0.728962
0.939119
0.789427
0.550993
0.979071
0.968293
0.481518
0.340050
0.108209
0.318214
0.349469
0.460412
0.945889
0.683899
0.238935
0.621010
0.751454
0.943678
0.841060
0.607419
0.035673
0.029538
0.417182
0.360374
0.507320
0.461183
0.932558
0.921120
0.147229
0.507320
0.075051
0.046415
0.006054
0.010157
0.621010
0.975437
0.612840
0.590389
0.921120
0.554438
0.095407
0.086974
0.463500
0.432499
0.398050
0.683899
0.024560
0.017077
