0.847187
0.985357
0.094890
0.485538
0.474129
0.652959
0.804313
0.225775
0.912315
0.037243
0.985357
0.727306
0.818546
0.312769
0.291282
0.430001
0.171526
0.414088
0.163062
0.748072
0.192547
0.038087
0.854380
0.378341
0.783087
0.266839
0.373394
0.934178
0.171526
0.544742
0.354010
0.963403
0.970719
0.089569
0.457296
0.840006
0.393423
0.588217
0.526611
0.116601
0.607328
0.358795
0.087849
0.180314
0.274825
0.186356
0.177348
0.003521
0.474129
0.222279
0.270812
0.208682
0.424658
0.100462
0.797221
0.243844
0.776046
0.349265
0.727306
0.556999
0.526611
0.430001
0.198887
0.912315
0.358795
0.811422
0.905041
0.029641
0.118754
0.646355
0.713570
0.652959
0.776046
0.142033
0.446263
0.897775
0.007576
0.321648
0.832839
0.186356
0.948782
0.163062
0.317188
0.970719
0.446263
0.985357
0.706737
0.011024
0.106292
0.259014
1.000000
0.232884
0.963403
0.666249
0.502925
0.544742
0.408863
0.069221
0.195698
0.854380
