0.322174
0.153292
0.902899
0.937828
0.673025
0.203373
0.237206
0.933056
0.551175
0.151002
0.278365
0.969688
0.385394
0.797951
0.971282
0.145393
0.674485
0.718847
0.241197
0.144841
0.996808
0.198443
0.776410
0.154446
0.825871
0.684743
0.420243
0.564615
0.206949
0.473991
0.055111
0.655597
0.093347
0.591959
0.346193
0.427195
0.378859
0.506690
0.758082
0.362823
0.738380
0.414500
0.677410
0.449649
0.166972
0.298340
0.261013
0.402031
0.631227
0.843045
0.245235
0.394214
0.528695
0.810330
0.568678
0.076395
0.153868
0.531315
0.654153
0.808780
0.952156
0.739889
0.419091
0.470294
0.147059
0.197746
0.860294
0.383208
0.931466
0.664288
0.565968
0.937828
0.353408
0.860294
0.934647
0.389789
0.791780
0.794864
0.976067
0.841481
0.604458
0.397553
0.752003
0.583692
0.810330
0.492713
0.024832
0.274833
0.953749
0.985639
0.333044
0.080464
0.005537
0.652710
0.486429
0.675947
0.290968
0.339072
0.454460
0.013587
