0.658170
0.295438
0.164718
0.335058
0.478761
0.320378
0.101147
0.768165
0.698035
0.392266
0.759580
0.826489
0.012637
0.592037
0.736470
0.219079
0.136826
0.601813
0.918868
0.876908
0.214741
0.426476
0.725095
0.400176
0.216749
0.148664
0.232400
0.537947
0.901259
0.189321
0.310534
0.497406
0.333718
0.821058
0.173275
0.369346
0.852687
0.430628
0.000580
0.181651
0.185826
0.629999
0.470768
0.870796
0.865354
0.916987
0.588949
0.154861
0.899531
0.578708
0.858018
0.613477
0.809501
0.326859
0.698969
0.201005
0.037370
0.507124
0.265965
0.008427
0.983877
0.644270
0.345406
0.265756
0.190964
0.231101
0.906112
0.000038
0.114604
0.429544
0.269470
0.395358
0.343336
0.467969
0.076506
0.375005
0.276973
0.375096
0.240993
0.587834
0.107174
0.012199
0.805858
0.469833
0.217640
0.322954
0.381351
0.669095
0.436575
0.540786
0.290020
0.725620
0.286700
0.573685
0.782572
0.434284
0.860014
0.209402
0.235774
0.886064
