0.865559
0.410830
0.738429
0.999053
0.956060
0.673441
0.648485
0.618568
0.843191
0.392063
0.433447
0.775520
0.908204
0.151253
0.381755
0.880028
0.719590
0.114511
0.547686
0.315899
0.295106
0.630495
0.608523
0.540097
0.923816
0.612524
0.271662
0.339750
0.962784
0.854991
0.781024
0.127937
0.308504
0.290028
0.658649
0.164240
0.124177
0.000341
0.303989
0.232186
0.742412
0.065023
0.303105
0.556974
0.789957
0.987567
0.169386
0.139332
0.597820
0.050334
0.608463
0.164382
0.244684
0.548743
0.625356
0.953715
0.817856
0.222378
0.090622
0.547379
0.112292
0.922504
0.484380
0.935456
0.623024
0.013650
0.176619
0.435147
0.394023
0.256364
0.707432
0.658960
0.859340
0.500189
0.183834
0.054640
0.216822
0.707542
0.392459
0.551463
0.209239
0.691807
0.149784
0.838236
0.513001
0.587654
0.743905
0.448287
0.601057
0.669860
0.453649
0.084370
0.299194
0.955265
0.955178
0.176500
0.195192
0.039296
0.709676
0.251100
