0.145541
0.675292
0.716274
0.503881
0.960126
0.064033
0.798084
0.994255
0.434440
0.870992
0.096884
0.906701
0.019861
0.141001
0.107937
0.131465
0.318523
0.219824
0.228033
0.923749
0.428015
0.049614
0.908935
0.494359
0.992280
0.008178
0.475472
0.301018
0.774994
0.486277
0.293959
0.416143
0.797078
0.341219
0.236371
0.332664
0.973506
0.140490
0.075749
0.131285
0.138074
0.993342
0.536645
0.969176
0.586316
0.934969
0.591346
0.440594
0.582669
0.100479
0.313653
0.831588
0.125068
0.827363
0.920744
0.256339
0.580240
0.611840
0.592047
0.274256
0.047866
0.501865
0.709338
0.524790
0.853011
0.469027
0.137443
0.043253
0.917749
0.478362
0.757872
0.508296
0.524241
0.597876
0.657735
0.040943
0.782485
0.150778
0.971305
0.879638
0.238055
0.299576
0.484121
0.929347
0.190189
0.338607
0.579273
0.437696
0.071352
0.836083
0.168914
0.587236
0.785457
0.434681
0.895235
0.639460
0.762406
0.517104
0.109757
0.467981
