0.462754
0.235458
0.201778
0.425889
0.206081
0.951737
0.075713
0.444748
0.000000
0.000000
0.000000
0.000000
0.000000
0.000000
0.000000
0.000000
0.420098
0.514960
0.355540
0.977833
0.457898
0.225750
0.114689
0.093079
0.464326
0.721214
0.767745
0.772998
0.985102
0.940954
0.848358
0.864557
0.379786
0.276796
0.392672
0.248441
0.500082
0.264805
0.547624
0.208231
0.252185
0.955109
0.799766
0.966300
0.940482
0.804559
0.778504
0.856719
0.864327
0.428211
0.819266
0.790461
0.588678
0.282288
0.228311
0.865787
0.072089
0.459237
0.086878
0.076669
0.447726
0.590787
0.356950
0.199381
0.906540
0.811206
0.546425
0.772667
0.844104
0.661329
0.971022
0.881259
0.436063
0.129869
0.192115
0.598129
0.798239
0.789269
0.731451
0.036812
0.146163
0.079699
0.273031
0.080271
0.103273
0.174976
0.919418
0.201037
0.000000
0.000000
0.000000
0.000000
0.000000
0.000000
0.000000
0.000000
0.806409
0.674397
0.763207
0.638079
0.239631
0.842422
0.878775
0.788314
0.456941
0.292634
0.896744
0.789805
0.605481
0.408140
0.244970
0.019423
0.249198
0.575164
0.569154
0.323368
0.576888
0.879106
0.708753
0.757999
0.154713
0.535335
0.128023
0.038270
0.581712
0.547073
0.678932
0.973977
0.690173
0.071636
0.782303
0.384341
0.674839
0.141111
0.505305
0.794122
0.574962
0.603454
0.503260
0.250305
0.340597
0.270341
0.515787
0.340746
0.000000
0.000000
0.000000
0.000000
0.000000
0.000000
0.000000
0.000000
0.875738
0.747037
0.476356
0.501103
0.538791
0.235761
0.946306
0.115187
0.664540
0.586639
0.773352
0.106310
0.288632
0.126870
0.496499
0.726126
0.241547
0.605122
0.341321
0.700842
0.518273
0.429407
0.344193
0.755875
0.124568
0.263545
0.177191
0.102710
0.788680
0.234874
0.428316
0.985844
0.000000
0.000000
0.000000
0.000000
0.000000
0.000000
0.000000
0.000000
0.000000
0.000000
0.000000
0.000000
0.000000
0.000000
0.000000
0.000000
0.491745
0.016275
0.207522
0.612379
0.798339
0.876217
0.573809
0.526578
0.000000
0.000000
0.000000
0.000000
0.000000
0.000000
0.000000
0.000000
0.000000
0.000000
0.000000
0.000000
0.000000
0.000000
0.000000
0.000000
0.000000
0.000000
0.000000
0.000000
0.000000
0.000000
0.000000
0.000000
0.000000
0.000000
0.000000
0.000000
0.000000
0.000000
0.000000
0.000000
0.000000
0.000000
0.000000
0.000000
0.000000
0.000000
0.000000
0.000000
0.000000
0.000000
0.000000
0.000000
0.000000
0.000000
0.000000
0.000000
0.583007
0.135298
0.307885
0.655822
0.014709
0.706656
0.099822
0.092799
0.000000
0.000000
0.000000
0.000000
0.000000
0.000000
0.000000
0.000000
0.000000
0.000000
0.000000
0.000000
0.000000
0.000000
0.000000
0.000000
0.761638
0.466094
0.868989
0.705460
0.491846
0.128732
0.311691
0.971556
0.283398
0.306429
0.482099
0.772059
0.614386
0.509264
0.393504
0.156650
0.000000
0.000000
0.000000
0.000000
0.000000
0.000000
0.000000
0.000000
0.000000
0.000000
0.000000
0.000000
0.000000
0.000000
0.000000
0.000000
0.807098
0.980801
0.974552
0.562447
0.117300
0.028685
0.393718
0.900110
0.400799
0.752079
0.184713
0.389509
0.584101
0.118322
0.740832
0.854377
0.000000
0.000000
0.000000
0.000000
0.000000
0.000000
0.000000
0.000000
0.000000
0.000000
0.000000
0.000000
0.000000
0.000000
0.000000
0.000000
0.000000
0.000000
0.000000
0.000000
0.000000
0.000000
0.000000
0.000000
0.892000
0.984507
0.979902
0.281154
0.237542
0.394854
0.316048
0.403807
0.000000
0.000000
0.000000
0.000000
0.000000
0.000000
0.000000
0.000000
0.000000
0.000000
0.000000
0.000000
0.000000
0.000000
0.000000
0.000000
0.000000
0.000000
0.000000
0.000000
0.000000
0.000000
0.000000
0.000000
0.000000
0.000000
0.000000
0.000000
0.000000
0.000000
0.000000
0.000000
0.133186
0.466389
0.393186
0.896589
0.893214
0.464523
0.664399
0.984267
0.026508
0.000654
0.178820
0.668966
0.970655
0.849935
0.695675
0.817954
0.478522
0.834878
0.628350
0.687776
0.347211
0.263296
0.825929
0.133586
0.541378
0.175917
0.202378
0.509288
0.138741
0.387555
0.802766
0.262116
0.102184
0.622605
0.836405
0.303628
0.817004
0.804985
0.573872
0.818446
0.088792
0.700917
0.470637
0.597913
0.644990
0.914947
0.956263
0.853316
0.684486
0.590915
0.118878
0.714814
0.367335
0.393936
0.724272
0.483756
0.000000
0.000000
0.000000
0.000000
0.000000
0.000000
0.000000
0.000000
0.913619
0.776392
0.961736
0.828761
0.891168
0.577678
0.590751
0.743772
0.000000
0.000000
0.000000
0.000000
0.000000
0.000000
0.000000
0.000000
0.639235
0.809113
0.471726
0.059169
0.442637
0.804018
0.726340
0.211733
0.646579
0.980625
0.930943
0.862600
0.666534
0.947612
0.617884
0.739177
0.181395
0.529951
0.410193
0.487077
0.059466
0.146033
0.377413
0.766139
0.529481
0.514217
0.890608
0.720982
0.963735
0.326820
0.817372
0.484823
0.468886
0.144217
0.426022
0.654742
0.190805
0.589414
0.633118
0.728854
0.000000
0.000000
0.000000
0.000000
0.000000
0.000000
0.000000
0.000000
0.675079
0.847577
0.919243
0.363027
0.471858
0.679678
0.690285
0.552097
0.712303
0.921994
0.420563
0.683746
0.602107
0.502528
0.500774
0.435797
0.258630
0.739435
0.635387
0.145588
0.358802
0.507926
0.600609
0.130388
0.320594
0.267172
0.564894
0.587664
0.295068
0.996376
0.672044
0.786281
0.349266
0.140595
0.298752
0.509024
0.667872
0.697568
0.366620
0.121913
0.000000
0.000000
0.000000
0.000000
0.000000
0.000000
0.000000
0.000000
0.963778
0.327338
0.351082
0.801221
0.377741
0.430188
0.222802
0.153068
0.000000
0.000000
0.000000
0.000000
0.000000
0.000000
0.000000
0.000000
0.389777
0.279287
0.113386
0.530296
0.751447
0.281588
0.214727
0.263350
0.401835
0.860623
0.784447
0.457554
0.599123
0.865921
0.900193
0.897084
0.905261
0.284063
0.258451
0.098181
0.477622
0.667805
0.638815
0.668490
0.793502
0.398195
0.875549
0.291268
0.494434
0.966793
0.481993
0.608440
0.541161
0.758380
0.531863
0.531790
0.172438
0.201022
0.024261
0.273377
0.491481
0.731176
0.456071
0.397974
0.517241
0.991022
0.585577
0.283828
0.033190
0.346855
0.283641
0.411821
0.471372
0.596800
0.121743
0.790665
0.000000
0.000000
0.000000
0.000000
0.000000
0.000000
0.000000
0.000000
0.569062
0.693303
0.583299
0.252091
0.171452
0.382896
0.605649
0.656517
0.240127
0.899280
0.016814
0.740023
0.448988
0.064294
0.017544
0.121605
0.000000
0.000000
0.000000
0.000000
0.000000
0.000000
0.000000
0.000000
0.000000
0.000000
0.000000
0.000000
0.000000
0.000000
0.000000
0.000000
0.000000
0.000000
0.000000
0.000000
0.000000
0.000000
0.000000
0.000000
0.471162
0.049582
0.001088
0.000987
0.216603
0.447572
0.149350
0.030927
0.972733
0.360716
0.958542
0.452676
0.878640
0.791104
0.831462
0.937368
0.507203
0.820522
0.974140
0.680190
0.828008
0.841065
0.745964
0.229247
0.653856
0.114333
0.182228
0.612608
0.923984
0.761441
0.411626
0.875386
0.685594
0.877469
0.927428
0.408651
0.223425
0.882614
0.506635
0.294212
0.000000
0.000000
0.000000
0.000000
0.000000
0.000000
0.000000
0.000000
0.000000
0.000000
0.000000
0.000000
0.000000
0.000000
0.000000
0.000000
0.768780
0.377694
0.655928
0.885771
0.859917
0.685809
0.388401
0.455624
0.552050
0.435030
0.386067
0.066491
0.547569
0.415601
0.028134
0.555248
0.118949
0.202490
0.470470
0.147251
0.073474
0.007531
0.338102
0.020765
0.000000
0.000000
0.000000
0.000000
0.000000
0.000000
0.000000
0.000000
0.407159
0.725722
0.917269
0.678322
0.594509
0.185273
0.353910
0.643740
0.000000
0.000000
0.000000
0.000000
0.000000
0.000000
0.000000
0.000000
0.000000
0.000000
0.000000
0.000000
0.000000
0.000000
0.000000
0.000000
