0.993843
0.064680
0.229755
0.801995
0.552991
0.999188
0.797031
0.638299
0.732141
0.823810
0.605496
0.709478
0.888222
0.582379
0.177609
0.325345
0.098561
0.797750
0.390594
0.233487
0.149267
0.106181
0.187221
0.035544
0.651448
0.678908
0.534161
0.071251
0.341913
0.715921
0.739249
0.784488
0.610278
0.567775
0.755825
0.908661
0.439381
0.615412
0.617303
0.086972
0.112126
0.266638
0.828332
0.702468
0.968583
0.139690
0.299605
0.814615
0.018373
0.865260
0.010825
0.396177
0.186144
0.918772
0.613482
0.751584
0.220822
0.517363
0.830081
0.492906
0.960881
0.135324
0.962141
0.365661
0.400733
0.768670
0.479827
0.455032
0.489777
0.107180
0.034339
0.788893
0.613482
0.084480
0.865127
0.039139
0.156573
0.483810
0.847528
0.756805
0.156573
0.181549
0.916777
0.619429
0.517667
0.237292
0.084656
0.334255
0.648466
0.472332
0.593123
0.249726
0.911907
0.244441
0.193581
0.178266
0.406902
0.686689
0.819091
0.023983
