0.484564
0.509278
0.561925
0.894979
0.573995
0.960427
0.450010
0.290052
0.532394
0.272176
0.783182
0.245235
0.890836
0.824263
0.382118
0.497695
0.958388
0.207623
0.403507
0.099326
0.933056
0.528920
0.192261
0.944171
0.277458
0.877740
0.177867
0.220827
0.464417
0.903305
0.404460
0.170125
0.806313
0.428528
0.578817
0.688692
0.980235
0.819989
0.259280
0.864088
0.438997
0.990957
0.907790
0.708829
0.547113
0.703263
0.738935
0.606761
0.813611
0.280160
0.456059
0.002658
0.947694
0.352341
0.376521
0.902218
0.706891
0.941322
0.705580
0.059303
0.043800
0.459367
0.845121
0.235416
0.572684
0.625308
0.399805
0.396861
0.347214
0.603195
0.907914
0.883917
0.467311
0.768734
0.931472
0.526903
0.909293
0.976121
0.476465
0.915551
0.969474
0.909805
0.575548
0.019928
0.474027
0.489898
0.688445
0.378213
0.405407
0.717352
0.898890
0.787886
0.501775
0.028365
0.164382
0.337143
0.970393
0.530715
0.262475
0.755108
