0.744231
0.944692
0.360798
0.914420
0.397247
0.877717
0.222974
0.256913
0.949039
0.959137
0.442501
0.167021
0.876151
0.213842
0.232912
0.149078
0.984176
0.822338
0.777599
0.391473
0.676701
0.797277
0.124049
0.190487
0.864070
0.346479
0.113054
0.076766
0.992395
0.464934
0.969128
0.764675
0.637879
0.431250
0.595721
0.449295
0.938983
0.965185
0.315537
0.424795
0.507540
0.713469
0.428403
0.737584
0.563569
0.310624
0.105487
0.135269
0.202908
0.135152
0.507744
0.607161
0.939356
0.507486
0.659473
0.773043
0.247103
0.655372
0.505293
0.249136
0.525502
0.255637
0.977293
0.624691
0.448365
0.667131
0.813568
0.906985
0.941012
0.958717
0.395375
0.703805
0.787278
0.651955
0.120644
0.896445
0.453733
0.082253
0.384880
0.313176
0.594231
0.098765
0.229959
0.035791
0.953498
0.905639
0.495999
0.478829
0.999020
0.965509
0.414996
0.696477
0.998839
0.999681
0.512441
0.438509
0.342599
0.043050
0.862491
0.939100
0.445431
0.409417
0.525604
0.793556
0.736237
0.392584
0.866193
0.416384
0.163712
0.621314
0.522341
0.132018
0.808631
0.148203
0.914552
0.515645
0.591147
0.103235
0.599788
0.767353
0.444117
0.769517
0.491609
0.429759
0.197695
0.540435
0.440684
0.219281
0.575749
0.820243
0.910328
0.873788
0.382538
0.779519
0.554674
0.133327
0.237933
0.336214
0.466734
0.197707
0.122751
0.092851
0.284137
0.636333
0.118511
0.771614
0.143754
0.262344
0.076633
0.095014
0.472842
0.150249
0.137783
0.231164
0.236200
0.674228
0.085639
0.030730
0.626379
0.357601
0.908604
0.769295
0.673098
0.362939
0.138119
0.050914
0.736488
0.624347
0.742493
0.574266
0.328354
0.615366
0.187103
0.231329
0.523870
0.099578
0.220245
0.200873
0.452213
0.273321
0.662290
0.821673
0.105952
0.364973
0.271303
0.505969
0.615453
0.349816
0.425594
0.905146
0.086798
0.346812
0.657118
0.268843
0.472230
0.466444
0.356979
0.156283
0.290313
0.602411
