0.279837
0.906683
0.142477
0.470409
0.298292
0.547813
0.114273
0.031608
0.901518
0.753043
0.825302
0.738050
0.569174
0.374031
0.539297
0.265314
0.867687
0.919174
0.357505
0.882645
0.035238
0.536977
0.926450
0.897666
0.041264
0.938249
0.638932
0.686859
0.284715
0.240126
0.572051
0.372217
0.403736
0.677416
0.690978
0.853639
0.319950
0.063078
0.584156
0.689752
0.978947
0.729466
0.795657
0.044444
0.560577
0.424849
0.479240
0.480487
0.814946
0.679222
0.117485
0.780724
0.590092
0.551798
0.008753
0.426944
0.207867
0.219363
0.423323
0.407233
0.617378
0.717629
0.292816
0.715102
0.669323
0.262202
0.664474
0.282104
0.941227
0.564657
0.339535
0.955053
0.965961
0.012972
0.551657
0.487309
0.930359
0.297876
0.694616
0.975402
0.479720
0.734826
0.173450
0.442334
0.205523
0.038096
0.727850
0.132895
0.652999
0.684453
0.789746
0.001321
0.339075
0.214017
0.286432
0.955049
0.035862
0.756759
0.130082
0.616881
