0.14761705059204713
0.6847426004134296
0.19497548489062491
0.0025953259752276433
0.27925252794625932
0.036797834683715329
0.45084922174455588
0.42719543134876059
0.020777683313108364
0.26186243990303487
0.71884713356401764
0.018572611085559527
0.82275730323392704
0.038452344455034593
0.96968768202951994
0.6570425839117825
0.34211225261696371
0.13361440253771617
0.21276439518330573
0.2142365620486614
0.29096821486257513
0.1544464720692075
0.66283672957065742
0.38868751783244815
0.21944696797795529
0.61005146179503889
0.099352671183728369
0.71735203044115259
0.27571314406407099
0.16452887735533786
0.84461016599674377
0.24361444547675842
0.11093603490545799
0.072813168832424321
0.71735203044115259
0.98404337256619601
0.87445679871548299
0.97287715070231795
0.72934271473749335
0.81033025660440838
0.97128235895550197
0.95852869341543945
0.089130925517086124
0.30583527490829276
0.91558235218719686
0.89182128096468027
0.68033942322992247
0.54850623550014732
0.62696716594182722
0.89024041754745797
0.59057704859198024
0.41335718727510495
0.4927131084043978
0.14594630619360988
0.18550304471350554
0.40540894450739945
0.92669803959290098
0.96490440386890053
0.72483826247513794
0.85558272590094042
0.84461016599674377
0.14210422290686456
0.023697403297187069
0.14986739906865412
0.61989441094533926
0.48768220892046399
0.87445679871548299
0.018472917696686603
0.85715256819819863
0.74139996211869308
0.11781756841931865
0.20408463014963837
0.47646477602113985
0.58231937357669272
0.73988925900673663
0.17006343781312741
0.71138249039890655
0.076063150310755626
0.74745269451460106
0.17006343781312741
0.55653229282459526
0.62838586912130334
0.16820328814259358
0.092568839914159914
0.42603203540425938
0.81033025660440838
0.60865100956660867
0.88392138842722401
0.28192725640098454
0.16882163326758096
0.7368708664727055
0.47894525747975986
0.010169851497982085
0.52738687722379263
0.29833990066196286
0.80723081991820445
0.23641306281823818
0.95374862852832321
0.61145334321302847
0.62271934354136338
