3.2611908033806573e-215
2.3755561702841516e-196
4.4003844943604797e-220
4.4003844943604797e-220
1.4993596672028427e-79
2.152491950707575e-210
4.4003844943604797e-220
1.13834484077496e-182
4.4003844943604797e-220
4.4003844943604797e-220
2.5547192299709451e-79
4.4003844943604797e-220
4.4003844943604797e-220
2.3620425636598483e-196
3.2734392509477438e-215
4.4003844943604797e-220
4.1247920540374941e-85
4.4003844943604797e-220
4.4003844943604797e-220
2.3755561702841516e-196
4.4003844943604797e-220
4.4003844943604797e-220
1.7380590890520367e-79
4.4003844943604797e-220
4.4003844943604797e-220
2.8988907416807221e-178
4.4003844943604797e-220
4.4003844943604797e-220
3.0978310082539776e-73
4.4003844943604797e-220
4.4003844943604797e-220
4.1173971135917381e-187
4.4003844943604797e-220
4.4003844943604797e-220
2.8601372291887899e-80
3.2611908033806573e-215
3.2611908033806573e-215
1.0907157190241091e-191
4.4003844943604797e-220
4.4003844943604797e-220
3.944588735271336e-82
4.4003844943604797e-220
3.2048692493704376e-215
3.9569088638181705e-187
4.4003844943604797e-220
4.4003844943604797e-220
3.9977561198598159e-79
3.2048692493704376e-215
4.4003844943604797e-220
3.8667205168874692e-145
4.4003844943604797e-220
4.4003844943604797e-220
1.883039150815419e-82
3.2734392509477438e-215
3.2611908033806573e-215
2.9005338055942533e-196
4.4003844943604797e-220
4.4003844943604797e-220
1.5625104109286196e-94
4.4003844943604797e-220
4.4003844943604797e-220
5.0368217229097461e-201
4.4003844943604797e-220
4.4003844943604797e-220
1.7399689539398978e-97
4.4003844943604797e-220
4.4003844943604797e-220
2.2754196944989848e-165
3.254811006530511e-215
4.4003844943604797e-220
6.0578334690324757e-74
4.4003844943604797e-220
4.4003844943604797e-220
3.3285497485347049e-187
3.2734392509477438e-215
4.4003844943604797e-220
1.7002216674302785e-63
4.4003844943604797e-220
2.1648101964724002e-210
1.1765571639913083e-182
4.4003844943604797e-220
4.4003844943604797e-220
3.0368055564167678e-79
4.4003844943604797e-220
4.4003844943604797e-220
2.9005338055942533e-196
3.2048692493704376e-215
4.4003844943604797e-220
1.0205550218705167e-88
4.4003844943604797e-220
3.2611908033806573e-215
3.3502756104318096e-178
4.4003844943604797e-220
4.4003844943604797e-220
2.7088861078824461e-85
3.2611908033806573e-215
4.4003844943604797e-220
2.7347993067371965e-196
4.4003844943604797e-220
4.4003844943604797e-220
