6.6000351265391425e-157
4.6407621409443876e-174
4.4003844943604797e-220
1.1033401544260204e-205
9.4518807807815387e-74
1.1056539381578928e-191
6.2282233965994185e-174
1.5458719277111662e-165
4.4003844943604797e-220
6.401690093199604e-201
8.4861383187349614e-68
1.1056539381578928e-191
8.1873988409196323e-170
6.0573039024709014e-183
3.2734392509477438e-215
2.0875055435750197e-210
3.9151777009551978e-82
3.1098666503353058e-178
4.6254064511536034e-161
5.6318139653443502e-174
4.4003844943604797e-220
1.9563985850532377e-196
4.5348707379522273e-68
8.2334030057488245e-192
1.9859429589626324e-165
3.3890954555328314e-161
2.152491950707575e-210
5.0368217229097461e-201
1.0255993361910201e-59
2.7347993067371965e-196
5.6905808055766224e-157
5.6237115777611662e-157
4.4003844943604797e-220
1.2216614068378159e-205
3.1953992310555465e-71
1.04675897462252e-169
5.5373403080315116e-161
4.6692384232098394e-161
3.2611908033806573e-215
3.8679050826772156e-187
3.4084434703385598e-73
1.1950686319710092e-191
6.3386888684935894e-161
7.3558826189283196e-174
4.4003844943604797e-220
1.211176186901351e-205
3.7201781110813737e-68
2.6045085397831063e-178
4.837950117794465e-161
1.3592718775381263e-126
3.2611908033806573e-215
3.2611908033806573e-215
6.0106286587737806e-68
2.6863261149369231e-178
2.4433487515985468e-165
1.1568083993841227e-191
2.152491950707575e-210
5.709645983998991e-201
1.8626184248597236e-88
3.8267159538904745e-161
2.6392001661830905e-165
1.1088816182398971e-182
3.2734392509477438e-215
2.0564393663456317e-210
4.0514069345175687e-88
1.0868941037867576e-191
1.6565955460085925e-169
6.6976576623819527e-149
1.2749970556935398e-205
6.3034896390981884e-201
5.6397065091539678e-63
2.6775336368918468e-196
3.0550280861076176e-165
5.1264289641495373e-157
3.2734392509477438e-215
2.1274267052876626e-210
6.8210411560099464e-59
1.7497180151714318e-178
2.1400801075943797e-165
2.6960330007821597e-165
2.1648101964724002e-210
5.7985951793075482e-201
6.0756783353792299e-63
3.537480414396016e-187
3.221593855380387e-165
3.7508234393236628e-187
1.1747916974195163e-191
1.2318809246272955e-205
1.7156209009323419e-76
3.7701282558036277e-187
1.6663900149787566e-169
4.9122243260235489e-161
4.4003844943604797e-220
6.3747612377264747e-201
3.8087387679609703e-73
2.7903466777456644e-161
3.9456679135283246e-161
2.3032255508157425e-157
3.2734392509477438e-215
8.2334030057488245e-192
