0.481433
0.576844
0.373466
0.115951
0.430697
0.473991
0.781012
0.572754
0.657043
0.678874
0.305835
0.428361
0.681806
0.360717
0.615668
0.045717
0.154446
0.771816
0.237206
0.571394
0.824314
0.449649
0.849309
0.835229
0.303950
0.597499
0.913996
0.440114
0.541862
0.163318
0.574116
0.622719
0.345170
0.259320
0.540538
0.686213
0.309629
0.214975
0.579579
0.332046
0.481433
0.214975
0.933056
0.590577
0.326100
0.612857
0.289145
0.471525
0.714365
0.987234
0.732351
0.816538
0.092957
0.030007
0.443676
0.659937
0.976067
0.047256
0.257634
0.488937
0.223224
0.485177
0.651269
0.659937
0.196357
0.947378
0.166358
0.541862
0.393105
0.030773
0.865010
0.271332
0.662837
0.662837
0.593342
0.012419
0.712873
0.730846
0.469066
0.654153
0.230917
0.617075
0.029705
0.762652
0.702461
0.194287
0.857153
0.575479
0.963310
0.830547
0.747453
0.218697
0.001083
0.961716
0.423711
0.638355
0.948970
0.699497
0.774878
0.160915
