0
8.198537154363377e-293
0
0
1.3559917532333024e-113
2.1462380140100704e-265
0
2.0937783770057581e-295
0
0
1.7735694538239677e-106
1.9369591435933316e-266
0
1.4728487785534502e-292
0
0
5.7938667333647451e-126
7.3896322569559857e-287
0
1.3901097322283726e-292
0
0
1.0735077302670081e-113
7.243328179622468e-281
7.0374499099295126e-305
9.745010944105724e-304
0
0
9.2906489896946754e-108
2.3336654841549469e-277
0
1.8266477524124826e-276
0
0
1.1907856146308785e-116
7.4630339684510819e-282
0
1.4587419261401048e-296
0
0
5.751477132351192e-117
2.0233877515004955e-275
0
2.0336958042439627e-292
0
0
1.0929816530252845e-111
6.0279122657802633e-278
0
7.5574883813407967e-287
0
0
7.2770295851850592e-123
3.8568385199308849e-276
0
1.0041459652854725e-290
0
0
1.216532267435675e-122
3.8599082776073585e-276
3.8716621473014538e-309
7.7325739286543863e-288
0
0
1.1190258714349799e-123
1.5451678769344645e-273
7.1866603506524672e-305
1.0806562874534063e-282
0
0
1.1032996243950876e-119
7.0002298456903561e-280
0
2.6084800466299401e-291
0
0
4.029684824662919e-110
1.4799314023746694e-267
0
2.9713069771229747e-287
0
0
1.2058227346402356e-122
4.5642955080244434e-281
0
5.7708332037363847e-292
0
0
1.2441577610757387e-120
5.1074561244799468e-263
5.9858901076650091e-309
2.0590342300709437e-279
0
0
1.3471715349937263e-109
7.3095066693523472e-278
5.1785953129009969e-297
4.6490711774901507e-299
0
0
