0.296649
0.025049
0.273854
0.032984
0.539369
0.490104
0.011558
0.138525
0.894583
0.885890
0.485585
0.025527
0.776622
0.011628
0.113540
0.522003
0.381138
0.322372
0.463980
0.416275
0.715732
0.524883
0.330729
0.834462
0.628082
0.489666
0.830367
0.785797
0.375533
0.645173
0.724530
0.615489
0.458448
0.102415
0.260844
0.739527
0.076151
0.402213
0.640003
0.311738
0.366298
0.101667
0.248022
0.170881
0.443051
0.272455
0.141846
0.204067
0.124134
0.368965
0.073887
0.274159
0.130865
0.772270
0.555554
0.710741
0.106101
0.257871
0.939706
0.420846
0.368355
0.389815
0.207847
0.354719
0.282138
0.307318
0.392176
0.927266
0.134152
0.688798
0.166550
0.034689
0.395936
0.009747
0.192077
0.299298
0.372931
0.764173
0.435230
0.336252
0.889290
0.522215
0.467738
0.408182
0.763479
0.186578
0.126104
0.643277
0.811808
0.859657
0.090836
0.055417
0.678620
0.622890
0.928380
0.908542
0.935869
0.309811
0.002094
0.501149
