0.016738
0.148908
0.974385
0.870080
0.278838
0.525592
0.266214
0.249852
0.817896
0.332917
0.280677
0.476946
0.791024
0.561020
0.962643
0.580003
0.203698
0.153545
0.437046
0.531665
0.069535
0.763457
0.319553
0.860652
0.678713
0.625512
0.706533
0.411831
0.839891
0.204963
0.037215
0.403119
0.186952
0.547165
0.901893
0.579415
0.879112
0.543891
0.917476
0.381280
0.885310
0.485809
0.426256
0.637244
0.684899
0.460058
0.735598
0.357592
0.869920
0.470283
0.980732
0.314414
0.172420
0.349077
0.444235
0.144141
0.282103
0.595901
0.022811
0.454907
0.959353
0.423421
0.672025
0.366274
0.005782
0.745467
0.809231
0.847818
0.829021
0.469786
0.589870
0.229584
0.899637
0.063534
0.660421
0.659317
0.847461
0.464919
0.857713
0.692979
0.165066
0.569202
0.207720
0.577847
0.704105
0.301382
0.301989
0.652756
0.735598
0.035783
0.146398
0.881889
0.490394
0.202158
0.753240
0.508246
0.135782
0.902724
0.635077
0.410085
