0.593956
0.429552
0.633802
0.801266
0.461183
0.791256
0.623743
0.897326
0.020635
0.031993
0.654086
0.630138
0.197476
0.187867
0.485494
0.276132
0.155127
0.239886
0.721447
0.564840
0.623743
0.238461
0.804883
0.848737
0.132715
0.204516
0.852113
0.358432
0.076718
0.062795
0.968697
0.924382
0.677353
0.611031
0.271908
0.200351
0.576224
0.773780
0.218751
0.140902
0.987400
0.845338
0.189048
0.447441
0.503233
0.521366
0.433238
0.487090
0.756123
0.568331
0.921777
0.941421
0.012251
0.012400
0.336335
0.284731
0.529735
0.676419
0.116450
0.307699
0.930711
0.865378
0.848737
0.504866
0.225021
0.622832
0.933776
0.982060
0.313508
0.748649
0.096991
0.278797
0.934983
0.575344
0.455041
0.671751
0.700777
0.294090
0.049536
0.133308
0.350739
0.602916
0.353290
0.272959
0.428084
0.816542
0.532261
0.545849
0.728962
0.562230
0.793083
0.256008
0.025693
0.049408
0.128052
0.047519
0.604715
0.806686
0.693269
0.751454
0.241318
0.456571
0.062480
0.097906
0.637475
0.519702
0.130075
0.155464
0.180530
0.366904
0.697022
0.183976
0.936178
0.861275
0.212619
0.768221
0.919132
0.553576
0.090785
0.141837
0.143721
0.211754
0.167618
0.229127
0.597533
0.698899
0.852113
0.964954
0.014290
0.013136
0.624655
0.269814
0.176016
0.309433
0.429552
0.812971
0.330212
0.249559
0.436946
0.561361
0.681092
0.317623
0.119401
0.057631
0.848737
0.892103
0.537334
0.832407
0.021793
0.018375
0.295765
0.446686
0.678287
0.239886
0.321182
0.219194
0.993982
0.711109
0.995333
0.912344
0.600222
0.602916
0.472845
0.429552
0.698899
0.763576
0.972934
0.911652
0.279333
0.280944
0.999311
0.930711
0.572709
0.571832
0.894354
0.549275
0.882918
0.836749
0.994750
0.949645
0.882140
0.607419
0.211323
0.634720
0.042670
0.041776
0.521366
0.170501
0.637475
0.254010
0.566584
0.469716
0.071458
0.043010
0.507320
0.751454
0.475987
0.065522
0.789427
0.603815
