0.580948
0.857153
0.709893
0.759605
0.017597
0.384300
0.143741
0.752003
0.174464
0.619894
0.397553
0.960122
0.141021
0.556532
0.048155
0.933056
0.942602
0.230917
0.830547
0.150434
0.804134
0.648390
0.360717
0.944194
0.632650
0.948970
0.010649
0.208392
0.869731
0.639785
0.799496
0.702461
0.333044
0.913996
0.586441
0.186168
0.677410
0.801041
0.430697
0.077396
0.744424
0.213500
0.657043
0.638355
0.705431
0.485177
0.025221
0.069986
0.827429
0.950563
0.326100
0.081159
0.487682
0.118288
0.335046
0.448451
0.917169
0.444867
0.677410
0.098535
0.287329
0.261862
0.912409
0.681806
0.011669
0.343129
0.221708
0.661386
0.391998
0.500311
0.453255
0.065183
0.956935
0.745938
0.011802
0.304892
0.442487
0.313454
0.665741
0.702461
0.580948
0.257634
0.628386
0.909238
0.173830
0.804134
0.341097
0.699497
0.955342
0.885500
0.761128
0.532628
0.053113
0.549840
0.404281
0.487682
0.070918
0.409940
0.339072
0.841481
