0.891517
0.478054
0.188392
0.747895
0.189605
0.910393
0.551256
0.059896
0.919528
0.084447
0.079499
0.425343
0.493029
0.924114
0.879117
0.844720
0.260752
0.782120
0.827628
0.857032
0.039877
0.767261
0.245835
0.462149
0.162925
0.472663
0.451004
0.844259
0.041871
0.879729
0.255759
0.806274
0.592658
0.828742
0.237851
0.245991
0.934371
0.518103
0.042553
0.066735
0.265824
0.244509
0.370596
0.973584
0.327161
0.039675
0.148792
0.287175
0.079626
0.911330
0.399084
0.171706
0.120253
0.537087
0.322478
0.180947
0.445801
0.958345
0.268999
0.667048
0.992299
0.330568
0.195693
0.983562
0.772993
0.954257
0.226515
0.906841
0.614240
0.107138
0.718784
0.460318
0.659709
0.694530
0.650698
0.020729
0.658575
0.726225
0.192383
0.721422
0.074812
0.685518
0.302396
0.250273
0.021034
0.257942
0.658956
0.615244
0.737433
0.185709
0.757839
0.021989
0.500859
0.954995
0.154835
0.325797
0.574582
0.553626
0.848862
0.620506
