0.734756
0.899746
0.699642
0.177072
0.162921
0.005200
0.746112
0.832447
0.073260
0.590462
0.478583
0.657840
0.648793
0.689558
0.845174
0.434876
0.404422
0.868206
0.996536
0.500592
0.668406
0.019492
0.530937
0.596475
0.822229
0.190554
0.924911
0.522257
0.466319
0.577601
0.492420
0.715470
0.273341
0.150297
0.799674
0.873397
0.316229
0.377619
0.444542
0.185264
0.083388
0.753258
0.070231
0.076622
0.561462
0.676945
0.272862
0.746068
0.874422
0.923391
0.375738
0.093511
0.560394
0.415333
0.873698
0.088905
0.252732
0.761194
0.563133
0.542548
0.456464
0.415933
0.476524
0.925456
0.526296
0.712724
0.607071
0.319764
0.083029
0.490580
0.946044
0.789607
0.464801
0.713893
0.747957
0.275264
0.991238
0.853348
0.973744
0.137991
0.395613
0.196439
0.551546
0.333318
0.076866
0.017411
0.067574
0.195226
0.700672
0.258341
0.928910
0.033606
0.733882
0.624958
0.584314
0.174901
0.604387
0.800083
0.021553
0.845669
