0.173969
0.862861
0.741099
0.881256
0.991256
0.773597
0.585503
0.063783
0.221330
0.036603
0.371207
0.969821
0.125703
0.038424
0.903678
0.798100
0.570363
0.419199
0.083238
0.694784
0.941425
0.910303
0.711968
0.289317
0.911618
0.769593
0.481848
0.214201
0.750087
0.723977
0.635420
0.305844
0.076610
0.589601
0.779164
0.069429
0.219831
0.845471
0.116076
0.021832
0.355940
0.912779
0.421430
0.434881
0.604697
0.275442
0.595624
0.485748
0.513924
0.503956
0.457721
0.817637
0.218161
0.109508
0.709624
0.616825
0.374083
0.857896
0.657396
0.902222
0.975133
0.041471
0.477949
0.125820
0.600891
0.190743
0.950296
0.135835
0.240279
0.608584
0.429781
0.788496
0.741730
0.805754
0.102064
0.082263
0.240781
0.801986
0.543305
0.416708
0.135506
0.157695
0.133377
0.082562
0.961246
0.181338
0.703472
0.548117
0.002436
0.622830
0.544804
0.247242
0.750158
0.537852
0.687241
0.340577
0.884749
0.298712
0.009763
0.440209
