0.453071
0.896541
0.500223
0.298296
0.413147
0.158763
0.765598
0.758158
0.788819
0.492558
0.452481
0.317312
0.615549
0.112661
0.413410
0.661381
0.555187
0.746365
0.624166
0.937882
0.758036
0.893238
0.164882
0.671569
0.845997
0.362820
0.317054
0.232641
0.490177
0.402154
0.117333
0.810443
0.264021
0.816547
0.971046
0.761320
0.998542
0.315348
0.842559
0.157689
0.407610
0.931107
0.290145
0.281828
0.894871
0.026316
0.035117
0.473198
0.438903
0.261864
0.894165
0.803328
0.590244
0.802247
0.746749
0.516613
0.646960
0.806134
0.309712
0.488138
0.913307
0.710830
0.151576
0.349360
0.463166
0.676752
0.252413
0.518155
0.208850
0.395577
0.696120
0.207452
0.952158
0.420182
0.559447
0.746655
0.235855
0.576172
0.404176
0.303078
0.911065
0.975494
0.556375
0.729333
0.968213
0.295589
0.038367
0.635606
0.963308
0.361780
0.368169
0.123168
0.408950
0.368995
0.844066
0.863059
0.303355
0.219943
0.375125
0.013063
