0.026425
0.034435
0.761590
0.888887
0.059239
0.082880
0.041297
0.263284
0.747607
0.565794
0.942899
0.962357
0.657401
0.362871
0.571327
0.765905
0.278797
0.155724
0.422088
0.316893
0.298231
0.372874
0.366650
0.157318
0.152284
0.375543
0.679001
0.985571
0.112761
0.655572
0.145550
0.292341
0.829212
0.927318
0.930077
0.785357
0.399319
0.707501
0.894724
0.820291
0.934136
0.960423
0.160773
0.293147
0.908052
0.962717
0.232990
0.101029
0.959134
0.938546
0.325773
0.401151
0.874404
0.835714
0.437557
0.315161
0.163712
0.800653
0.498961
0.601641
0.067502
0.005210
0.349951
0.060057
0.264329
0.040203
0.842822
0.997297
0.739333
0.345015
0.565990
0.342624
0.276401
0.063906
0.826522
0.295509
0.977790
0.920784
0.829212
0.833402
0.459517
0.484599
0.008149
0.063704
0.268687
0.232152
0.362043
0.305611
0.677161
0.909693
0.255393
0.057746
0.455052
0.211178
0.861242
0.489939
0.799026
0.662300
0.078963
0.048906
0.768851
0.767576
0.504374
0.779411
0.688680
0.908045
0.526317
0.585392
0.162707
0.589205
0.920855
0.749128
0.716757
0.973488
0.347682
0.294513
0.413601
0.984095
0.760873
0.332797
0.317627
0.257145
0.557406
0.716678
0.329925
0.365991
0.471110
0.153416
0.500289
0.364634
0.758074
0.424936
0.614080
0.458684
0.160835
0.415186
0.485689
0.658243
0.039491
0.025825
0.311824
0.162034
0.380199
0.297067
0.958173
0.971882
0.785931
0.757110
0.594529
0.219441
0.018518
0.075280
0.700286
0.335687
0.340255
0.122990
0.317172
0.126906
0.997585
0.985010
0.847601
0.788111
0.213803
0.063103
0.281892
0.334833
0.003630
0.031557
0.039469
0.251772
0.585362
0.932769
0.176278
0.310752
0.386542
0.311963
0.237775
0.283607
0.439473
0.348413
0.246700
0.322957
0.774524
0.800908
0.224041
0.309097
0.115313
0.013556
0.338852
0.108784
0.825067
0.597155
0.692119
0.659109
0.778746
0.726322
0.260420
0.545824
0.499676
0.643667
