0.931351
0.737926
0.155325
0.142857
0.330122
0.818732
0.261316
0.834092
0.658054
0.678165
0.398737
0.547452
0.199780
0.581314
0.682598
0.196529
0.651606
0.850600
0.761531
0.868417
0.014275
0.114444
0.480641
0.367615
0.785894
0.121090
0.038461
0.986124
0.168479
0.938121
0.009104
0.424724
0.210683
0.012181
0.128898
0.043547
0.325469
0.352090
0.864464
0.132434
0.830015
0.151905
0.020872
0.692042
0.415781
0.129808
0.875058
0.419429
0.021509
0.625518
0.811420
0.964793
0.266915
0.066345
0.813312
0.216301
0.208393
0.231817
0.310645
0.746806
0.281516
0.925590
0.139525
0.253773
0.661186
0.761956
0.736732
0.545848
0.299023
0.121151
0.154720
0.844593
0.150511
0.575681
0.601364
0.275170
0.056573
0.023640
0.259637
0.509393
0.061089
0.527063
0.842595
0.809033
0.164866
0.036214
0.799318
0.732469
0.057171
0.091450
0.318583
0.884496
0.776821
0.085046
0.937520
0.988750
0.985781
0.703184
0.692368
0.448579
