0.096310
0.069202
0.691394
0.445178
0.709230
0.500791
0.972191
0.642996
0.913034
0.748649
0.692331
0.349469
0.739284
0.479933
0.476775
0.643918
0.820983
0.345678
0.269293
0.787595
0.940276
0.675485
0.412161
0.455041
0.027710
0.076159
0.771929
0.913721
0.668023
0.481518
0.447441
0.687645
0.177135
0.192624
0.393192
0.088651
0.916446
0.865378
0.448197
0.842775
0.667091
0.263097
0.791256
0.882140
0.230970
0.234692
0.462727
0.939699
0.663369
0.330820
0.259028
0.557894
0.415743
0.847040
0.533949
0.744906
0.507320
0.458873
0.562230
0.142462
0.231896
0.211323
0.800360
0.859623
0.570955
0.656867
0.179015
0.559626
0.410734
0.539031
0.952240
0.999852
0.913721
0.999717
0.729901
0.733656
0.940850
0.980302
0.816542
0.458873
0.066343
0.114604
0.645763
0.728023
0.084307
0.478352
0.049280
0.243238
0.302541
0.265665
0.072342
0.085120
0.455041
0.157495
0.862921
0.818321
0.535640
0.825399
0.009545
0.009755
0.605616
0.237514
0.002787
0.002424
0.439927
0.797637
0.617374
0.683899
0.577104
0.180530
0.289657
0.803980
0.895100
0.509782
0.643918
0.962320
0.539880
0.828035
0.807587
0.703594
0.711109
0.900263
0.641154
0.479142
0.395963
0.773780
0.748649
0.393884
0.004486
0.012590
0.432499
0.336952
0.691394
0.551853
0.716748
0.841918
0.114081
0.112266
0.824518
0.747714
0.686708
0.512251
0.460412
0.835015
0.138741
0.088862
0.835015
0.906741
0.389749
0.602017
0.462727
0.878221
0.268772
0.214357
0.016532
0.033150
0.460412
0.790342
0.138741
0.182438
0.307699
0.657795
0.197068
0.199938
0.076345
0.095407
0.346938
0.766364
0.254010
0.207897
0.453514
0.765435
0.925669
0.887547
0.989316
0.705472
0.729901
0.456571
0.148198
0.563970
0.545849
0.257012
0.703594
0.301403
0.489490
0.185137
0.196660
0.089074
0.455041
0.135700
0.478352
0.243720
0.208749
0.532261
0.760784
0.747714
0.381572
0.752389
0.164069
0.396657
