0.804313
0.243844
0.575633
0.373394
0.514698
0.639779
0.607328
0.383329
0.790145
0.029641
0.094890
0.056296
0.508794
0.741129
0.403676
0.089569
1.000000
0.383329
0.790145
0.098577
0.646355
0.266839
0.840006
0.876031
0.163062
0.398530
0.783087
0.926884
0.053968
0.058706
0.163062
0.963403
0.581909
0.563178
0.502925
0.255161
0.626711
0.497093
0.992678
0.581909
0.646355
0.198887
0.291282
0.160312
0.963403
0.383329
0.526611
0.147084
0.520637
0.699927
0.581909
0.180314
0.479815
0.497093
0.205379
0.693142
0.897775
0.607328
0.544742
0.368488
0.905041
1.000000
0.734207
0.016204
0.613759
0.468480
0.308390
0.295498
0.854380
0.270812
0.956091
0.699927
0.797221
0.222279
0.926884
0.502925
0.125400
0.783087
0.208682
0.581909
0.154917
0.363621
0.152271
0.811422
0.383329
0.897775
0.282973
0.014647
0.727306
0.948782
0.748072
0.457296
0.941477
0.236498
0.251349
0.388356
0.497093
0.985357
0.479815
0.358795
