0.053360
0.774878
0.814985
0.636927
0.846176
0.570035
0.482679
0.846176
0.568678
0.423711
0.680339
0.953749
0.039018
0.865010
0.830547
0.365995
0.102259
0.471525
0.846176
0.553851
0.379944
0.915582
0.993617
0.575479
0.416792
0.662837
0.619894
0.391998
0.307728
0.328074
0.129014
0.937828
0.813433
0.535258
0.398669
0.745938
0.768758
0.996808
0.738380
0.443676
0.063169
0.929877
0.299270
0.122588
0.945786
0.054104
0.580948
0.958529
0.511824
0.006648
0.593342
0.002169
0.576844
0.545844
0.301136
0.426032
0.664288
0.695058
0.545844
0.910823
0.828988
0.850877
0.658489
0.675947
0.006372
0.290968
0.877610
0.636927
0.130026
0.933056
0.364936
0.673025
0.085070
0.822757
0.790239
0.619894
0.909238
0.018275
0.469066
0.138873
0.535258
0.205513
0.094131
0.611453
0.168203
0.723339
0.880765
0.681806
0.755041
0.344149
0.309629
0.407670
0.320223
0.132067
0.535258
0.255120
0.607252
0.988830
0.423711
0.269593
