0.650688
0.485972
0.212048
0.008079
0.298973
0.823963
0.329307
0.451280
0.104433
0.660011
0.657756
0.965954
0.845107
0.433975
0.866646
0.303682
0.170269
0.017832
0.749568
0.962198
0.900689
0.400670
0.838458
0.980472
0.012048
0.949565
0.993938
0.843532
0.397472
0.888363
0.076605
0.511477
0.186662
0.274505
0.555790
0.816118
0.196475
0.073396
0.660233
0.668647
0.504817
0.599475
0.217968
0.621800
0.880764
0.989897
0.665996
0.282821
0.345067
0.701675
0.453378
0.156879
0.077563
0.479003
0.828563
0.653324
0.488533
0.032770
0.066925
0.568222
0.393198
0.194004
0.787702
0.829813
0.118608
0.334706
0.301290
0.153965
0.414257
0.308390
0.548980
0.822321
0.180977
0.372481
0.801310
0.799239
0.139832
0.044511
0.983798
0.330421
0.513083
0.407734
0.521736
0.782106
0.005240
0.870253
0.594082
0.861406
0.330719
0.906070
0.019739
0.966440
0.460569
0.178441
0.981012
0.428501
0.934850
0.538099
0.244820
0.203973
