0.528938
0.017359
0.241799
0.299833
0.120245
0.973042
0.115082
0.737231
0.308506
0.461642
0.810207
0.997995
0.532602
0.223763
0.050433
0.294372
0.979550
0.240307
0.062478
0.154508
0.892656
0.927480
0.176234
0.005768
0.437453
0.301977
0.477701
0.491582
0.513992
0.904972
0.806273
0.349599
0.392508
0.107362
0.722045
0.861295
0.121890
0.834322
0.925031
0.547715
0.009023
0.710797
0.269833
0.709352
0.819279
0.068923
0.066493
0.440935
0.920682
0.327713
0.230201
0.582154
0.701028
0.401661
0.815636
0.957260
0.660477
0.948677
0.054918
0.438812
0.239561
0.138952
0.086491
0.299156
0.680909
0.714764
0.228079
0.416115
0.449289
0.468840
0.627558
0.329146
0.783315
0.831664
0.205413
0.713026
0.134442
0.539341
0.204898
0.569018
0.518523
0.600270
0.076416
0.442045
0.834231
0.190755
0.191100
0.666684
0.308485
0.852166
0.464590
0.297022
0.478783
0.478235
0.167357
0.875598
0.237469
0.146267
0.413201
0.720601
