0.000000
0.000000
0.000000
0.000000
0.000000
0.000000
0.000000
0.000000
0.066143
0.347038
0.412342
0.639291
0.486801
0.591989
0.137876
0.069125
0.964252
0.611710
0.894531
0.656839
0.515334
0.272128
0.841871
0.100506
0.721483
0.193789
0.686315
0.752555
0.775198
0.734306
0.096359
0.906137
0.534263
0.984045
0.957042
0.741373
0.626363
0.476235
0.003923
0.408396
0.000000
0.000000
0.000000
0.000000
0.000000
0.000000
0.000000
0.000000
0.312028
0.008382
0.001713
0.772191
0.386444
0.110081
0.883372
0.331691
0.000000
0.000000
0.000000
0.000000
0.000000
0.000000
0.000000
0.000000
0.107777
0.794452
0.661137
0.424403
0.011679
0.078650
0.952753
0.729194
0.000000
0.000000
0.000000
0.000000
0.000000
0.000000
0.000000
0.000000
0.238446
0.130202
0.058663
0.729267
0.593421
0.546189
0.971366
0.195956
0.199589
0.736978
0.298207
0.137042
0.077262
0.493415
0.231278
0.075031
0.000000
0.000000
0.000000
0.000000
0.000000
0.000000
0.000000
0.000000
0.000000
0.000000
0.000000
0.000000
0.000000
0.000000
0.000000
0.000000
0.862673
0.948132
0.755845
0.560097
0.288203
0.580171
0.778131
0.924995
0.000000
0.000000
0.000000
0.000000
0.000000
0.000000
0.000000
0.000000
0.000000
0.000000
0.000000
0.000000
0.000000
0.000000
0.000000
0.000000
0.684716
0.495850
0.881370
0.101468
0.208625
0.213552
0.832766
0.082531
0.161569
0.703608
0.666392
0.629130
0.098822
0.741213
0.712421
0.939804
0.876217
0.787765
0.840977
0.421096
0.429380
0.586251
0.137233
0.220942
0.640694
0.177102
0.360512
0.296986
0.509146
0.901253
0.777556
0.802755
0.063627
0.498084
0.152507
0.869374
0.431216
0.159788
0.768547
0.994608
0.702019
0.354029
0.672209
0.201467
0.816584
0.268585
0.590863
0.404222
0.000000
0.000000
0.000000
0.000000
0.000000
0.000000
0.000000
0.000000
0.517640
0.729590
0.918161
0.393301
0.156099
0.833658
0.439977
0.780589
0.000000
0.000000
0.000000
0.000000
0.000000
0.000000
0.000000
0.000000
0.000000
0.000000
0.000000
0.000000
0.000000
0.000000
0.000000
0.000000
0.000000
0.000000
0.000000
0.000000
0.000000
0.000000
0.000000
0.000000
0.000000
0.000000
0.000000
0.000000
0.000000
0.000000
0.000000
0.000000
0.343962
0.129848
0.806350
0.384031
0.270856
0.787151
0.958277
0.060808
0.000000
0.000000
0.000000
0.000000
0.000000
0.000000
0.000000
0.000000
0.715670
0.425056
0.580447
0.175588
0.157438
0.510254
0.570384
0.471809
0.000000
0.000000
0.000000
0.000000
0.000000
0.000000
0.000000
0.000000
0.000000
0.000000
0.000000
0.000000
0.000000
0.000000
0.000000
0.000000
0.000000
0.000000
0.000000
0.000000
0.000000
0.000000
0.000000
0.000000
0.000000
0.000000
0.000000
0.000000
0.000000
0.000000
0.000000
0.000000
0.000000
0.000000
0.000000
0.000000
0.000000
0.000000
0.000000
0.000000
0.045892
0.756688
0.213312
0.921053
0.714565
0.329524
0.600413
0.898994
0.628842
0.244980
0.481045
0.153604
0.080691
0.190703
0.090649
0.101644
0.712740
0.409644
0.612734
0.618605
0.384195
0.317566
0.511564
0.341163
0.000000
0.000000
0.000000
0.000000
0.000000
0.000000
0.000000
0.000000
0.000000
0.000000
0.000000
0.000000
0.000000
0.000000
0.000000
0.000000
0.000000
0.000000
0.000000
0.000000
0.000000
0.000000
0.000000
0.000000
0.000000
0.000000
0.000000
0.000000
0.000000
0.000000
0.000000
0.000000
0.000000
0.000000
0.000000
0.000000
0.000000
0.000000
0.000000
0.000000
0.000000
0.000000
0.000000
0.000000
0.000000
0.000000
0.000000
0.000000
0.288125
0.009361
0.124117
0.017227
0.034246
0.145384
0.322752
0.466875
0.901846
0.255538
0.293532
0.696088
0.980735
0.118149
0.940602
0.480076
0.769158
0.945137
0.635875
0.693097
0.916965
0.333950
0.560974
0.924131
0.000000
0.000000
0.000000
0.000000
0.000000
0.000000
0.000000
0.000000
0.048263
0.153200
0.011058
0.328694
0.602936
0.277369
0.591912
0.649049
0.929781
0.421316
0.144942
0.073260
0.093672
0.148554
0.824287
0.496790
0.000000
0.000000
0.000000
0.000000
0.000000
0.000000
0.000000
0.000000
0.000000
0.000000
0.000000
0.000000
0.000000
0.000000
0.000000
0.000000
0.836899
0.200971
0.407561
0.326368
0.219918
0.632362
0.962755
0.048382
0.000000
0.000000
0.000000
0.000000
0.000000
0.000000
0.000000
0.000000
0.407425
0.297176
0.431953
0.096477
0.164150
0.299395
0.082790
0.184617
0.175116
0.090971
0.929201
0.666528
0.724588
0.514450
0.130247
0.590816
0.790569
0.895106
0.957646
0.231244
0.039490
0.941670
0.437717
0.985252
0.067195
0.012100
0.204899
0.057005
0.216206
0.093634
0.265614
0.571112
0.936974
0.957434
0.768618
0.769496
0.732184
0.167710
0.693600
0.030828
0.000000
0.000000
0.000000
0.000000
0.000000
0.000000
0.000000
0.000000
0.000000
0.000000
0.000000
0.000000
0.000000
0.000000
0.000000
0.000000
0.408286
0.267678
0.419374
0.595225
0.324145
0.752493
0.685341
0.175433
0.000000
0.000000
0.000000
0.000000
0.000000
0.000000
0.000000
0.000000
0.919870
0.571761
0.841838
0.376297
0.914712
0.254780
0.210836
0.334182
0.222831
0.100572
0.096129
0.613040
0.140912
0.084030
0.012979
0.043683
0.356578
0.527376
0.519759
0.993430
0.447660
0.579524
0.057669
0.125029
0.000000
0.000000
0.000000
0.000000
0.000000
0.000000
0.000000
0.000000
0.333363
0.430701
0.231482
0.848925
0.962908
0.078432
0.031917
0.222781
0.000000
0.000000
0.000000
0.000000
0.000000
0.000000
0.000000
0.000000
0.317644
0.182681
0.046321
0.828789
0.242892
0.549446
0.117645
0.404572
0.608244
0.503534
0.802515
0.506525
0.007993
0.028516
0.022881
0.010246
0.587891
0.987693
0.520582
0.585311
0.079748
0.033248
0.002085
0.801079
0.000000
0.000000
0.000000
0.000000
0.000000
0.000000
0.000000
0.000000
0.226596
0.370986
0.991494
0.888259
0.325476
0.860374
0.444120
0.549975
0.731316
0.716892
0.875301
0.755169
0.045756
0.016567
0.029370
0.026853
0.000000
0.000000
0.000000
0.000000
0.000000
0.000000
0.000000
0.000000
0.000000
0.000000
0.000000
0.000000
0.000000
0.000000
0.000000
0.000000
0.000000
0.000000
0.000000
0.000000
0.000000
0.000000
0.000000
0.000000
0.034446
0.523507
0.573109
0.616575
0.779740
0.661005
0.369520
0.982680
0.649622
0.649268
0.122368
0.473159
0.729421
0.972684
0.406670
0.538855
0.000000
0.000000
0.000000
0.000000
0.000000
0.000000
0.000000
0.000000
0.000000
0.000000
0.000000
0.000000
0.000000
0.000000
0.000000
0.000000
0.000000
0.000000
0.000000
0.000000
0.000000
0.000000
0.000000
0.000000
0.000000
0.000000
0.000000
0.000000
0.000000
0.000000
0.000000
0.000000
0.871641
0.773050
0.739341
0.761889
0.751175
0.801461
0.914879
0.177601
0.899165
0.359704
0.223714
0.023334
0.347531
0.328371
0.973257
0.493843
0.645169
0.095239
0.748283
0.739277
0.978259
0.275485
0.679313
0.243836
0.493707
0.587092
0.608765
0.397323
0.128852
0.409381
0.288490
0.360900
0.572395
0.856028
0.190176
0.735132
0.383443
0.409907
0.188126
0.102426
0.345690
0.201312
0.160881
0.839021
0.623517
0.242194
0.049852
0.421553
0.234854
0.594029
0.282312
0.065657
0.782239
0.648634
0.243934
0.459413
0.224124
0.874707
0.718454
0.994200
0.653439
0.374900
0.355328
0.547365
0.000000
0.000000
0.000000
0.000000
0.000000
0.000000
0.000000
0.000000
0.138025
0.577425
0.186628
0.351671
0.346710
0.833494
0.720133
0.787745
0.000000
0.000000
0.000000
0.000000
0.000000
0.000000
0.000000
0.000000
0.135932
0.168726
0.337955
0.718146
0.097245
0.778016
0.149771
0.314481
0.640558
0.386218
0.463952
0.919161
0.337557
0.042853
0.918618
0.072995
0.892292
0.665280
0.986525
0.930906
0.782693
0.803729
0.557454
0.080921
