0.552991
0.287656
0.676413
0.567775
0.386021
0.865417
0.062675
0.676413
0.646667
0.131793
0.609329
0.132093
0.085358
0.259074
0.458735
0.058526
0.939268
0.931527
0.917029
0.898560
0.266416
0.919391
0.299741
0.858879
0.624541
0.132028
0.673000
0.845919
0.050790
0.813178
0.805456
0.146855
0.869343
0.710971
0.181017
0.847528
0.287301
0.825816
0.904959
0.611052
0.944841
0.316932
0.615412
0.969465
0.054573
0.904959
0.946796
0.867239
0.010529
0.989840
0.048524
0.177219
0.205616
0.797031
0.348793
0.485356
0.226017
0.666527
0.050479
0.904959
0.312671
0.051921
0.124062
0.861299
0.406967
0.894455
0.309632
0.549642
0.611052
0.988609
0.148031
0.835328
0.325345
0.894584
0.068476
0.847528
0.316535
0.302305
0.559102
0.539513
0.521570
0.824062
0.165366
0.637304
0.385475
0.280564
0.871288
0.397005
0.926854
0.417450
0.330607
0.234372
0.282212
0.007721
0.824070
0.182263
0.132311
0.705360
0.252777
0.113144
