0.492880
0.770224
0.274809
0.263472
0.680312
0.618711
0.092277
0.598862
0.601896
0.767719
0.755169
0.720346
0.006111
0.213510
0.273099
0.012378
0.385760
0.254502
0.369165
0.564378
0.844007
0.421403
0.308678
0.693812
0.294335
0.042580
0.543024
0.962726
0.941838
0.584348
0.098880
0.621302
0.698057
0.693865
0.688632
0.798032
0.652648
0.344149
0.857065
0.569636
0.474328
0.687690
0.755741
0.101501
0.604461
0.523283
0.232359
0.039398
0.758410
0.403920
0.604259
0.419893
0.459111
0.186957
0.196035
0.557450
0.982298
0.950440
0.128922
0.705440
0.843082
0.585090
0.316249
0.407571
0.799063
0.419732
0.262724
0.991844
0.672811
0.402027
0.451557
0.456769
0.854825
0.487651
0.055356
0.267105
0.346186
0.158410
0.101730
0.960274
0.481193
0.013079
0.260671
0.120123
0.615596
0.712780
0.578226
0.942736
0.871382
0.248953
0.128268
0.582789
0.983236
0.594540
0.270294
0.057525
0.934437
0.135699
0.159534
0.150088
