0.226183
0.111485
0.711432
0.180204
0.632675
0.718582
0.977872
0.814744
0.651443
0.501419
0.626379
0.701602
0.417291
0.815959
0.170597
0.154353
0.033272
0.008613
0.817951
0.626273
0.925284
0.958734
0.907198
0.125826
0.566091
0.396826
0.256789
0.856004
0.690402
0.482218
0.797869
0.876081
0.827838
0.587441
0.671430
0.449295
0.396557
0.223991
0.752910
0.705436
0.684678
0.716554
0.582263
0.247767
0.465920
0.857448
0.720050
0.805554
0.070196
0.172888
0.868897
0.896445
0.995326
0.513696
0.437557
0.511963
0.469074
0.427701
0.513768
0.492393
0.321552
0.373284
0.265080
0.235241
0.958541
0.939298
0.689133
0.681718
0.966865
0.644073
0.496306
0.574834
0.732362
0.942930
0.506008
0.332994
0.339974
0.149370
0.551331
0.531943
0.988103
0.999020
0.256214
0.189950
0.252451
0.133675
0.214695
0.149830
0.510297
0.762768
0.088172
0.450225
0.678634
0.383724
0.000349
0.001550
0.259510
0.554358
0.396262
0.520191
0.753802
0.807553
0.466022
0.837468
0.329740
0.710119
0.293907
0.280077
0.523156
0.822764
0.914633
0.869307
0.273082
0.202392
0.259593
0.508713
0.480588
0.245154
0.377283
0.693868
0.134890
0.186215
0.290750
0.563439
0.805319
0.303150
0.151985
0.068628
0.931041
0.981315
0.207255
0.094651
0.218060
0.148120
0.508255
0.899954
0.448871
0.145232
0.778517
0.972024
0.036576
0.285013
0.454342
0.612242
0.163775
0.328677
0.529069
0.578241
0.213655
0.530790
0.710554
0.687143
0.471823
0.527764
0.241419
0.363413
0.411013
0.553928
0.060965
0.198659
0.106605
0.229523
0.341285
0.388423
0.760554
0.734194
0.488240
0.030594
0.549608
0.418924
0.299915
0.338257
0.474879
0.908015
0.196492
0.663825
0.909532
0.858350
0.973763
0.966519
0.859066
0.168193
0.983969
0.973307
0.350613
0.385450
0.384880
0.735445
0.887315
0.722374
0.721777
0.362600
0.995305
0.989026
0.453227
0.458397
0.589155
0.527403
0.692390
0.238130
