0.249099
0.050487
0.777775
0.662054
0.658062
0.009862
0.324692
0.914093
0.089813
0.749280
0.083672
0.465287
0.408297
0.800448
0.730854
0.569691
0.791223
0.988799
0.926709
0.390118
0.725658
0.489434
0.386741
0.529908
0.515368
0.599852
0.152850
0.831409
0.338400
0.499531
0.785840
0.517511
0.589953
0.849666
0.185330
0.430777
0.679145
0.234738
0.893167
0.410772
0.298167
0.462392
0.214111
0.842875
0.250871
0.352371
0.042194
0.228842
0.385593
0.350019
0.340015
0.155442
0.216582
0.456731
0.805751
0.064315
0.305133
0.669722
0.691017
0.470481
0.287176
0.464517
0.220208
0.584082
0.872273
0.763521
0.311342
0.743246
0.286516
0.045644
0.055684
0.121553
0.010594
0.000740
0.441184
0.289208
0.541461
0.833869
0.365641
0.629361
0.170657
0.290278
0.567482
0.706497
0.310741
0.445563
0.213383
0.811434
0.040047
0.187790
0.429094
0.062780
0.160553
0.717061
0.076929
0.562207
0.239609
0.287892
0.109671
0.914118
