0
1.5442642304052468e-73
0
0
1.0758395218569019e-18
7.0444934031024664e-164
1.9516452282240094e-312
1.5463464583665755e-71
0
0
3.1023239583027684e-12
3.3994213164145854e-190
0
1.0802570663533025e-58
0
0
6.7669939450639325e-13
5.9836939998487024e-180
0
1.4722985178354148e-66
0
0
1.1939096490475524e-19
3.8715655494448616e-170
6.7023102649964518e-317
9.9555557816090578e-74
0
0
5.1198974501989064e-18
3.4811908755943422e-155
5.6510816231400992e-307
1.1889132829523176e-79
0
0
4.661539365934995e-21
1.3013477504588174e-171
6.2025176554217991e-300
2.3464312841070891e-65
0
0
1.1277749365254669e-13
3.7934203677728342e-169
3.6928588882925905e-256
8.4086288361614142e-79
0
0
1.5921812180419201e-23
6.6389499619277872e-182
4.9406564584124654e-323
1.1855600123245342e-74
0
0
1.0620488582907844e-17
9.7962692007012651e-179
5.573060485089261e-321
1.0752022355462164e-66
0
0
4.8308141147925427e-21
3.8833639739327751e-169
1.6134002078633225e-301
4.3554391372460132e-57
0
0
2.5974491972464e-19
1.5380423592484499e-190
1.7864232581363528e-288
1.9991447858424209e-80
0
0
2.6061586599146328e-21
5.0638712309686382e-160
0
2.5293242966507058e-57
0
0
2.3062228692715252e-13
2.6515115146006552e-193
0
1.6197442961055905e-49
0
0
1.3313208440798679e-16
1.6194808619811433e-187
1.1302681984046084e-303
2.4019329049348645e-70
0
0
5.6381202079246996e-16
1.159233173655578e-172
3.4584595208887258e-323
1.4085099597071025e-59
0
0
9.4641876660944048e-19
2.8581750786887538e-175
5.1964093639282243e-300
4.5388814898261056e-54
0
0
