0
0
0
0
7.3845357315614183e-50
0
0
0
0
0
3.3625976693417432e-54
0
0
0
0
0
6.2852466984037047e-66
0
0
0
0
0
1.9245379116864629e-64
0
0
0
0
0
1.3471570700370239e-48
0
0
0
0
0
1.434507238317889e-74
0
0
0
0
0
3.4337409796878546e-61
0
0
0
0
0
2.5652239778991054e-66
0
0
0
0
0
1.14305190166897e-78
0
0
0
0
0
1.648938545263265e-44
0
0
0
0
0
2.0946696350983846e-62
0
0
0
0
0
4.3892842873025422e-49
0
0
0
0
0
3.1197855556479228e-55
0
0
0
0
0
3.3806708340480459e-66
0
0
0
0
0
5.0094181402629129e-50
0
0
0
0
0
3.343538091973007e-57
0
0
0
0
0
