0.70599962450818055
0.55550349626525741
0.35780355343541453
0.3903632752294961
0.28519709169147883
0.43160571746892135
0.10992613458723371
0.012802183966419675
0.8164918589518726
0.39355626085482254
0.15197458478847148
0.30478956701775883
0.23034252592131729
0.41800663223261902
0.83079315132236542
0.91181700099455998
0.28722085653438445
0.39724426024789222
0.20889600698610153
0.2815352517061418
0.10008120789840735
0.34083506084773374
0.031430920250666954
0.93982479145343201
0.4793339470385819
0.73258083024995702
0.79126217110390984
0.97039414211500641
0.5768934203820868
0.55292510866584155
0.55414295073499442
0.3301134547482158
0.32405848102254858
0.79141903210924036
0.45825351178318785
0.61342311253275716
0.072597133060529853
0.15550889840207202
0.43281413488747678
0.96350134588357761
0.76929528237269218
0.17009723047098493
0.59932970116649797
0.17261191273032744
0.36721492226860841
0.80055135692983637
0.36680694058641333
0.453591852871708
0.57035397280941291
0.9607196335703192
0.19921074567736802
0.92368565537986425
0.64576214073884963
0.91980827389523279
0.33944615226555969
0.98854323515112552
0.25994221780810711
0.15299098766837496
0.73042228094419315
0.36212630007280699
0.22979573670699896
0.44600460926653512
0.28409612876984669
0.88068973124314109
0.650007413176374
0.4444324130406217
0.23435627274728948
0.83822917074319192
0.33990887637410472
0.018697911067769479
0.45402188512808106
0.74569861996578712
0.97990286725638498
0.6492001870298667
0.4043682998588265
0.48113652069489227
0.54244776601103117
0.58107661409595079
0.23165781317221951
0.17836851965667283
0.43801053994515438
0.34262403030934135
0.12912238790938441
0.65436825838026746
0.73918166188925105
0.59869869696510714
0.98700844404495747
0.12742919525731078
0.72127548045183731
0.89019611235803808
0.061218282787664113
0.45301856658881984
0.8890944350668597
0.084145985304939358
0.93532708353282856
0.44636205235140725
0.83566902682037825
0.54287893399832698
0.85308709251698134
0.13441248600157349
