0.388206
0.043521
0.112275
0.370312
0.342880
0.858490
0.099046
0.179864
0.945513
0.640184
0.353838
0.101055
0.097198
0.256871
0.779965
0.904952
0.049207
0.452618
0.465513
0.195224
0.152104
0.521218
0.068839
0.691577
0.846140
0.760155
0.760634
0.831034
0.545549
0.157132
0.684404
0.778364
0.219490
0.439675
0.562257
0.096892
0.646116
0.066447
0.078441
0.973079
0.941586
0.241897
0.724870
0.690220
0.098515
0.786381
0.198759
0.366554
0.535587
0.990431
0.205147
0.741913
0.134393
0.629870
0.285437
0.948441
0.303296
0.340911
0.679552
0.026347
0.527031
0.472027
0.270711
0.953297
0.409323
0.197270
0.152885
0.656269
0.411909
0.138682
0.189165
0.544330
0.970938
0.078702
0.689496
0.380297
0.384294
0.808069
0.150909
0.124571
0.507540
0.466632
0.013285
0.912110
0.554269
0.560136
0.991212
0.590749
0.578257
0.954889
0.101055
0.350613
0.508051
0.195928
0.676148
0.631419
0.827049
0.788842
0.468464
0.142145
