0.3882061669054897
0.70599962450818055
0.043520776708649095
0.55550349626525741
0.11227494147138752
0.35780355343541453
0.3703121725631548
0.3903632752294961
0.3428804448576212
0.28519709169147883
0.85849000212690019
0.43160571746892135
0.099046041711173191
0.10992613458723371
0.17986354589973622
0.012802183966419675
0.94551258276413852
0.8164918589518726
0.64018433677972897
0.39355626085482254
0.35383828400704465
0.15197458478847148
0.10105508168535011
0.30478956701775883
0.097197546729805476
0.23034252592131729
0.2568713939976382
0.41800663223261902
0.77996546141544831
0.83079315132236542
0.90495190111722146
0.91181700099455998
0.049206963033979818
0.28722085653438445
0.4526184025611949
0.39724426024789222
0.46551314514295428
0.20889600698610153
0.19522416776617843
0.2815352517061418
0.15210444452712496
0.10008120789840735
0.52121844205595247
0.34083506084773374
0.068839037653655483
0.031430920250666954
0.69157703393130632
0.93982479145343201
0.84614042259305466
0.4793339470385819
0.76015479475712378
0.73258083024995702
0.76063363694556307
0.79126217110390984
0.8310344256364588
0.97039414211500641
0.54554887520710782
0.5768934203820868
0.1571324599948466
0.55292510866584155
0.68440389326652551
0.55414295073499442
0.77836377251799338
0.3301134547482158
0.21948999675241265
0.32405848102254858
0.43967472732429441
0.79141903210924036
0.56225684840624135
0.45825351178318785
0.096891951519418013
0.61342311253275716
0.64611552182734688
0.072597133060529853
0.06644749031148757
0.15550889840207202
0.078440856763876299
0.43281413488747678
0.97307939061453785
0.96350134588357761
0.94158608376181752
0.76929528237269218
0.24189650335500784
0.17009723047098493
0.72487043628059356
0.59932970116649797
0.69022048800658509
0.17261191273032744
0.098515285351744544
0.36721492226860841
0.78638070509036684
0.80055135692983637
0.19875934044352581
0.36680694058641333
0.36655429995902217
0.453591852871708
0.53558686703457237
0.57035397280941291
0.99043099246892252
0.9607196335703192
0.20514724587650637
0.19921074567736802
0.74191251029325656
0.92368565537986425
0.13439306682171023
0.64576214073884963
0.62987032153193012
0.91980827389523279
0.28543656752146834
0.33944615226555969
0.94844145283804238
0.98854323515112552
0.30329625122294512
0.25994221780810711
0.3409106062355543
0.15299098766837496
0.67955249941127638
0.73042228094419315
0.026347261548597185
0.36212630007280699
0.52703100947049752
0.22979573670699896
0.47202672263777606
0.44600460926653512
0.27071105507433352
0.28409612876984669
0.95329692487589979
0.88068973124314109
0.40932333575362273
0.650007413176374
0.19726986249983602
0.4444324130406217
0.15288479208100567
0.23435627274728948
0.65626910207174394
0.83822917074319192
0.41190874665196553
0.33990887637410472
0.13868153438233893
0.018697911067769479
0.18916532016776152
0.45402188512808106
0.54433037818236607
0.74569861996578712
0.97093763111697473
0.97990286725638498
0.078701734965683459
0.6492001870298667
0.68949594579394169
0.4043682998588265
0.38029658348981438
0.48113652069489227
0.38429406957151491
0.54244776601103117
0.8080693526087035
0.58107661409595079
0.1509091094455694
0.23165781317221951
0.12457084850265494
0.17836851965667283
0.50753995805059104
0.43801053994515438
0.46663201833103257
0.34262403030934135
0.013285210650117051
0.12912238790938441
0.91210963115248334
0.65436825838026746
0.5542687853646675
0.73918166188925105
0.560135693853969
0.59869869696510714
0.99121247967913428
0.98700844404495747
0.59074883278651957
0.12742919525731078
0.57825669684425263
0.72127548045183731
0.95488889240961883
0.89019611235803808
0.10105508168535011
0.061218282787664113
0.35061327295107569
0.45301856658881984
0.50805056467474952
0.8890944350668597
0.19592811020569711
0.084145985304939358
0.67614753877397415
0.93532708353282856
0.63141867212014091
0.44636205235140725
0.8270488464036968
0.83566902682037825
0.78884185537898632
0.54287893399832698
0.46846350199686415
0.85308709251698134
0.14214470679638494
0.13441248600157349
