0.532141
0.056046
0.198709
0.040693
0.947611
0.395539
0.228053
0.726729
0.451266
0.632731
0.901684
0.425481
0.510251
0.131839
0.460600
0.091515
0.276437
0.617693
0.500918
0.902714
0.304844
0.649577
0.042121
0.311294
0.025063
0.225729
0.270483
0.781938
0.911905
0.213067
0.784478
0.007644
0.378895
0.876890
0.475231
0.825725
0.888503
0.147230
0.517795
0.606062
0.132003
0.160448
0.376757
0.918144
0.458507
0.231264
0.421125
0.823773
0.931845
0.841079
0.043287
0.265806
0.043437
0.180236
0.946211
0.268511
0.491305
0.575259
0.910777
0.096633
0.520276
0.580103
0.451579
0.799596
0.965451
0.125314
0.004121
0.197487
0.774270
0.921937
0.656097
0.096600
0.554351
0.246012
0.359237
0.017719
0.724343
0.093769
0.194868
0.991498
0.119323
0.196283
0.491648
0.572593
0.223602
0.006698
0.100010
0.177411
0.630553
0.574497
0.713361
0.416635
0.716962
0.327870
0.134941
0.270127
0.594802
0.576242
0.690940
0.737791
