0.778470
0.539024
0.329575
0.871588
0.020001
0.907100
0.263424
0.074631
0.818288
0.361163
0.353003
0.098584
0.697321
0.196067
0.551330
0.070192
0.762462
0.324209
0.251929
0.154366
0.656441
0.727872
0.521256
0.454937
0.091306
0.129491
0.781387
0.845145
0.242402
0.093907
0.475300
0.907119
0.000923
0.636402
0.685242
0.034167
0.296215
0.370939
0.426382
0.903127
0.925637
0.029665
0.927030
0.887095
0.542819
0.734932
0.963059
0.920050
0.326907
0.102262
0.989409
0.810298
0.723500
0.942596
0.811455
0.446169
0.839220
0.833509
0.175233
0.617950
0.247992
0.036458
0.518989
0.312961
0.601616
0.315800
0.851079
0.563611
0.388720
0.755430
0.231567
0.971809
0.434421
0.865043
0.477799
0.509793
0.031033
0.972552
0.216644
0.881849
0.476467
0.982982
0.664120
0.624675
0.340044
0.365284
0.154005
0.222668
0.612848
0.854464
0.918013
0.145972
0.893217
0.341585
0.091801
0.234140
0.551111
0.852711
0.730507
0.722897
