1.3202798805872023e-60
1.6291491144423676e-85
1.0737611479212274e-284
1.7496789648600567e-192
2.214641086762159e-05
1.4656360024694106e-24
5.2152400715446501e-47
7.3379131837934732e-91
1.1010868419504909e-275
5.6561580566265203e-197
0.05396070223266685
1.0272027943047912e-27
1.670071042992936e-47
3.3148088402220954e-77
1.721926139770641e-294
8.5378720321650864e-211
0.1307178032829773
1.7661112973201796e-23
2.3450534763620489e-30
1.462716631715692e-76
5.2229218906236625e-290
1.1356025461586446e-209
0.017416119216935134
2.8728437586167059e-24
2.9037217253258822e-47
4.6837639166921622e-71
7.5090369702857358e-278
4.0907223344749684e-206
0.018788565909534059
3.461346127687403e-25
3.0967778105679158e-48
5.1924583720159158e-78
2.336511375724971e-286
4.5534600771611237e-213
0.14498972099777957
9.43023462675165e-21
6.7791093945832658e-44
1.804598833326071e-76
4.2831778290664648e-274
2.0453318642801657e-194
0.030361956785370268
7.7906903879135222e-26
1.0033089983373097e-42
2.5537903723948887e-79
7.7183554885027512e-294
9.7380375634207707e-210
0.0025859067483145269
9.1277014497918457e-23
3.2766966005064833e-47
8.7176784816836222e-87
1.5107046013484727e-283
1.7671521913366069e-201
0.15819628695068275
1.7409460391119037e-21
2.3204582256035635e-50
2.5103226192779056e-80
3.3646236939699653e-275
6.7762024457994685e-212
1.8088849841082157e-05
7.9620772163344651e-23
7.9140426915709408e-41
1.5485554446611839e-77
4.5679887923867734e-276
5.0238733333282582e-214
0.45163449607716299
7.8653254967162496e-27
1.3128041430954073e-33
5.4641989642543858e-82
1.338754179082868e-285
1.4890870149385211e-200
0.046838681494267814
4.8264166364773683e-27
3.0895946278503871e-49
4.4580152432841758e-83
2.4906946923158495e-297
2.2175087648909635e-215
0.62841260475842053
1.8689919962136885e-30
6.6760299626568167e-37
1.1025750991546552e-89
2.7786678474672925e-281
1.8081794998739116e-198
0.13315739339716201
2.428067107832733e-15
1.3401636519308468e-44
9.0642998279234465e-90
7.3870783938762024e-284
6.3318203169987949e-206
0.07670574976355396
3.271674422555967e-31
7.0991889620741975e-45
5.9549374129890933e-73
9.501426585325835e-293
2.3345736859966011e-186
0.12366877246207132
1.9783614567528181e-19
6.512070790322877e-43
3.0809167258383644e-91
9.1625044003657705e-290
7.1976371546407069e-209
