3.0496111133969882e-18
6.284617914237215e-08
0.00023365579876191131
4.6631500110738871e-17
6.4312851956857209e-06
0.0013019799604543037
5.7693162489981412e-18
0.00028839348566020483
0.091569560983130877
5.3462575410915487e-10
1.6783852389197881e-06
0.0080897809055897382
2.1252844922305822e-08
2.848278702263829e-11
0.00042831524238711062
1.1009764589759575e-19
2.0027198172493619e-06
0.033689098844805511
1.4144382322868441e-15
4.4370982280946443e-06
0.00027404250401414612
6.4999156626356628e-12
2.6594571431349718e-08
0.00033131074711697389
1.9395720613667412e-11
2.3134041128216117e-10
0.31205651255870681
2.309566081310545e-14
4.5814485769091292e-05
0.0015334590573399132
4.6000852922372737e-15
5.4691608217967906e-11
0.020646303854218714
1.8769746142330073e-12
2.8622080967613116e-06
0.0012683589259799457
3.6154738952159311e-14
3.0878553234245822e-15
0.037151943971024885
9.1843927521092196e-15
1.1391104922675144e-06
0.048220549773714219
7.6178525967897874e-10
2.829151560229755e-07
0.00015630528423038736
1.3836253304102346e-26
3.4721018966275032e-08
0.0076336046279417685
2.3474323511311768e-16
4.0309411458588775e-09
0.019560306347978715
2.10473112521523e-11
1.0345467514318376e-06
0.095490794942910046
1.3045520122981074e-13
1.4802709301674853e-13
0.50348982509558549
1.2692134399200033e-14
0.00023547267094396794
0.0017029936813482637
5.159618941019257e-16
8.6658989917956646e-10
0.00073558724916446456
2.7619495716456158e-15
0.000445977194730257
0.00069905568956302297
1.5523605416837906e-12
1.2879048030154111e-06
0.082944208411544859
1.5100092132889788e-14
5.919297884931564e-09
0.0047111835773573137
3.7022733811763579e-19
2.1551881476881316e-11
0.16827519495798332
3.1659245514700517e-19
1.1832707780864978e-06
0.0014216214169986594
3.1658247917759003e-18
1.864687716656286e-09
0.032272263758280899
3.7171673239234058e-18
5.0486345055962089e-09
0.00089603849726253002
7.7839636893776009e-16
3.2853513403870457e-07
0.022491348064861669
2.1545341074225499e-16
5.1878933204153893e-05
0.4603521092352526
4.5421769062950451e-19
1.1607336271134877e-10
0.044595257331009726
3.9265264104657626e-15
0.007173893410651732
0.22503975409998106
6.2081005403636412e-20
7.7796015930428895e-10
0.021546177476016445
1.398924218164603e-18
