3.475003408432961e-118
0.0027858703857961777
0.34182602733560102
0.091600109861502396
0.27619155931451311
7.8166849662000045e-14
1.4364618461118655e-102
0.092767703086275896
0.55057462450245864
0.046177928665027262
0.00047532761390982499
6.159369099223218e-09
2.2206545448944196e-87
0.80827899044319995
0.27025895042425074
0.19084266521673843
0.10947724228033955
6.6121118219176354e-15
2.8335360407623222e-100
0.17877573216639503
0.086797003152028568
0.16392783565103494
0.049710076355558311
1.3051395510845736e-05
1.8760630836558874e-114
0.19842102187860158
0.60971583694940623
0.0002458219955495437
0.37251439955594368
2.9660635401940373e-14
2.0778955251640348e-111
0.019589729781632367
0.096574110412675065
0.14084570810286434
0.2500359055588337
7.810324795523254e-15
1.5529119332373696e-118
0.16606404953566023
0.48546895604351392
0.029953273248018147
0.40173483419776718
8.1413972678599414e-14
1.36632529985684e-97
0.57459014811425435
0.66731306166937276
0.0093948945020357506
0.3620302401730342
6.6451227079871277e-10
2.6015007700574937e-108
0.64062647973389386
0.2094389016914153
0.4417489311145788
0.46367009531382919
7.5790943531099057e-15
1.2353212838494023e-105
0.11492111989526237
0.28582155367157847
0.037883082353182523
0.00010888268505202531
1.7791103049028991e-12
4.0591302059686505e-107
0.25707985278258905
0.54884641507013154
0.0084721168217365816
0.35466057125069506
2.2266049517343173e-12
5.5692930096219364e-106
0.31030021482470771
0.057129645374343577
0.06284186010926264
0.30523851835124344
2.0269310835822557e-20
9.5980243032444377e-117
0.96810296779523231
0.01026516262548861
0.54758018346152371
0.043807211757630068
1.0001171288916953e-14
1.4118716574120565e-102
0.021218358987784978
0.089513384288837719
0.013915752615491337
0.38117450724997703
1.9947793040424662e-14
9.335147213252914e-117
0.57272367046393602
0.017930264550894172
0.0086528080542567169
0.76403006748256308
3.5065402737751142e-18
7.2415886919176643e-103
0.72315896309037131
0.036698349183348827
0.0048680735477820338
0.054972984528516108
2.9527069515706271e-09
2.7705121992863216e-100
0.55415174738584194
0.38290241694793137
0.23146502558966739
