0.000397
0.000000
0.000000
0.000000
0.000256
0.000005
0.008700
0.000000
0.000000
0.000000
0.008061
0.000006
0.002801
0.000000
0.000000
0.000000
0.000325
0.000014
0.000001
0.000000
0.000000
0.000000
0.000003
0.015656
0.003286
0.000000
0.000000
0.000000
0.000222
0.002117
0.246289
0.000000
0.000000
0.000000
0.000123
0.086448
0.159972
0.000000
0.000000
0.000000
0.001845
0.000053
0.009851
0.000000
0.000000
0.000000
0.002820
0.000011
0.027203
0.000000
0.000000
0.000000
0.000020
0.000239
0.017588
0.000000
0.000000
0.000000
0.000247
0.041105
0.000137
0.000000
0.000000
0.000000
0.001349
0.000940
0.000366
0.000000
0.000000
0.000000
0.255124
0.000007
0.000319
0.000000
0.000000
0.000000
0.000785
0.001071
0.012337
0.000000
0.000000
0.000000
0.073861
0.010883
0.042406
0.000000
0.000000
0.000000
0.030529
0.000773
0.033396
0.000000
0.000000
0.000000
0.000006
0.160617
0.001634
0.000000
0.000000
0.000000
