0.000000
0.000001
0.000000
0.000000
0.000000
0.000000
0.000000
0.001487
0.000000
0.000000
0.000000
0.000000
0.000000
0.000001
0.000000
0.000000
0.000000
0.000000
0.000000
0.000153
0.000000
0.000000
0.000000
0.000000
0.000000
0.003026
0.000000
0.000000
0.000000
0.000000
0.000000
0.000000
0.000000
0.000000
0.000000
0.000000
0.000000
0.076967
0.000000
0.000000
0.000000
0.000000
0.000000
0.003038
0.000000
0.000000
0.000000
0.000000
0.000000
0.100154
0.000000
0.000000
0.000000
0.000000
0.000000
0.000056
0.000000
0.000000
0.000000
0.000000
0.000000
0.090657
0.000000
0.000000
0.000000
0.000000
0.000000
0.002787
0.000000
0.000000
0.000000
0.000000
0.000000
0.040709
0.000000
0.000000
0.000000
0.000000
0.000000
0.135120
0.000000
0.000000
0.000000
0.000000
0.000000
0.000000
0.000000
0.000000
0.000000
0.000000
0.000000
0.000106
0.000000
0.000000
0.000000
0.000000
0.000000
0.000556
0.000000
0.000000
