0.012375
0.000000
0.000000
0.000000
0.241199
0.203809
0.011027
0.000000
0.000000
0.000000
0.046922
0.026073
0.034745
0.000000
0.000000
0.000000
0.553574
0.340311
0.011885
0.000000
0.000000
0.000000
0.004715
0.043792
0.016523
0.000000
0.000000
0.000000
0.367810
0.472180
0.000209
0.000000
0.000000
0.000000
0.006099
0.010634
0.018838
0.000000
0.000000
0.000000
0.064873
0.260585
0.068455
0.000000
0.000000
0.000000
0.798111
0.040797
0.066574
0.000000
0.000000
0.000000
0.103000
0.374502
0.012404
0.000000
0.000000
0.000000
0.505274
0.025425
0.003949
0.000000
0.000000
0.000000
0.171454
0.112481
0.151589
0.000000
0.000000
0.000000
0.008030
0.125188
0.000819
0.000000
0.000000
0.000000
0.000091
0.382326
0.000015
0.000000
0.000000
0.000000
0.485798
0.013271
0.034645
0.000000
0.000000
0.000000
0.480983
0.222756
0.156778
0.000000
0.000000
0.000000
0.292084
0.000674
0.015008
0.000000
0.000000
0.000000
