0.000000
0.000221
0.000000
0.000000
0.000000
0.000001
0.000000
0.000021
0.000000
0.000000
0.000000
0.000039
0.000000
0.000000
0.000000
0.000000
0.000000
0.000000
0.000000
0.000000
0.000000
0.000000
0.000000
0.000508
0.000000
0.000000
0.000000
0.000000
0.000000
0.046096
0.000000
0.000000
0.000000
0.000000
0.000000
0.020531
0.000000
0.000000
0.000000
0.000000
0.000000
0.017252
0.000000
0.000000
0.000000
0.000000
0.000000
0.003217
0.000000
0.000000
0.000000
0.000000
0.000000
0.000208
0.000000
0.000000
0.000000
0.000000
0.000000
0.000029
0.000000
0.000037
0.000000
0.000000
0.000000
0.000000
0.000000
0.000013
0.000000
0.000000
0.000000
0.007180
0.000000
0.000008
0.000000
0.000000
0.000000
0.000000
0.000000
0.000000
0.000000
0.000000
0.000000
0.001563
0.000000
0.000006
0.000000
0.000000
0.000000
0.017735
0.000000
0.000000
0.000000
0.000000
0.000000
0.000114
0.000000
0.000001
0.000000
0.000000
