2.1900447340581038e-178
4.2794917386766162e-07
6.7927006976679774e-185
1.4928999917263307e-100
7.5277297352264729e-19
7.3472858930869874e-05
1.3829445760945627e-172
5.0664947512528804e-13
1.2050775131591864e-178
6.5881075171796201e-102
6.5275236115908964e-23
1.5054538426559537e-12
4.1761990452382155e-188
3.2117131133279633e-07
1.4552962876155789e-195
9.2577064110415015e-107
9.9281550383316242e-25
3.2028095800765902e-07
5.117347025346067e-186
8.3886267794140584e-15
4.4087814811217943e-190
3.1406908538945389e-89
6.8628407441712123e-12
3.0924301878075887e-15
7.3166208512888256e-184
1.3940276211986559e-10
4.4343680021327863e-181
6.7103242766874362e-92
9.3028381287535916e-14
3.5310619575642563e-11
6.0546994858178642e-182
6.6496771557459816e-13
1.3970820698777143e-184
5.2742219774231963e-106
3.8877466073911011e-18
2.0991533696167648e-09
2.6690300577238809e-190
1.9241039134503628e-10
1.0213325081033363e-166
2.3822508606136304e-111
1.3428294979202373e-29
7.5057495413372e-11
6.4640494147758162e-194
3.0735829637307299e-07
4.1968375997755514e-186
7.6060451354885208e-99
6.6237145515028716e-24
2.8581203620323181e-07
9.0336255519908729e-187
8.7070732652236074e-14
2.4003568127599519e-196
6.0710280106938278e-101
4.9263027907314272e-18
0.00014196002021451011
2.11892805613652e-196
7.2116507510870739e-11
2.7336149965140581e-182
2.0068557382274622e-95
1.0397705648458611e-13
1.4951744811755949e-08
2.4279716178287313e-200
3.6166237014472856e-06
2.8516952340537668e-175
4.4517816692366705e-101
9.4106327607355857e-17
5.7799806695793976e-08
8.0016903762134225e-219
6.5380423079930171e-10
6.2759599437975332e-186
9.6111089374668098e-100
1.0154221173119299e-21
1.5136687482385441e-06
2.2936152750651733e-187
3.1306325268144787e-10
1.0125937458545732e-186
1.559147183054913e-100
1.2400441534554318e-16
1.2364695035078211e-08
9.2887332192997347e-192
6.7211732463993191e-12
1.5237841149391764e-177
3.0953536083286444e-111
3.1779335513362845e-23
1.6479897578724305e-06
5.0418686902349584e-189
3.3570023485275748e-14
5.3610219277912058e-185
2.7240414399943273e-111
4.9697667008223697e-19
9.0897485566749624e-06
9.1001962640088886e-185
1.5387703760131549e-08
1.346772946283696e-182
8.5272821861483741e-107
4.6821341700050019e-18
4.8958820890001176e-10
1.6604667185308682e-200
1.0989851909036731e-09
6.8305331350037854e-177
3.8708735248408424e-106
