1.4487221610171865e-29
2.0916810638669902e-10
3.1299425656551157e-159
6.4358573499039832e-128
0.010197700337770193
0.00096655091125684043
5.0392665064856207e-27
7.5197577088402774e-08
2.807921413002461e-171
1.2592956685421236e-115
0.15135284742399938
4.1081698024239292e-06
4.9086750432807119e-31
4.6757304551447192e-08
5.8431928158111195e-171
3.3587026247263435e-120
0.0037193717496019994
0.00041538786529973559
9.7417480995114212e-29
1.6085987172611073e-10
1.7121355579820084e-170
5.3662186808664466e-120
0.14236525621406726
0.00011299023149035388
2.2982489436591703e-29
2.3005003156812369e-14
2.2454364901515368e-164
9.9945188042816394e-127
0.0067408475161064253
3.8293768589096421e-06
7.0556029020539143e-28
4.4172981260120702e-10
8.6460761819002527e-174
1.5194255768464128e-127
0.027729592802976658
0.045202905986928957
2.0636074074945374e-27
6.857293224461502e-13
9.3291155003715558e-168
3.0002017566339331e-115
0.0011941617961045167
0.06063616711959758
3.8996183509364531e-36
6.7446252461233278e-11
1.7646920701094704e-173
7.8617936321204175e-113
0.0002451886298273131
0.00052138492094214487
4.3668061970481476e-34
4.255445234178351e-10
1.1291406784393333e-175
9.8717269030588798e-132
0.0049900329779111602
5.0298082092993136e-06
8.5437741771712198e-32
2.0912076611425681e-07
1.0350789068726932e-161
3.2765978836658771e-131
0.0024235347679870387
0.00065677935091680573
9.1033115768526969e-27
2.1995153315824958e-08
5.1293049027196176e-168
1.1856314785645073e-123
0.016460639121775568
2.1144160764823996e-06
3.0694707947175615e-31
1.346756695786164e-13
9.7386865155037401e-162
2.0951692238229457e-138
1.5268761675348913e-06
1.0166038391294047e-05
7.6650815281894138e-28
1.3257699705091847e-15
1.0759917415179788e-188
9.8517328755798909e-121
0.0037767411140517265
2.7405552709757415e-09
2.0752064730202004e-26
3.2144169286967475e-12
3.4716168630504144e-173
3.7665388025390521e-126
0.046292936336848008
0.021805349743831786
2.3206961434177898e-42
2.3724711167788769e-08
1.5074559591323525e-169
1.1132847497793617e-122
0.024058486668872489
8.2994972655969666e-07
3.8481541686948091e-42
1.1041104072950974e-10
1.724573536929285e-179
2.356303497811019e-119
0.00024038578997447746
0.0011808212698381036
7.450888649285628e-34
2.5267720658941019e-07
5.2866446402010607e-169
6.7155214713515203e-116
