4.9002140121197275e-174
6.0478171139866422e-15
1.6528123821222027e-197
3.9552086686264883e-118
7.0398674352683704e-20
4.1702796872327654e-05
7.4617291265039056e-144
1.8242541005149361e-15
1.3981613166839271e-212
3.5280698589073848e-123
1.1784263556182595e-20
6.9910144340482776e-06
2.9542794707761594e-156
4.9806115210667855e-18
5.0075713606916993e-218
5.6036365534182644e-105
1.0106329779689698e-27
0.049168342373380983
4.3718465615168165e-181
5.2305059035922867e-20
1.8221304607803738e-215
3.2943602468019288e-108
9.4335587812438671e-32
0.00029262756614231733
4.8598464699741405e-167
9.6215706260714279e-25
2.8818334006087876e-187
3.2138614208510998e-117
5.5720607493726943e-14
0.0027087725614794813
2.0241510239070272e-177
2.3658768196228294e-18
2.3095273951571364e-185
5.9782617987256094e-126
2.8938158554068596e-17
0.0024694640584301004
8.1002175824075557e-152
9.019663863341098e-19
3.5556390779566331e-212
1.8651610552852739e-119
1.2947944098682997e-33
0.00053549050181110483
1.7784645780680307e-155
6.2077236045914942e-18
4.121705612129454e-202
2.0662585990988839e-117
1.9169743519624548e-19
0.0003876838456975562
9.6627147030037234e-146
1.9582951418740425e-21
2.4801661896102353e-205
2.5853599647556521e-123
7.5675496344719092e-16
6.2516322313938813e-05
9.9876866576079703e-146
3.8750538138601367e-21
1.4979865764516172e-212
5.1190651296514013e-121
5.5864071073942044e-15
3.7503052697633218e-06
8.3224379912264202e-131
7.2883131400568965e-16
9.6008747181319951e-199
1.2361053742081414e-110
2.2106894116694116e-18
1.4056342953592977e-07
1.5348418714186285e-148
2.7841998865443821e-20
4.4098987723264476e-197
1.1652357305575355e-122
4.7408376168644634e-18
0.003164434078810062
3.0054154307913332e-142
2.4598808793380557e-10
6.1237547709486082e-219
2.1687172433835652e-122
2.0175802699022232e-24
1.6141857904327168e-05
1.0711727133036632e-163
1.1682257000511423e-18
5.1946547201020076e-191
8.1283375282748486e-123
1.0968183699379051e-20
0.0010978134824312486
5.2127457742736553e-157
5.781719750132021e-16
4.7182780825656688e-188
1.3431141368744859e-122
6.5868757876099265e-18
8.4044870249467266e-05
2.4419506325636632e-158
6.4735126504129286e-19
1.3641217501955965e-207
6.9612439178180745e-117
1.0121416381454609e-22
0.0042812585919656098
1.0897514186826498e-159
3.1417806681746634e-20
1.1418729087817587e-203
7.9039554615563486e-115
