0.000000
0.000000
0.000000
0.000000
0.176719
0.054915
0.000000
0.000000
0.000000
0.000000
0.166013
0.759407
0.000000
0.000040
0.000000
0.000000
0.044437
0.351650
0.000000
0.000002
0.000000
0.000000
0.054207
0.332891
0.000000
0.000081
0.000000
0.000000
0.012586
0.490745
0.000000
0.000031
0.000000
0.000000
0.056396
0.824194
0.000000
0.002892
0.000000
0.000000
0.000187
0.066849
0.000000
0.001906
0.000000
0.000000
0.039471
0.603461
0.000000
0.000882
0.000000
0.000000
0.027043
0.128071
0.000000
0.000994
0.000000
0.000000
0.000495
0.199549
0.000000
0.000021
0.000000
0.000000
0.008817
0.065911
0.000000
0.000002
0.000000
0.000000
0.044548
0.011899
0.000000
0.000885
0.000000
0.000000
0.012242
0.809234
0.000000
0.000000
0.000000
0.000000
0.003446
0.435190
0.000000
0.000000
0.000000
0.000000
0.034998
0.053452
0.000000
0.000074
0.000000
0.000000
0.063674
0.768296
0.000000
0.011304
0.000000
0.000000
