2.6560073578991898e-258
2.9975663853629998e-21
0.0011111641302466333
6.9089490901846056e-35
3.6248916294003823e-05
4.531445987098019e-64
2.5937627817663285e-258
1.0165353128907073e-25
3.4155093342472427e-07
2.2172482860855871e-34
7.4338072223102344e-11
3.8597241457409578e-55
5.7120435511502351e-256
5.0266316722349537e-25
0.0018744641803524703
1.0016845504471492e-41
2.8243561103388708e-05
1.0206045018187811e-68
3.0816100180884763e-247
1.0339113421494235e-15
3.109326296199488e-14
2.1360656059270663e-46
3.7523700234229069e-09
9.5597030725740386e-74
1.2241058204781493e-246
1.7152194226805547e-32
0.00020550312721418889
3.3442670274395518e-31
5.6430628242506242e-10
1.1437025033783659e-56
7.0435476548400771e-247
7.2660450897082107e-17
0.0044013253457576658
6.9414924196391222e-37
1.1858609024992428e-14
2.349372311558766e-64
3.0296581138455582e-244
4.3600348011221744e-18
0.047795320240090991
6.9836652517941715e-35
5.5261514559636355e-08
3.8611330363756703e-71
1.4114599672598101e-247
6.494560134376686e-28
1.1362584710443717e-07
3.005728552835977e-29
3.6374822863685921e-15
8.5062764257484527e-57
2.6911060912992137e-267
1.9942516676129933e-24
0.00048408492369231846
9.4585846409712878e-46
1.8252000327952429e-21
4.9658219381663551e-60
3.2185476016107189e-237
4.0807521528552114e-28
1.7015617524619377e-05
2.7309299990631563e-45
0.0098935667869173745
2.2002763948444811e-58
2.283943727389857e-257
5.7094389298502896e-24
7.3962413316431942e-06
1.1545627558556517e-27
9.811574925870681e-06
7.4404257590930307e-62
2.9365227862077516e-250
9.0136610541457806e-25
0.00063901243097019584
3.4323803556702052e-50
1.818865411903722e-06
2.6621715363684445e-76
1.5029617742933119e-248
2.5106164020259446e-27
0.0015988068213583081
2.7458226319813487e-43
4.8995395306931587e-06
3.1170935162400398e-68
2.3406427247055704e-256
3.4267842576041943e-30
0.00029577973370232971
2.3797009565366237e-40
1.8266689754594619e-11
5.6502637895962812e-57
8.657331962437406e-252
8.6919575979662346e-26
3.1999014738748869e-08
2.0788175629498952e-43
8.6262139276686508e-11
3.5943467983719847e-53
5.0741123553719237e-250
8.002210551776772e-30
1.9576403701120879e-10
3.0487829431148954e-44
7.4255299679258708e-08
5.3367772528113726e-54
8.8159074197270172e-247
2.4993350031187312e-22
0.0067435075741748294
7.2154227218410951e-31
