1.6038652377373313e-269
1.2620131482017112e-05
0.011981288307951692
5.4862464556816942e-05
5.2268514437329387e-11
0.0003054375659361297
2.1882880444200059e-265
0.0005696317603560428
0.020119009325572416
7.7073503141218209e-09
3.3446238753731041e-13
2.7586699466963892e-05
3.3127031357603793e-248
0.0015981467128680261
0.16781037372942817
1.1506397096694755e-07
2.5594677315835053e-14
0.00016035174632955418
2.9073986564087373e-257
0.002549282239636211
0.72397203932807253
1.8247738887576621e-08
2.7673877105113018e-12
0.029931329527147998
9.2441817574587309e-260
0.00084426126663346218
0.4870050955602967
3.1645099888001914e-07
2.604756039029988e-11
0.00076043897204142175
1.9971868188460088e-272
0.0010556062485373595
0.15561211682029225
5.4862464556816807e-05
1.684085643182117e-11
4.0341942875540509e-08
4.8783386482624047e-273
0.00095210772319178358
0.14439792113162536
6.9376291645523161e-06
2.096160775183463e-09
7.8169278430209284e-08
3.4006677164627057e-267
0.00015019514465079321
0.19641574391044295
2.5417193861002306e-06
5.9133208153419771e-11
3.6099375345975771e-08
2.3388169492190882e-261
3.2817880402930695e-06
0.018619465622241815
1.0134125285448918e-05
5.4779599808784314e-18
0.0019515008190712415
5.8852820718330554e-268
0.0045518879584885994
0.026943802539892779
1.1313059752052694e-06
3.5179182028420202e-09
0.0048139427263937055
1.0043122994033756e-263
0.00021418760679279482
0.18506361623129425
1.224138600229615e-11
2.6088618029755537e-18
2.2913157653223817e-10
3.7403054043007752e-268
0.00072087724612378799
0.16438364795594995
8.9155641820132546e-05
2.4018373088065486e-15
9.0688264753099702e-05
3.754465374682581e-262
7.2037579950505716e-07
0.47402082506328214
0.0041844658992973476
1.7902092970072264e-14
7.4082096330980843e-08
1.108572821337078e-266
0.00046751930084381569
0.00087893476987532847
6.9306958786287393e-07
8.8818881511744167e-15
0.0029061118458857836
1.9671744785498778e-259
0.00038603440253391576
0.11600773872426465
2.1125203527865732e-05
4.8719635792545156e-12
0.0077940517185618556
6.1141144794783903e-267
0.00022809093601153075
0.015360963374170701
2.2827051489123796e-05
2.1802914477288879e-15
0.017795355080026675
2.0263266310034732e-260
0.0020609919906800921
0.3122241461422377
1.4659801000649829e-06
