0.9278092348468896
5.8640440053611276e-07
3.4976144591934783e-129
1.3053122750318243e-63
0.15130555678934285
0.18810496382812844
0.0066536295028079909
1.5946470936220233e-06
4.5233270480527345e-123
1.1375412105835631e-59
0.64240602003829905
0.17234880554158835
0.017330705855205995
1.3445354068697522e-06
8.3269389549030621e-124
1.3924266144727543e-69
0.225695576605555
0.39818004578050348
0.44962696431423743
3.0267940818610535e-05
6.9583421131779499e-118
1.0913112108225725e-49
0.018292474804438918
0.11870597891670615
0.64359243850070658
7.3679470790151267e-07
4.3704470901707142e-134
6.7142097204580082e-68
0.76874347836663959
0.6606751125274003
0.092736808278323701
1.1353403489875909e-10
2.4897151868101118e-115
7.9019823150829474e-60
0.066184719439705719
0.37897377356300993
0.00712324141965592
2.580100496535392e-09
1.0240576660413289e-119
1.5498166415569638e-61
0.013915752615491337
0.0019482970533858991
0.36027092610729083
2.8842756718041907e-11
6.4595893797213715e-125
3.2196207453533253e-61
0.02182979732321071
0.26021794854461155
0.4644209875789389
5.3010974887350062e-07
8.3931772538950851e-117
1.2465021168142899e-55
0.46442098757893913
0.10987127273315951
0.94343305588874582
2.0684127540053476e-11
8.6464370696151413e-128
3.2243909853458283e-62
0.45100002965199337
0.1272529598459291
0.32368691149787682
2.5931193040542631e-10
1.0222862602930932e-108
3.1735153053480877e-59
0.2316660196724549
0.047071996577197392
0.29505180896818939
1.7019561887468866e-08
7.0817399758687423e-129
6.1882562547957429e-59
0.066436104765171505
0.039684122232312553
0.31787675434451729
1.1187879671261228e-08
5.0549783575595672e-120
4.5069572599134348e-57
0.954503377601156
0.40005380668818219
0.069211517313958526
2.8012350887241646e-12
9.9003436778395969e-126
2.8063453219199797e-58
0.3659391097878732
0.117559279796556
0.04542869667525927
1.137847524170086e-07
1.5290958801256569e-125
1.2497682833335658e-52
0.9488725551085424
0.0048235661480524727
0.0066746730591160253
4.8582131583582216e-05
2.4707933283361177e-134
1.4668123239441629e-61
0.21049269656513975
0.22589261736509234
0.58382793509228725
2.606271516133574e-08
1.0704175125878931e-118
4.8180845665329708e-52
