0.000000
0.000000
0.000000
0.000000
0.000017
0.003310
0.000000
0.000000
0.000000
0.000000
0.000000
0.000016
0.000000
0.000000
0.000000
0.000000
0.000000
0.000106
0.000000
0.000000
0.000000
0.000000
0.000000
0.000044
0.000000
0.000000
0.000000
0.000000
0.000000
0.000000
0.000000
0.000000
0.000000
0.000000
0.000000
0.020554
0.000000
0.000000
0.000000
0.000000
0.000000
0.001574
0.000000
0.000000
0.000000
0.000000
0.000000
0.002210
0.000000
0.000000
0.000000
0.000000
0.000000
0.000090
0.000000
0.000000
0.000000
0.000000
0.000000
0.000001
0.000000
0.000000
0.000000
0.000000
0.000000
0.000009
0.000000
0.000000
0.000000
0.000000
0.000000
0.000001
0.000000
0.000000
0.000000
0.000000
0.000000
0.000012
0.000000
0.000000
0.000000
0.000000
0.000000
0.053658
0.000000
0.000000
0.000000
0.000000
0.000000
0.001925
0.000000
0.000000
0.000000
0.000000
0.000000
0.000581
0.000000
0.000000
0.000000
0.000000
