8.8421136126373606e-168
6.6744601897892139e-55
4.6005251773088856e-29
1.0752496987191561e-30
1.4129598642140938e-18
0.0057175762929302879
1.0243460596255169e-169
6.5270049860464508e-37
1.9275798008305391e-36
4.4731275634524859e-39
8.6100375816331795e-20
0.033178280303754804
1.1143262976473933e-170
3.5062861964449194e-41
6.8645129443331198e-42
2.7480026061040745e-30
2.5674110807612721e-19
0.27927132097315488
4.4007260278819148e-158
4.4616483050488437e-39
1.3121015879352275e-37
8.1461652894034928e-25
2.7785148685935682e-21
0.00084709891626727192
7.6078829398060396e-161
1.1159556324398741e-39
6.9583570825972926e-33
1.2774355235317306e-29
2.8240099785498946e-23
0.00081194771695126922
1.3247209869207565e-171
6.6021408556445561e-50
1.1364244896702003e-37
1.9877365348197068e-29
2.1322537919728916e-20
0.00077398362577837162
1.1339181324038233e-164
1.7448191821636674e-34
4.1723436308805084e-34
1.3824225196461577e-33
9.9093852795465691e-23
0.027831875293030477
9.2207422017682865e-162
3.3968961948371875e-45
3.9290999706137403e-44
1.6815616483144332e-27
9.2164948145410727e-17
0.0025296117140592143
2.8418920853770178e-172
3.9908210148350334e-39
7.6921111008491001e-36
4.5294431415748033e-36
5.1261718048844072e-19
0.25963192235621879
1.0455281717307494e-172
2.1842105371224703e-50
3.0360202654777232e-33
1.0419230909346721e-29
6.0210964403856821e-19
0.000180379138623326
1.6269913602940524e-174
7.6860759484955035e-45
8.9166345237196254e-43
4.3313864810437105e-32
6.1233376469150987e-16
0.0024453965158536604
2.899425783852664e-171
2.8253051040071685e-39
3.9562279734019892e-38
2.9541950171680545e-31
3.9866808300356005e-14
0.0026737234882169818
1.202263645632593e-159
7.6791264745608331e-51
2.2160381246074797e-37
2.0858051538506954e-37
2.7924602382842394e-19
0.0165169125785199
1.6004817949015974e-179
1.3037343012694566e-49
7.3258353895942227e-39
1.5390964885428652e-32
7.4238709802156733e-15
0.070650325972576561
1.3100483405109011e-172
1.7153865852642839e-41
9.8331948568769668e-41
1.1629838294652833e-37
3.1438007811706124e-18
0.14512658320646929
5.2671974166979487e-166
8.2607515313863065e-40
1.278064295786501e-44
8.3206668878723666e-35
2.6986928346227395e-21
0.012115819370918709
4.6004929136926525e-168
1.7877802675330912e-40
7.9127982590911881e-39
5.093860605473067e-35
