1.2725416513621434e-69
4.7618248411329483e-06
3.4944882213846734e-33
1.1839082912488448e-11
0.00023883972047321445
0.00085387574160060897
2.2349894018995571e-60
3.3390016181172198e-09
1.2144898451227495e-35
3.2802978330165593e-06
0.0011284279185669508
8.2880651121688354e-07
3.6040109310138537e-68
9.1150804667307561e-09
2.0247773379459001e-40
4.2317155430711324e-08
0.0001293611211205392
2.0807610960883497e-05
1.27257675046648e-78
4.4108316370505272e-05
6.9828191212898024e-26
7.4665642609810185e-06
0.0055696460194120164
0.0030846871001352144
3.7503998651793209e-69
0.00031798000528296606
1.3655112286822417e-38
4.9620052596422761e-06
0.0012212853490829207
1.5347851427333664e-07
1.0567787937172004e-69
1.2983158793479469e-10
5.0409898737485898e-32
5.3260722742694059e-14
2.4219572216856435e-06
4.192733877599223e-09
3.5270432817082865e-69
0.00043548139594015619
2.380999466473343e-41
0.03999909249707375
4.7790976301995252e-06
0.02182979732321071
7.7737828398872572e-74
0.05348916409596275
2.0083209130383327e-30
8.3940253786425719e-06
1.7062161078841075e-06
3.2802978330165475e-06
7.4205592379046586e-77
0.00032457822418338871
6.4671911006876183e-35
5.4900872278773626e-09
0.001048144032154261
0.00018265430495930822
4.1455565999192349e-70
3.7147472414991378e-06
8.0801128255786541e-40
1.3784096482039326e-12
0.0017513931221775595
0.095840094685928537
2.3770280867027115e-68
0.017970925925710757
6.628330882963911e-42
0.00068795359985187969
3.3074081794482946e-05
0.00033173604978871179
2.4569030882765466e-57
1.7737568139314616e-06
9.6565106483383737e-33
1.2623960494692928e-08
3.1441621384672104e-10
9.26911838371309e-05
1.0353429192029929e-76
4.6691827374672013e-05
1.2120829869061549e-38
3.0816147533696231e-09
0.00014202163916332675
1.6163907781940711e-12
5.9201061673105604e-63
0.00088781826711671467
3.6680240373454362e-49
1.244660865976303e-08
8.6885436284606552e-05
0.00012310568254023059
4.7717609218223646e-81
0.00029300407801283895
1.2774974140410477e-36
7.8075997901541821e-13
0.00077691659179090545
3.5945386768061889e-05
5.9159583817682934e-75
2.7772261150872896e-07
4.6901483912084767e-36
1.2525174983348658e-15
1.068297630781957e-06
3.7965186115176424e-06
1.5548963073486546e-70
8.4315126491609047e-09
8.7187887406361195e-29
5.6402709317719079e-09
