1.9728849766324898e-59
8.5713185156561094e-20
1.3003890047497099e-99
6.2394133169084999e-35
3.3365905291384376e-15
8.1263749602714179e-11
8.8477081154217412e-61
2.1322229188454255e-16
2.9412036895452145e-104
3.0112781486584755e-33
5.3065445730875757e-12
1.6510075088656838e-11
4.3411978068451949e-56
4.2343151870737424e-15
1.2575152598773065e-91
1.3880920707717885e-33
4.2724307889725995e-13
5.276636594925544e-14
2.747287554714274e-58
1.0814046148979082e-29
7.0497922578249377e-97
3.3004038033735293e-43
6.5006610403121137e-10
1.9283485583650626e-11
5.8956615352015314e-46
1.7073763115778265e-23
4.3907175725755069e-107
1.1944968748452093e-34
1.0304611351841604e-09
7.6015319971175803e-15
4.1740123194573411e-57
3.5718250039514457e-22
6.1140269484060486e-95
5.4182450228227287e-39
2.5512424115074988e-16
1.8633197177694394e-12
1.4072203151162919e-55
5.7817197501319796e-16
2.9470722768556209e-97
2.0468973831701471e-38
1.2397525306207468e-13
1.1261324560511842e-06
4.8107726988382886e-51
6.3283615180814436e-15
1.3575804281620841e-110
1.235539383754237e-39
1.0627346891536823e-23
1.7687469965369563e-12
1.9749869615110997e-64
1.1641499759223336e-18
1.4877126796211667e-102
5.3403926505664533e-43
3.9968753987916422e-15
1.5073032286345726e-09
4.1173073982324265e-60
2.4566077094831911e-21
3.8058210719142661e-115
1.8122760834492381e-38
3.5018899461030538e-15
5.3950523244701726e-10
2.8322829558621812e-51
7.0082273621152478e-22
2.9535043958443061e-98
7.7616275789368441e-32
6.2775342109343658e-13
4.3181299917763974e-06
1.3514446598699202e-51
2.9834256326444626e-18
8.2705579979492331e-112
4.8365349082381209e-41
2.480683907712635e-11
1.0568216672308308e-14
3.3985079261403244e-59
1.6718033551334752e-20
3.9087893450235024e-100
1.2390598119721666e-33
3.5963003046447271e-16
2.6193614160561273e-10
8.6806935539654323e-51
1.540110185528944e-24
9.2648488575698748e-93
9.6036807185643247e-35
1.1587004617362005e-13
7.6830392000402618e-08
3.2791688266664609e-67
1.9138483296639468e-18
3.9627087603616396e-109
3.1985991119659486e-33
2.188182069976262e-10
2.3551096324068991e-09
3.5596880394550864e-49
4.8384602903084679e-21
1.1305952791525325e-94
1.3475990471492071e-37
8.8664626326812134e-14
1.4327010047215819e-07
2.2719527429270777e-66
3.3423907885674862e-23
3.6295527062514004e-111
7.5816585997499781e-34
