0.550690
0.000000
0.000000
0.000000
0.000000
0.024500
0.597569
0.000003
0.000000
0.000000
0.000018
0.143808
0.859889
0.000007
0.000000
0.000000
0.011400
0.032331
0.469478
0.000000
0.000000
0.000000
0.000000
0.565971
0.232808
0.000100
0.000000
0.000000
0.000000
0.098285
0.042391
0.000005
0.000000
0.000000
0.000000
0.031504
0.247627
0.000000
0.000000
0.000000
0.000000
0.335704
0.618346
0.000000
0.000000
0.000000
0.000000
0.460780
0.704361
0.000003
0.000000
0.000000
0.000000
0.009527
0.057110
0.000000
0.000000
0.000000
0.000001
0.973731
0.757937
0.000001
0.000000
0.000000
0.000000
0.025023
0.427759
0.000000
0.000000
0.000000
0.000017
0.173619
0.916351
0.000133
0.000000
0.000000
0.004357
0.490855
0.778209
0.000000
0.000000
0.000000
0.000000
0.296261
0.394938
0.000000
0.000000
0.000000
0.000003
0.090627
0.384442
0.000159
0.000000
0.000000
0.000062
0.126035
0.355760
0.000000
0.000000
0.000000
