1.0943244032312749e-125
6.8493970986111843e-11
8.0671469068148586e-21
3.8873472571450855e-10
0.27435588138789946
1.1273138872106574e-27
2.4172972456740008e-122
6.6961161925748257e-10
5.8146285573128611e-22
6.2359391685328625e-10
0.24847516924856111
4.6618242313301677e-29
1.1903901278816532e-120
1.6313279588040313e-08
8.473773432144933e-19
9.4750309897835506e-09
0.35879374981830819
4.9747368343993003e-19
4.7543108888142775e-123
0.00022381008435947206
9.6015074096131726e-24
4.6126564515386838e-08
0.20826614784226366
3.4522279342853327e-29
4.947129880256224e-127
3.2149537559109443e-08
1.1155535595263152e-22
1.0885838986918997e-07
0.12040540978275645
1.0204604675146244e-32
1.2090181159329859e-126
3.0048899025996534e-06
7.2303218393271657e-22
5.1513177813483505e-13
0.0006193576431706764
2.1586969663261716e-29
1.357056890276599e-120
8.0589709526381702e-07
4.7167408330525841e-17
2.8740454944631736e-07
0.0030105504005627278
2.8454085225225054e-25
1.8599279387280483e-122
1.0136911941925646e-08
3.6689606744936368e-27
1.0678078685847845e-06
0.048203473923524809
5.7429983624799476e-36
4.4931725627339694e-116
9.9539311193954862e-13
6.0575608478294353e-20
1.5101771350751277e-09
0.0055255516182024823
2.9398244980759016e-34
1.5412694414249522e-121
4.8429511267737068e-07
4.4656740342818549e-27
5.6405124056148902e-11
0.23388599849828293
1.5982550190645851e-28
5.0944921704556573e-132
9.6404906597108506e-11
1.176666373747558e-21
2.153330776268526e-06
0.2282677078225
1.3338616112792899e-23
2.3119495924791609e-122
1.9600713709034564e-12
1.6049132274794414e-29
6.7478750589340167e-11
0.030517949360162187
3.1990565140703045e-35
4.2047861716583089e-122
3.7827340534460048e-12
6.4187610763019974e-19
1.35636028438225e-10
0.027678583820891133
1.0592969064936348e-31
5.1324267568326374e-124
2.2579205754072276e-14
9.7440383536909342e-25
2.4681526465082616e-10
0.00092733773293498514
6.0611617181672824e-33
3.9963235231817082e-122
4.3786813748253881e-14
3.4829875347646675e-24
9.6869872254816995e-11
0.10367978791066788
1.4554293163997714e-28
7.5883762948897217e-121
1.1936960150443229e-11
2.7401540533543728e-26
6.6166090537722814e-10
0.41040384530860269
3.0869827182750151e-26
3.7253019032640417e-119
1.8746218705490743e-05
2.823385795705072e-26
1.2606112752314459e-08
