6.9668366046471737e-19
4.4664638873202258e-249
0
0
5.835929216156133e-123
1.512387693962556e-202
9.8695690856758058e-16
4.8695779328290997e-249
0
0
8.9054947660399682e-127
7.3732171503724596e-198
1.4860873640596819e-15
4.7088350325000471e-257
0
0
6.7589471259719102e-134
6.0579189119396922e-201
4.4327192339926549e-17
5.2610091188531309e-258
0
0
9.458842499824291e-126
9.4409559844210584e-211
4.5488822967680891e-09
1.4472573834996583e-272
0
3.0864314520628871e-309
1.5035721351274125e-127
2.6018917281027525e-209
1.5421177929787809e-11
1.1224975696658692e-255
0
0
3.6296274133203755e-134
3.0084659331207303e-201
8.7343860219474769e-15
3.0262035899949588e-257
0
0
1.2522515330952808e-126
3.6064522289707541e-198
5.4418873826064326e-21
2.7502099467201467e-256
0
0
2.2153099772667287e-125
6.0369093112996786e-198
6.9658495466379408e-11
1.6271058870718723e-273
0
0
8.6873445286889955e-128
9.2412635530734652e-204
3.1187972990315132e-13
7.1657672431766667e-259
0
0
3.9546085555567538e-135
5.7767548938953154e-213
5.7597790677076373e-15
5.0741175129717205e-251
0
0
3.0339048660727107e-132
8.7711801719760184e-208
1.6407090865481616e-19
6.711532781520562e-256
0
0
6.0559991760211411e-136
9.146743422549799e-210
1.4109477178199231e-15
2.9443018266966964e-260
0
0
5.7537443381902616e-126
1.7034297938388465e-199
2.9639283941860221e-15
3.9513918456235614e-263
0
0
1.5396065529521323e-119
3.5691169322022059e-197
1.0133785836379035e-17
7.3181393638158495e-251
0
0
2.1792544047609679e-129
1.7302815468266244e-189
3.8576794026093067e-13
1.8872824487910311e-257
0
0
1.9823097490742385e-131
3.68804519044059e-201
3.944680146276571e-20
4.6769617096056157e-268
0
0
