3.678288231279778e-27
1.9843905969735368e-131
0
2.166691336812659e-236
3.0185794430358493e-06
4.4528334303026119e-31
1.4968677824192077e-27
1.7751211672854265e-124
0
2.043290404013637e-233
0.00051348866787746025
6.7834122937302249e-38
4.0296198466809985e-34
3.7551847336741858e-123
0
1.0842056423620121e-221
0.0070952501107535348
3.5554796357386509e-31
2.7392675436014156e-22
1.9238456217403133e-127
0
2.0226428143425749e-238
5.0370030898685554e-05
1.7651510595105583e-26
3.6281289903995476e-30
8.8436380561179671e-128
0
7.4704940934451413e-232
2.7772261150873055e-07
5.3815948122864211e-32
5.0065575664714251e-24
1.081692495496387e-123
0
2.0355272358109125e-239
1.9479237525669653e-05
1.6676151827415491e-20
9.4636813509608514e-22
5.6257765557821364e-115
0
5.9106628629665667e-229
9.957152500378567e-05
7.3682367617055206e-26
2.4598479467297805e-24
1.3987947876734575e-139
0
2.6905481726830147e-224
6.7836178841696178e-05
1.922825896073172e-33
5.6243989147876789e-25
4.1123843966109139e-134
0
6.5291299525175401e-234
0.0012309709889147219
6.8000976764773585e-33
5.9437828131764192e-31
4.400830878888498e-130
0
4.7499461176295134e-234
6.6887549880142276e-06
1.038683269745708e-28
3.5663059664730117e-28
2.751872464885193e-144
0
1.0204872847333109e-230
0.00011477554567016163
2.6864871232477623e-26
2.8469382989739134e-28
4.1304748432265312e-119
0
9.43008814870021e-229
1.0293400950126035e-06
2.0630317884980911e-29
4.4311195679219484e-28
8.8259062283201016e-124
0
5.6873407054986624e-223
0.00012510260125350291
4.5434793074124479e-37
2.2645330770247804e-28
2.6391907645238555e-118
0
4.2016224963729031e-237
1.4721528121315463e-05
1.7266526922120515e-32
1.4889190060142147e-21
1.653743091009047e-139
0
2.9617369398782544e-229
1.7808465560930254e-05
1.1655039279297408e-32
1.1091352723700632e-24
9.3688173133317629e-128
0
2.4659547985448018e-225
6.9306958786287647e-07
1.8947472850473019e-34
4.0165275366877615e-24
7.1805166520108925e-138
0
1.3062771158685159e-238
