8.030958894717277e-290
1.1303402577800964e-09
8.6070668181501226e-88
5.3583127475022344e-12
4.9468365989586404e-09
0.1316805812981767
4.682345848154671e-299
8.0954801937723778e-08
2.5175096581793202e-113
2.9015208672411004e-06
7.6723660898660382e-14
0.065052903851126234
3.6396579405774851e-285
3.6934948622258327e-13
9.8876981496254767e-96
6.71082646416648e-14
7.8945994025593984e-05
0.41674971295318403
4.4554528175946861e-282
9.0938369778796791e-06
3.2924077849547468e-118
1.3285562991236154e-09
7.4510572061181374e-05
0.26590986493679208
2.3418539933016198e-282
1.8961048277049875e-07
1.1145804403023599e-115
1.7384700657847799e-06
6.4101317924064423e-05
0.046656110841744744
1.146665298639348e-274
1.3823264341285975e-11
5.2783378176758449e-72
4.9028120694614662e-12
3.3628553210866791e-09
0.10252626981994872
7.9967516435866114e-285
1.3485423978579901e-08
6.9104974709316581e-79
9.5634445016308407e-06
9.26911838371309e-05
0.010453904199918139
3.7942638184520478e-277
2.5553443369993517e-08
1.2431460706593777e-109
2.7649624955327848e-06
6.8674752500482648e-05
0.032484735285377625
2.6068869141114691e-300
1.5326457943765218e-07
1.0294431733470276e-138
2.9908051138203774e-09
8.2387060725379326e-07
0.0014903190309939196
2.0719866867994072e-280
1.6131041283905347e-11
7.5711088987302208e-94
2.5181254018569643e-11
5.6226415561790645e-08
0.029636557755518898
3.7144720332708416e-287
5.6349327528941856e-09
3.1622867376319064e-133
1.8894495191156529e-08
2.6519715860948925e-08
0.37725707096703454
1.2324012175435137e-285
5.9195079378373473e-08
2.1639328365626271e-84
1.0820314657478686e-10
3.0147262125024971e-08
0.0013526431891213787
2.5943405491123255e-292
9.6963133239020726e-11
7.7270814756794389e-92
3.8164001437076591e-11
7.6782563347818545e-09
0.46249136150542103
1.269505098727138e-275
3.2194831566706825e-08
1.9208149181856229e-114
3.662802467898342e-08
0.0050925593167750064
0.0056994457450194646
5.0708396430508647e-292
0.0038411453168703856
1.241292483382093e-137
4.3671956428605593e-09
8.3364291450861481e-09
0.35319861481688997
8.193109213657524e-289
2.0445483021811083e-11
4.4334588526710007e-89
8.8844426235490959e-05
9.3267574198278147e-10
0.022290924258735502
2.8242284365579525e-289
1.4095633079236681e-07
1.2800821302706049e-100
5.5665019973305578e-05
