0.047072
0.000000
0.000000
0.000000
0.146271
0.000000
0.097927
0.000000
0.000000
0.000000
0.003567
0.000000
0.001054
0.000000
0.000000
0.000000
0.021155
0.000000
0.007062
0.000000
0.000000
0.000000
0.461100
0.000000
0.070578
0.000000
0.000000
0.000000
0.367155
0.000000
0.000260
0.000000
0.000000
0.000000
0.053021
0.000000
0.000175
0.000000
0.000000
0.000000
0.003041
0.000000
0.000113
0.000000
0.000000
0.000000
0.000004
0.000000
0.001287
0.000000
0.000000
0.000000
0.911704
0.000000
0.000438
0.000000
0.000000
0.000000
0.482622
0.000000
0.011944
0.000000
0.000000
0.000000
0.064071
0.000000
0.000185
0.000000
0.000000
0.000000
0.033738
0.000000
0.058972
0.000000
0.000000
0.000000
0.049047
0.000000
0.000302
0.000000
0.000000
0.000000
0.012840
0.000001
0.001150
0.000000
0.000000
0.000000
0.066642
0.000000
0.007730
0.000000
0.000000
0.000000
0.381270
0.000000
0.000764
0.000000
0.000000
0.000000
