9.4008163959160708e-201
2.6685626609283276e-06
0.0022534978923782014
2.1271065001239999e-10
2.6411626259002822e-05
0.00014251553908232155
1.2149764444520666e-196
9.1155633800807219e-10
6.9798559241999292e-05
1.3045769709193235e-12
4.3836050591387922e-10
2.0016271901280658e-05
5.4890294429041548e-197
6.2934585822416753e-06
0.00017424629390723449
4.5392309592590836e-13
7.6127627925718215e-05
0.04791403506101681
3.4615451512082033e-194
3.3298304889824069e-06
2.4518507599950744e-13
3.1947909616897987e-16
1.596648586312916e-07
0.15854028009017002
6.7454889111600624e-194
4.4077689094656213e-08
1.7103325029500045e-07
1.3077588884810766e-12
3.2421113504172864e-05
0.0030846871001352079
8.5982554143062032e-195
7.7621975498235553e-09
0.00046218731948945548
8.1263749602714179e-11
6.3657613331543439e-11
0.0094315360792067045
2.9421458948153498e-200
4.5791631364088616e-09
0.0064645322071952768
5.0541388558528346e-13
9.741288253199837e-06
0.0067222553422793697
1.026797460982003e-173
1.2811471432808701e-11
4.4001740752209084e-11
1.6828919039939764e-13
6.2262214185422407e-11
0.0080015176236396691
1.4005076584253186e-204
2.88645790887503e-05
3.9362761853005379e-07
2.8940444138803941e-11
2.7101216526695072e-12
0.01007186112763331
9.683477116462831e-202
5.6851861343313664e-12
0.0038846702717520304
4.5347985583253609e-13
0.0018522404666761693
0.30474385614293981
2.2519469907530499e-185
1.4337625630806804e-08
0.00268790878481003
1.1331329960774364e-08
2.6177961519006627e-05
0.01847965002691488
1.9775809295998996e-185
2.7288644446488079e-09
2.2618488430813952e-09
6.7395607700276702e-18
0.001183773209245413
0.00034592770595226729
4.6165371257331831e-176
7.7249819635751522e-12
1.8397282573649301e-07
2.6074962926487342e-08
2.4874080683769617e-09
0.021044402581741398
1.1126760494624829e-197
4.4318392644141462e-09
4.8389753331972846e-05
4.1568041310953723e-10
7.2467830987472834e-15
0.0009382679197729734
2.0833265749604086e-188
6.0200088936876129e-08
0.00024666898365763578
2.5881249254396458e-18
3.0461441988638554e-06
0.014011857163263914
1.8182921860678893e-199
5.2834075769239657e-08
7.7332102803444333e-11
3.2479502174121065e-13
2.2609521834511487e-06
0.00020737278398709941
1.3879857727223684e-195
1.5001142034122513e-08
1.2373440726369643e-07
1.9282969922883558e-06
