8.4931860766945558e-05
2.1185561782524759e-28
1.568644151317458e-137
1.2485995777273559e-77
4.3496926625971003e-21
9.0111943655532747e-16
1.6899770477645706e-08
3.6311219877754411e-33
4.0536905773987469e-151
3.4118071520633529e-85
5.9314325544594866e-20
3.0330822786663337e-13
3.3414088353283322e-10
5.2646813062175169e-32
1.6301070098734497e-141
5.2115258576388135e-81
1.397425028590788e-22
1.7866905207459947e-14
1.2434873739304957e-08
3.2984359248076428e-19
2.4529817124007359e-144
8.2983918446956353e-90
2.6760618217056506e-15
2.181987101642323e-06
2.8390502437367784e-10
4.0404141510073284e-29
1.2671014380892796e-150
7.7002263384611642e-76
1.3199451839010406e-20
1.4853435337400161e-08
4.7968216477510019e-09
5.2140079881912871e-28
6.1485360661990587e-139
1.7823962845355207e-87
1.2168642477325912e-25
3.0789212079677789e-14
9.5739866019584304e-09
5.511097989771644e-28
1.1916711779071783e-146
1.2718609003286792e-68
2.8082286943713737e-24
2.116640471655109e-15
6.5546566483844753e-08
1.6897942159520052e-26
3.0230255879561108e-144
1.0130890662435978e-70
1.3216976730100186e-19
9.0960175940589139e-12
2.4508938315277172e-11
1.1921231673113334e-27
9.7651438146501632e-151
2.8101488786442417e-81
3.9658250080339044e-23
4.0153300565575511e-08
4.131781392616388e-08
3.9811965307093613e-29
5.202503530696156e-138
3.5828031658521693e-64
4.9556754184904193e-15
8.7601044931527684e-11
5.0206220616104241e-08
1.8708378897914865e-29
3.4895664784400489e-159
2.0206767888921238e-79
1.3309922331325205e-19
3.6326295516642217e-13
2.2027422708286627e-07
5.3729951235661519e-26
5.035572185606436e-134
8.6395882804755e-86
7.2322996966647782e-24
2.3461478910338708e-07
2.6111740580693342e-08
3.2904950866498282e-32
6.3452371126370949e-146
1.0415170904087747e-67
4.0305982819363826e-22
2.8945387280965036e-15
4.4572394834781836e-06
1.1560410844107212e-18
2.378407516013821e-132
3.7725638500725353e-80
1.084420345043613e-23
7.3100825808183579e-06
4.834102900581352e-11
5.0061154005906923e-27
5.4956969210522357e-147
3.9091591081583707e-87
1.457449279627717e-14
4.9079980840755217e-16
4.7291198220513578e-09
4.5870474836974586e-33
1.6012912249932753e-136
2.1771583183328287e-80
3.9418897683582654e-23
3.9360384576250101e-10
6.7963585380847456e-09
8.7494104473700955e-26
2.9665303312685228e-143
3.4165577145583953e-77
