0.000000
0.000148
0.000000
0.000000
0.000001
0.344152
0.000000
0.000651
0.000000
0.000000
0.009322
0.588166
0.000000
0.010964
0.000000
0.000000
0.000313
0.514124
0.000000
0.121655
0.000000
0.000000
0.000004
0.950885
0.000000
0.075412
0.000000
0.000000
0.000015
0.118208
0.000000
0.000032
0.000000
0.000000
0.000000
0.149004
0.000000
0.232673
0.000000
0.000000
0.000000
0.966205
0.000000
0.012083
0.000000
0.000000
0.000000
0.301461
0.000000
0.000002
0.000000
0.000000
0.000186
0.146271
0.000000
0.005012
0.000000
0.000000
0.018767
0.771650
0.000000
0.066551
0.000000
0.000000
0.000004
0.693548
0.000000
0.036250
0.000000
0.000000
0.000120
0.315759
0.000000
0.000398
0.000000
0.000000
0.000000
0.199489
0.000000
0.538630
0.000000
0.000000
0.001517
0.908119
0.000000
0.000000
0.000000
0.000000
0.000677
0.959870
0.000000
0.003590
0.000000
0.000000
0.000000
0.011273
0.000000
0.023898
0.000000
0.000000
