0.449521
0.000000
0.000000
0.000000
0.171769
0.000000
0.957077
0.000295
0.000000
0.000000
0.502487
0.000000
0.169937
0.000004
0.000000
0.000000
0.843805
0.000000
0.618938
0.000000
0.000000
0.000000
0.873816
0.000000
0.617636
0.000000
0.000000
0.000000
0.304744
0.000000
0.736234
0.000000
0.000000
0.000000
0.014641
0.000000
0.370252
0.000004
0.000000
0.000000
0.000819
0.000000
0.732196
0.000000
0.000000
0.000000
0.372798
0.000000
0.179048
0.000000
0.000000
0.000000
0.652610
0.000000
0.132776
0.000000
0.000000
0.000000
0.038530
0.000000
0.388989
0.000003
0.000000
0.000000
0.324031
0.000000
0.124707
0.000001
0.000000
0.000000
0.061122
0.000000
0.757824
0.000000
0.000000
0.000000
0.505051
0.000000
0.538973
0.000000
0.000000
0.000000
0.085438
0.000000
0.136500
0.000000
0.000000
0.000000
0.878590
0.000000
0.771538
0.000001
0.000000
0.000000
0.664113
0.000000
0.021773
0.000000
0.000000
0.000000
