0
1.3259104302363606e-17
0
1.4764490476386692e-282
5.4114541165611239e-70
1.5328280974846382e-12
0
4.1392663267004666e-28
0
1.8136196030461472e-296
5.5888075355733055e-62
1.1221305296626866e-05
0
3.0640044395176988e-20
0
1.7862910000806748e-182
8.9587632728062036e-72
3.5929594554704317e-11
0
4.4512133610509382e-12
0
1.1684162392969275e-249
9.0926365762531525e-67
1.4486586228997325e-10
0
5.1642319416245653e-12
0
3.0249836354868398e-225
1.5801902481301479e-70
1.6341896318717008e-07
0
3.7317556476592752e-21
0
2.0658074455002098e-206
7.9202286896476272e-56
1.5019476534076542e-06
0
6.8353938916409858e-21
0
4.7767637506364521e-294
3.636752004441045e-67
5.5998778560703059e-11
0
2.3243494422486078e-20
0
5.0156120605741832e-241
4.5632063323894683e-76
3.8959408685992638e-06
0
3.1865198386728257e-24
0
7.0275238259651975e-293
4.592517746158618e-75
1.3239732352974017e-08
0
2.008143201628203e-21
0
1.3239822878131061e-225
5.9429209960907031e-70
4.4098342770394623e-08
0
6.6103334666676029e-23
0
4.3462181245269069e-222
1.5026824467034318e-75
1.0914394707760044e-10
0
4.0829015117040307e-21
0
4.3336736118465856e-227
1.6058969172167328e-62
2.2959807599154894e-14
0
7.8721324229882193e-15
0
2.1739741385696031e-254
4.3333758479896062e-79
6.2052560370331681e-11
0
1.8079729978810059e-19
0
1.5924379395192109e-202
2.8568615996611524e-62
7.7131476714173653e-23
0
5.054937538336585e-19
0
7.1114943550544561e-207
2.9078198183815112e-69
2.057641440269539e-09
0
5.1364296492359751e-19
0
0
1.0118689425771888e-76
8.906197354588626e-17
0
6.758850752186516e-22
0
0
