0.0041476758826993563
0.21349107584669047
6.8725313064593933e-11
0.69107371357721048
0.11454848936970669
0.54873126367214531
2.0710080539847139e-08
0.044168100888285954
1.9111304677013224e-07
0.16703805451216625
0.0081725755254534477
0.039413955212390162
0.0002186640940512365
0.021345724177306933
1.1406740464245218e-13
0.63872845592706118
0.00037853517943069794
0.40005380668818208
1.2290801903933399e-05
0.79324006556100923
1.2144018427210344e-12
0.1467775273578372
0.00081707656445719552
0.13235393655744854
3.3472077748645101e-05
0.18708665800248583
2.7209990046138501e-16
0.23646292281602127
4.6429996347261232e-08
0.45779169325479385
6.6250829244858623e-07
0.006169754990741118
1.0828592009274492e-09
0.82254044908714419
0.063806161548527668
0.010036737341845384
9.7456665374177979e-06
0.036001534869106892
4.7097975621196322e-10
0.10577801079258234
0.017239166306517402
0.63754229026575704
2.8495635827590423e-08
0.5761078048613244
2.8651842043366881e-17
0.28527141442929688
3.1935522312918294e-06
0.54711997327015327
2.1272901976705271e-09
0.32231318870646025
2.2140433560405661e-08
0.0034869317585886359
0.00014110011202446871
0.17372477743166229
3.5174131075489905e-05
0.28771366812623289
1.15699847901875e-13
0.12823472684547027
7.9595854915442254e-07
0.38482806411714054
0.00075979980253697852
0.3627726801482879
3.7321543604893986e-08
0.77588006785343366
0.013460024899337715
0.46388457344761602
1.4931778708924478e-10
0.064963122272727117
2.1615747002368508e-08
0.20709867819716388
2.3434325752433867e-05
0.11156889156191481
6.7702578189111928e-12
0.43550068461515934
1.3165832385063072e-09
0.37611534563797516
0.00019320491405163352
0.90406392724729612
4.0061693298749213e-09
0.21186273839477507
1.9395720613667412e-11
0.088827277728004667
0.0014804856953530032
0.52235719584235385
2.4277469610001044e-08
0.74873217135972092
5.2298905107413273e-13
0.0069295092572399216
0.0008478097837656722
0.70318745435430907
6.092688104913635e-09
0.040042222138320371
1.7726230201325773e-07
0.86831707163868876
1.4042772265346972e-06
0.28771366812623289
8.7336679159664799e-07
0.83992999563019599
2.3785444682710371e-11
0.39837703302261268
