0.000000
0.000000
0.010972
0.000206
0.014447
0.000004
0.000000
0.000009
0.607000
0.003604
0.024719
0.000295
0.000000
0.000001
0.271317
0.054150
0.005089
0.000000
0.000000
0.000000
0.150221
0.120717
0.000175
0.000095
0.000000
0.000000
0.936330
0.016630
0.111097
0.000000
0.000000
0.000000
0.141693
0.030956
0.000364
0.000000
0.000000
0.000000
0.105709
0.008616
0.036237
0.035024
0.000000
0.000000
0.490525
0.144262
0.001253
0.000004
0.000000
0.000040
0.054934
0.000104
0.003024
0.000196
0.000000
0.000000
0.689305
0.000476
0.083533
0.000187
0.000000
0.000007
0.056160
0.041445
0.089963
0.010972
0.000000
0.000000
0.238856
0.000008
0.008727
0.000000
0.000000
0.000000
0.375450
0.014843
0.001607
0.004722
0.000000
0.000000
0.283001
0.047592
0.000121
0.000000
0.000000
0.000000
0.699077
0.023163
0.042194
0.000119
0.000000
0.000000
0.011173
0.000499
0.005784
0.007151
0.000000
0.000000
0.058562
0.038739
