0.013073580294010897
0.0029298052213215706
4.6834989824029305e-50
5.4023457334569036e-19
6.2448805503214312e-17
0.014173436296969001
7.9950157364404835e-14
0.012805449215951493
4.0637230873884607e-52
6.7174137652759692e-14
1.2213990195884533e-08
0.38714680389599621
1.2051551285953769e-06
0.023774144762720849
3.9212790372118146e-37
1.2735914814157753e-10
2.0293886311543988e-06
0.3503774747248441
0.00050936854973812357
7.7823157849772525e-07
4.4322440526604061e-60
1.5591370923972228e-13
1.6165835078218739e-09
0.61397000507165478
0.00083125752064821981
4.457604230611258e-08
1.8781129604932848e-57
4.0916593427710332e-10
2.3786673619963839e-10
0.62604272233943115
0.00029502018717546681
1.0345668630042165e-05
4.4432870620161581e-46
8.8167768930513519e-21
1.5438155203052386e-14
0.0099127993400648859
2.6992847610895231e-05
0.00010469375784703137
2.0059018837041771e-52
2.6408689700756729e-09
1.0422917072237791e-11
0.1462254461320969
5.9081011702916229e-09
0.003280505193586288
9.2309410202987171e-69
3.619907740888924e-19
2.3439732408490684e-07
0.42182639796768451
0.00011547730988078299
0.0010573695865393584
2.7455074502966743e-40
2.4074578156511875e-11
5.6403655552808255e-10
0.1276612372486369
0.00019312151272583508
5.0252596056792254e-06
3.5570676127704423e-50
1.7432245243621706e-07
6.4486731431296293e-09
0.20919156642646086
9.7252255459481473e-05
5.3762761717709468e-05
2.317551615610197e-52
6.1615048657806454e-18
2.8105973053603634e-05
0.00072880908188833408
1.1641168920004563e-07
0.0087036520776826807
3.670621107214925e-41
2.2018263576366841e-12
4.3059187650089739e-15
0.00018753248583561048
1.014607221674801e-07
2.5255714629858342e-06
2.8144599372347093e-57
3.7250108923612778e-16
7.3924288260229605e-13
0.45226943111010731
0.0034477272968413469
4.6763839978415714e-06
3.190778756845778e-57
3.1258963503419766e-24
4.7234858886258997e-11
0.16494219298411331
4.9207164358334029e-05
0.02374765049936858
8.8860638889485275e-56
6.5398862715609377e-16
1.3736107663202998e-09
0.0073192937719368106
0.00030012022740581463
0.00046692389463800403
1.8335257779844618e-64
1.4016900710792173e-08
7.3644256136300721e-16
0.50181933065896334
0.00013516389529439731
4.0165611921384202e-05
2.1621511610508304e-47
9.3267574198278147e-10
