1.5831649497176566e-106
1.7537458311104239e-128
1.0715047857364486e-304
4.7607500862368281e-218
0.00042540883711353079
5.4860005144838742e-33
1.0008174925148211e-113
2.5014715785688025e-105
1.1921541688575664e-301
2.7850036248657221e-210
0.00024976341344324
1.9421464614632366e-40
6.6910140176574835e-89
1.7644633964833111e-121
0
2.2471318046341503e-219
0.0003613310420518737
1.678004521539988e-45
1.0493155914721965e-100
1.2106405980173394e-101
1.1919294276802414e-309
2.5242592729800158e-218
1.0830452510275332e-05
1.7236626523006694e-40
5.5552320920009323e-100
1.1116644715100908e-115
3.8814474478805689e-291
4.0463883750976444e-214
0.01044175839178979
1.9583913318951579e-39
1.5875036279376047e-111
9.1271688803513609e-117
9.7541313848784591e-304
2.2531443506460817e-231
3.3814838375362641e-05
1.0181847893546743e-37
8.9839905603408896e-100
5.4345788346599769e-115
1.1779645393839165e-294
6.9012179203995831e-219
0.0001454515163240557
2.8627420265750919e-41
3.4974452553836406e-92
9.4584805275399921e-113
0
1.5161586951204747e-197
0.092953264057719837
1.2015351859729336e-42
1.7420078402292314e-94
2.4498488443195003e-112
1.126301858091429e-299
3.3261200234354005e-222
0.022957076772694904
1.5432849375329658e-43
1.5579450702212749e-91
2.0639140940217603e-107
4.8205179471280313e-302
4.0181668418699714e-206
0.010828811419485917
2.775058514464985e-46
7.9025863518903534e-87
4.9113819434599126e-123
7.3981959473204404e-300
3.4468992781411022e-212
0.0010433430052872628
1.2288319209591232e-41
8.6692255194082277e-95
1.0652827102506732e-110
1.1271494940779882e-304
8.184523065328945e-222
3.2403147091277864e-06
8.6270777848531444e-32
1.4198334178368781e-78
1.9957686174698811e-111
4.984054990831606e-303
2.8130364894660454e-207
0.00067474483546214935
1.2015429676896433e-38
1.0607629762888097e-98
6.4638611255027169e-111
3.2824992558882404e-300
2.1916317439293462e-213
0.0092496866984123158
8.7713920671551546e-35
1.2035204375331777e-99
9.1179116011631539e-110
4.2872350208196343e-306
4.8767541417462576e-223
5.4525444404440091e-05
3.8678328999933472e-38
1.4022207449711173e-92
3.7642769445588253e-113
0
6.7645094771530811e-219
0.00044578761343213138
2.7455074502967143e-40
1.6031794137741312e-105
1.290461733239114e-120
1.3361541262650085e-297
2.7961573235951146e-214
