0.000000
0.000087
0.000000
0.000000
0.000000
0.000000
0.000000
0.000102
0.000000
0.000000
0.000000
0.000000
0.000000
0.004633
0.000000
0.000000
0.000000
0.000000
0.000000
0.000013
0.000000
0.000000
0.000000
0.000000
0.000000
0.000107
0.000000
0.000000
0.000000
0.000000
0.000000
0.024986
0.000000
0.000000
0.000000
0.000000
0.000000
0.014397
0.000000
0.000000
0.000000
0.000000
0.000000
0.007616
0.000000
0.000000
0.000000
0.000000
0.000000
0.037938
0.000000
0.000000
0.000000
0.000000
0.000000
0.000489
0.000000
0.000000
0.000000
0.000000
0.000000
0.425913
0.000000
0.000000
0.000000
0.000000
0.000000
0.000204
0.000000
0.000000
0.000000
0.000000
0.000000
0.015320
0.000000
0.000000
0.000000
0.000000
0.000000
0.000000
0.000000
0.000000
0.000000
0.000000
0.000000
0.006800
0.000000
0.000000
0.000000
0.000000
0.000000
0.017442
0.000000
0.000000
0.000000
0.000000
0.000000
0.000527
0.000000
0.000000
