0
0.004194554153408663
2.6445874287513193e-121
2.567029211088761e-17
2.1909358041939393e-19
4.1427372415509951e-05
0
0.0047224958413561542
1.4092195094746084e-73
1.5739701079109638e-24
2.7920588649011617e-26
0.0030032324359682365
0
0.26190836908865139
7.3054071946978686e-142
8.1365749429800908e-23
1.1613864712595415e-24
0.0023940288838217097
0
2.8988834493337385e-06
1.5453341970207471e-96
3.3004959741776155e-23
7.4963092350087701e-26
0.00025705915368721207
0
2.8193452286782366e-05
2.0805546752479182e-101
8.971504913872842e-31
2.4792126900766382e-17
0.0026672009512856863
0
1.2535585395484524e-05
5.5902582735314142e-113
2.9255332908671775e-14
1.6533071287353087e-25
1.1151037176629255e-05
0
0.052928305921616826
2.232676597912339e-98
6.7133177866420346e-27
6.1615048657806477e-18
0.03978408967606218
0
0.00056507091957226196
1.883024999852549e-96
3.1153566237840252e-25
8.9213038563936682e-31
0.0006744604616786288
0
0.054150381830497654
6.5680915549105576e-92
9.9712592750274209e-43
1.9680785355070608e-18
5.9292351521019793e-07
0
0.0013560132481992314
3.2241955470658245e-91
1.9529321265982018e-15
4.0427922663765049e-22
0.00030465368203529667
0
0.00078084412142942819
8.8666078048607223e-121
8.5828334402939479e-27
2.0802395638042477e-30
0.00015883098944862882
0
1.1517089544099335e-06
8.6100152260022813e-91
3.1437435540826162e-28
4.9258822378593737e-25
0.17229606501976685
0
5.2364024279220445e-06
7.1163705135346365e-89
4.3337182288860318e-26
5.1374928325527774e-17
0.00021207465993272322
0
2.7956631945098177e-05
2.058742681640547e-97
4.303712744162018e-29
7.0844373094350291e-27
7.3183577582675529e-05
0
0.00048142082581262676
1.8136000351956206e-86
1.3144403096180368e-19
5.3437681364165639e-24
4.0096917788631823e-07
0
0.00017983414893958888
2.8808273449202943e-107
7.2934598411939903e-33
9.2134635376845528e-28
0.009354746206617524
0
4.1760261827012421e-07
3.5075871792263025e-109
3.4084184281827053e-22
