0.000000
0.000000
0.001008
0.000001
0.000000
0.000000
0.000000
0.000000
0.051732
0.000000
0.000000
0.000000
0.000000
0.000004
0.000177
0.000000
0.000000
0.000000
0.000000
0.000000
0.000016
0.000000
0.000000
0.000000
0.000000
0.000000
0.001446
0.000515
0.000000
0.000000
0.000000
0.000000
0.000234
0.000000
0.000000
0.000000
0.000000
0.000003
0.000001
0.000002
0.000000
0.000000
0.000000
0.000010
0.000125
0.000000
0.000000
0.000000
0.000000
0.000000
0.000002
0.000001
0.000000
0.000000
0.000000
0.000056
0.000016
0.000000
0.000000
0.000000
0.000000
0.000010
0.000172
0.000235
0.000000
0.000000
0.000000
0.000000
0.000077
0.000000
0.000000
0.000000
0.000000
0.000000
0.000125
0.000000
0.000000
0.000000
0.000000
0.000000
0.000092
0.000000
0.000000
0.000001
0.000000
0.000001
0.004298
0.000000
0.000000
0.000000
0.000000
0.000000
0.000000
0.000000
0.000000
0.000000
0.000000
0.000000
0.000001
0.000150
