1.4669576251993683e-171
3.0570298218376917e-28
1.1558875804668447e-160
2.3425448391673865e-33
1.7191943512148169e-26
4.2254468553526901e-25
7.9907859483093049e-166
2.1608969297483917e-29
2.8373884861504993e-181
5.5994587137397281e-29
3.6802862299037199e-30
9.8966462313643224e-29
8.7543442995449295e-153
5.2895448292439512e-23
6.0150357328180587e-160
6.057055954170606e-31
6.5922171026950668e-36
3.0189124755897571e-27
2.4632833936665632e-165
2.1567321297644466e-21
3.1303856997121169e-165
6.0648304915959378e-48
1.5365839603701142e-36
7.4407552658464367e-25
4.7930607342147448e-151
1.5269093890326604e-25
3.9323498747558514e-124
8.8237748099160523e-18
6.2740903499691867e-31
7.9145722118309793e-25
9.5073280716926031e-168
3.1373743461972102e-35
1.0668071060023734e-175
7.8626935455202133e-33
5.2715134358669691e-33
8.0967485005659515e-40
7.3235175544452826e-169
9.3531140798724519e-29
2.9133438710711331e-131
2.0466444753807726e-33
1.264592975129104e-30
4.6021407926854939e-37
4.2516396781993569e-137
3.9960289741735945e-26
2.3329618226838936e-176
8.5501923833807372e-28
3.406819848891073e-32
1.3971337640250799e-34
9.5221359756312589e-164
1.5700453168043792e-36
6.6549110425283757e-155
1.2317836344470842e-52
7.8206598264617862e-35
1.2524316772237595e-31
2.3850567807841913e-176
3.6593453758433719e-21
5.8946327614653817e-133
2.1939506201516621e-40
8.0944375349696679e-29
3.4062788852207599e-31
1.9879975860260142e-161
2.4246708172632144e-31
5.4552238104918015e-137
3.4208704803071218e-23
1.290055783889597e-26
1.1596952547041296e-38
1.8019706968309316e-136
5.6864078253776345e-24
1.7498152733086894e-141
2.1479267478081816e-54
1.4255149569948725e-33
3.0357325463247464e-41
1.6227112014536818e-150
8.1220100719621565e-31
8.1954866956900744e-159
1.8611700468801331e-37
2.1329785833087887e-24
1.7165328061770292e-29
4.6189651885402053e-176
3.1025462774643389e-31
3.0942793376622213e-150
3.3854264073616399e-33
7.2902279396156939e-26
1.1181363807991214e-34
4.6390594318407434e-153
1.7582715965146104e-34
2.7102838625236642e-162
5.7987160860277725e-35
4.5096033619204236e-16
2.4616985140701079e-33
6.8418346447202972e-164
1.1593571757272738e-28
2.9003403380242552e-155
6.8355823986402035e-31
2.0840206971467655e-14
3.773405531498591e-39
1.7977048056623253e-150
7.0988363323117774e-27
5.174413215512422e-145
4.1066291901723277e-37
