1.5993157201792063e-229
5.6362308863835695e-07
5.5488833425879088e-12
0.29991029716707168
0.78108393313768698
1.7306828491970592e-05
2.9278828565254441e-212
8.2553928334739204e-06
3.4424850684312754e-13
0.026529386746297096
0.64299922435454926
5.2336819609642181e-09
4.7851741546580688e-217
8.115364893352916e-05
2.2046929937575885e-08
0.54195150922894519
0.050953593620954508
0.0046717962954282068
6.3765216783703889e-218
1.3408480289027386e-06
2.7205177841700763e-11
0.51468630948816152
0.25999807107158524
1.6760864219784149e-06
2.0827994914960431e-232
4.643820630226476e-07
5.8452284932479551e-08
0.0047489931876286955
0.87135339372199416
1.2682490145547345e-05
1.2585189162581459e-219
6.8284151444841042e-05
7.0003277712681522e-10
0.013321505910607613
0.47337060463796432
2.7763052844660376e-06
5.8885316217180376e-231
3.6126370902145145e-09
3.7321543604893986e-08
0.018424002528966154
0.05574845268467736
1.5083185317479729e-10
1.8165469544608749e-220
0.03099043532777131
2.0240540277508488e-12
0.0015277638687826625
0.0071260463799320524
9.2670225755285069e-09
6.1885824491265016e-219
4.6888869300484625e-08
4.8438952762893129e-13
0.40491061608966517
0.074849419765825528
1.5827531581528866e-05
2.9309332223326647e-207
8.6887192631600495e-11
1.0709735067397985e-07
0.35888595666297918
0.01976715095294734
6.5402482168953262e-07
6.0174261042082679e-230
2.8195735364512032e-06
8.790492962282562e-15
0.062407939856573925
0.80423130012768429
1.2126620801778409e-05
5.2677249760452502e-240
1.543621886326267e-05
9.4949168942945701e-06
0.019508915853637922
0.074747487073750424
6.6783468620523301e-08
2.1465156959996919e-219
1.1865598769345992e-07
1.347863776282712e-12
0.19216598067296339
0.87171942201843777
0.0010402989907946033
1.5268578653124608e-228
1.0502144038978071e-07
1.3664313106022204e-09
0.62154212810236231
0.55646340843140618
1.1900405768172185e-05
1.7515828449512841e-237
0.0032356846663926932
3.6597505623588994e-10
0.18624152851463338
0.42991917911131028
0.00019547018183178007
4.3917093855238832e-237
9.255571563507801e-08
1.4452957904590925e-08
0.6044042147692128
0.071796224311610035
0.024022769714633456
1.000266319487948e-230
0.0007008245973107851
5.4440293240401603e-08
0.010166100295529373
