3.6427372769959191e-284
4.5578746188724267e-11
2.244480454582331e-249
5.5756928152829349e-124
3.243174463869234e-46
4.6006660032403782e-10
7.6873254461025115e-272
2.2469622731372786e-15
9.9410083920154905e-269
4.014249180636025e-146
1.433043123451467e-56
2.8163043873199191e-08
3.4213264371322033e-250
2.0922349736812595e-14
1.040824485978966e-244
3.4066890423135847e-111
8.7721456665747126e-67
3.3735755636625016e-10
5.6360166379832734e-265
1.0066746424694108e-13
5.4282986082718544e-240
4.1180606497477052e-142
2.0209207504856785e-53
2.8944013163814855e-09
1.2941155695626293e-262
6.8977306918738995e-14
1.8430539394781589e-257
1.5346537953016338e-136
4.059518766681589e-52
8.2628282113091415e-06
1.2496458515849783e-265
1.4391785133039015e-08
1.488037601559827e-271
4.5854891316803318e-121
4.0989407750670653e-57
4.8201357883580986e-11
3.2739997806861705e-271
1.7320759162372375e-10
5.7535705216937958e-282
4.2976280927538797e-149
1.4595151910299533e-62
3.2990087977592519e-08
1.0528928533301835e-256
1.5606647461180899e-13
2.1358844360116474e-268
1.6298855877291611e-123
5.5273124461881793e-56
7.6352339249132836e-16
5.6906204533211892e-274
1.6947586054183084e-08
7.8476095015493173e-245
1.5637126374212627e-137
3.6747790966185378e-67
0.025995743520695658
2.2262661353400951e-272
8.4767623809786538e-07
2.4329846289199898e-281
6.6838904473149142e-136
2.2456151852436966e-44
1.7639611266201726e-08
5.3497702324444268e-268
3.0249378602930974e-14
6.6890990613634286e-243
1.1061943188217352e-131
1.9800919349766166e-55
2.3005274444551404e-11
1.3872420108018046e-264
3.1783039080633697e-11
9.2147601077855407e-266
8.5872105475930181e-109
5.160121131573807e-57
8.8955881038571509e-07
2.3193432494268891e-271
5.6962826250101644e-07
9.9932180202548338e-311
3.5973806446458577e-121
4.2901586526259052e-59
4.1804720028860927e-08
1.1095770215186318e-269
8.8751607409457415e-14
4.2895004099676075e-282
8.2983375791716603e-157
3.3778092928033802e-53
0.00015368582231472925
1.294562681060536e-265
5.9390245392833702e-11
3.7089875726674437e-278
2.267070531603083e-117
1.008673859980882e-52
2.0654145764331355e-11
8.4189200338660763e-284
5.2327914087904505e-17
2.4685323292050694e-287
6.7246194552185266e-117
1.0545963181518938e-52
0.00018704704039853231
9.5845379502428527e-274
4.5075896125091536e-11
2.6666812142088516e-257
1.3163901724550185e-171
