9.8622620819881572e-271
0.0051599795049786261
7.237199910069188e-08
0.00020417781143657304
2.3268081384987245e-05
7.7430621802685427e-07
1.1167176048758973e-278
2.2315370285851312e-07
8.4524184334990379e-05
4.7434425579838385e-07
2.0921782483342064e-07
0.00028901235135673592
1.5789531697391859e-285
2.1609339069769545e-09
1.3103107210385806e-08
1.7778113380175054e-06
4.153135395036384e-08
6.9306958786287647e-07
8.3319292505978872e-269
0.00016167664626102359
5.588604185943701e-06
3.0978038372218592e-10
5.1452011739204101e-09
8.3137588844046402e-08
1.1726327908217626e-282
3.5018751023585812e-05
8.8090242162694893e-08
1.2767489438869845e-06
5.8911534277587457e-10
2.7731433784784902e-10
1.8137401419946832e-273
5.020848146896647e-12
6.950346272026017e-10
3.3132378080473867e-06
1.1592471301816116e-07
1.3086519711182304e-05
2.8820400967889921e-286
0.00018503761473902386
1.8735107581785638e-08
4.2694974651842457e-06
3.9984272596772851e-08
2.4840329616694944e-05
7.3947280039032397e-282
7.549721965152491e-07
2.0891217452082105e-05
1.0610378488655695e-07
4.1530992235452346e-06
1.4178345376633255e-06
2.8020547696290066e-274
1.1393785271743258e-05
1.9963740018770718e-07
0.00013446126853255351
0.00089678946753479543
1.6294045157499098e-05
2.4657088123078816e-280
7.4464047376136797e-06
8.4941711953317812e-08
2.9489327786609252e-08
2.174830426829283e-08
7.6953816836432671e-06
2.5512060684170352e-281
6.0312798528494376e-08
1.5512321350006687e-05
0.005756288382544013
3.5229291680013345e-09
2.2130378538975773e-06
2.1768934448381164e-276
2.8348816801102548e-08
9.5291753537541627e-10
0.0005771506195643728
5.7649322359268832e-07
3.6018831650955199e-06
4.8101759469227409e-276
0.012973654692258096
0.0058926104961983519
0.0012438294568240364
2.6764888990070355e-10
1.7478351504919822e-09
3.6441296588458503e-286
1.9908218271123637e-07
1.1959911272700313e-07
0.017648065478850988
3.2820247530764789e-08
1.4940445605989026e-05
6.0172633514477731e-282
3.6405460296540707e-07
1.3328449913256446e-12
0.00021763018134526472
0.00028740600554441376
3.8854865505697829e-10
5.0139912088575668e-270
0.00015979709391567096
0.00029666829767459151
6.8893642407038079e-07
6.5323173834377161e-05
1.0977524260315887e-07
8.1205072092278247e-272
8.3492176783968061e-07
2.1161919355543164e-09
0.00096372585694328512
