0.000610
0.122717
0.000000
0.000006
0.894452
0.629479
0.200921
0.000001
0.000000
0.000019
0.170197
0.077071
0.147470
0.007106
0.000000
0.000000
0.908355
0.672524
0.547810
0.000007
0.000000
0.000000
0.093170
0.186129
0.013815
0.000001
0.000000
0.000000
0.708579
0.113363
0.066551
0.000999
0.000000
0.000000
0.054532
0.744961
0.000752
0.000384
0.000000
0.000000
0.359163
0.127049
0.000912
0.402329
0.000000
0.000169
0.398574
0.242654
0.012974
0.000061
0.000000
0.000000
0.175110
0.438515
0.028453
0.000001
0.000000
0.000000
0.608889
0.089274
0.000326
0.011631
0.000000
0.001564
0.028970
0.617045
0.081474
0.000426
0.000000
0.000023
0.673235
0.125068
0.088087
0.000000
0.000000
0.002414
0.013014
0.195244
0.028547
0.061080
0.000000
0.000000
0.227408
0.402428
0.024319
0.000227
0.000000
0.000000
0.968103
0.467323
0.040578
0.000440
0.000000
0.000013
0.023301
0.566669
0.037529
0.006341
0.000000
0.000000
