2.41619685337358e-21
4.380695518305642e-70
0
0
2.4475414330587273e-09
0
5.2962119122434491e-07
1.4029316459576032e-45
0
0
0.0053440018268018164
0
0.0032265308299088075
5.7199208182484151e-41
0
8.1672310342981987e-289
1.3765760473237481e-05
0
1.0056965641062479e-09
1.6213116784476367e-40
0
0
0.0027465005129434922
0
0.00010483079692554727
6.4698524799417304e-42
0
0
0.00011714822555923055
0
3.968203043371978e-10
3.253499681604906e-49
0
0
0.23153200840814359
0
0.00012198628871368543
6.7928635921326003e-39
0
0
0.00093278718865169748
0
7.581561163638508e-10
2.7401471554401666e-44
0
0
1.8337571578392413e-07
0
4.7643602630678559e-16
7.207129759423019e-34
0
0
0.054934471595879102
0
8.3495142810075613e-05
3.2953057140123158e-43
0
0
5.9239797372333923e-06
0
0.0005057095895651439
4.162210042430758e-40
0
0
0.058766875209253784
0
3.8401392076772702e-12
6.4683518412741623e-36
0
0
1.1646471291863686e-10
0
1.7642301638880223e-05
2.4209607233267443e-31
0
0
0.0083896939601087114
0
9.3462768278999198e-12
1.1919980810077215e-37
0
0
4.0078089481249579e-08
0
1.2694361260880398e-07
5.4849599418668815e-37
0
0
6.0020755345173449e-06
0
4.4953480276939275e-08
4.7871289026483579e-42
0
0
0.039328994422077615
0
1.3316734065474765e-06
1.0002973408596829e-28
0
0
