0.000001
0.000000
0.000000
0.000000
0.177259
0.021266
0.000000
0.000000
0.000000
0.000000
0.282454
0.773433
0.000258
0.000000
0.000000
0.000000
0.057370
0.147748
0.000001
0.000000
0.000000
0.000000
0.003185
0.218372
0.000000
0.000000
0.000000
0.000000
0.010774
0.764480
0.000003
0.000000
0.000000
0.000000
0.330268
0.317537
0.000343
0.000000
0.000000
0.000000
0.305569
0.024373
0.000000
0.000000
0.000000
0.000000
0.361752
0.347571
0.000001
0.000000
0.000000
0.000000
0.996605
0.004163
0.009167
0.000000
0.000000
0.000000
0.194544
0.033299
0.001341
0.000000
0.000000
0.000000
0.342541
0.164282
0.000015
0.000000
0.000000
0.000000
0.010285
0.450260
0.000000
0.000000
0.000000
0.000000
0.724320
0.206242
0.001169
0.000000
0.000000
0.000000
0.197416
0.031412
0.000000
0.000000
0.000000
0.000000
0.025350
0.019954
0.000104
0.000000
0.000000
0.000000
0.635645
0.444891
0.000000
0.000000
0.000000
0.000000
