0.000000
0.000000
0.000000
0.000000
0.182948
0.066230
0.000000
0.000000
0.000000
0.000000
0.930232
0.054896
0.000000
0.000000
0.000000
0.000000
0.420706
0.118744
0.000000
0.000000
0.000000
0.000000
0.825534
0.001279
0.000000
0.000000
0.000000
0.000000
0.577159
0.007983
0.000000
0.000000
0.000000
0.000000
0.639322
0.048701
0.000000
0.000000
0.000000
0.000000
0.220814
0.095999
0.000000
0.000000
0.000000
0.000000
0.079406
0.032615
0.000000
0.000000
0.000000
0.000000
0.108409
0.321885
0.000000
0.000000
0.000000
0.000000
0.025341
0.308052
0.000000
0.000000
0.000000
0.000000
0.108444
0.269280
0.000000
0.000000
0.000000
0.000000
0.864410
0.241406
0.000000
0.000000
0.000000
0.000000
0.018018
0.031747
0.000000
0.000000
0.000000
0.000000
0.000315
0.000175
0.000000
0.000000
0.000000
0.000000
0.744847
0.007521
0.000000
0.000000
0.000000
0.000000
0.032084
0.035703
0.000000
0.000000
0.000000
0.000000
