0.000000
0.376401
0.000000
0.000000
0.000000
0.000000
0.000001
0.268228
0.000000
0.000000
0.000000
0.000000
0.000000
0.058074
0.000000
0.000000
0.000000
0.000000
0.000001
0.459178
0.000000
0.000000
0.000000
0.000000
0.000000
0.036738
0.000000
0.000000
0.000000
0.000000
0.000000
0.292884
0.000000
0.000000
0.000000
0.000000
0.000058
0.339599
0.000000
0.000000
0.000000
0.000000
0.000000
0.000161
0.000000
0.000000
0.000000
0.000000
0.000000
0.121851
0.000000
0.000000
0.000000
0.000000
0.000000
0.023215
0.000000
0.000000
0.000000
0.000000
0.000000
0.000896
0.000000
0.000000
0.000000
0.000000
0.000000
0.043001
0.000000
0.000000
0.000000
0.000000
0.000000
0.081860
0.000000
0.000000
0.000000
0.000000
0.000048
0.672643
0.000000
0.000000
0.000000
0.000000
0.000000
0.000115
0.000000
0.000000
0.000000
0.000000
0.000047
0.112079
0.000000
0.000000
0.000000
0.000000
0.000000
0.097313
0.000000
0.000000
