2.42772471930914e-24
1.8678603049398869e-12
0
9.5783588453862353e-91
0.0072362714968714726
7.0253910441899969e-76
2.4197839328930626e-09
5.3226378547558992e-13
0
2.0417450692464023e-72
0.013174238850150373
1.7014539531115869e-49
0.00054648781209884186
2.6321012896105739e-09
0
3.9426201714412233e-50
0.14572092472542292
5.1510085752852855e-50
1.8222565074444517e-11
1.8045373568257373e-15
4.2407245307069854e-302
1.5372181430167889e-71
0.068243641229396149
6.5821579709768654e-62
7.7037075753970232e-09
2.1249958418758897e-17
0
1.7604024417278292e-40
0.6077083879599523
1.3360992483071965e-59
1.1748431548874728e-09
6.3166185284009335e-17
0
1.8049715811989412e-74
0.003147816472687645
2.5977802187235719e-42
3.0000606472333559e-05
1.4881457950424561e-08
0
1.2131540680316567e-59
0.0077361642027390411
4.7037758674792759e-45
1.8578467037493073e-10
5.7641879106790846e-11
0
4.3578341028155334e-61
0.00040976588593002181
5.646743208800526e-54
7.6843720926604842e-15
7.2575030074835057e-15
0
7.6590978577038155e-64
5.7236592768536074e-09
3.9192953050264984e-54
4.0186208305229111e-15
1.7153194136139145e-12
0
1.3398228257513919e-69
0.11706538115089524
5.8689971194144037e-41
2.53017475107876e-06
4.9636347213819561e-13
0
9.138991053944216e-52
0.1114235244044551
3.7982023417641358e-47
7.3266879267367781e-14
0.00029200110154350181
0
1.3720908299632889e-87
3.5178737576438575e-06
1.0737433554886511e-39
2.2913152858261687e-07
6.6983887150915126e-12
0
1.2283591888854326e-59
0.11325258085618632
4.7766236520373668e-59
4.1517144743175824e-16
1.4514454931327913e-10
0
2.4839544532334463e-56
1.7826888986814396e-06
4.4049620042484428e-47
4.2119329877151815e-08
1.3444756798127241e-09
0
1.2768155977100242e-58
0.014546269547527732
2.9536312692713967e-47
2.4156847739816212e-07
2.5837140294398971e-06
0
4.5895420656251022e-51
0.48887341958128538
3.110116904027574e-34
2.6807329626205397e-06
3.9003140967345673e-08
0
2.3923989501179215e-55
