3.7520244930587331e-10
3.9209921863465962e-10
1.4723338286391955e-136
4.8130890136697037e-88
3.5920319684229281e-10
0.38242194991165945
9.9224036392129409e-06
1.4210254767127702e-05
6.3578830215329542e-157
8.5536638742826924e-90
1.3586831652014618e-13
0.90098904202697583
2.2089857483519072e-11
8.2943798242382091e-08
5.9594219535593459e-127
3.4350388180509221e-85
9.2708519229440275e-19
0.50415869071675457
7.6208027885780849e-12
7.2100833332849155e-05
6.4342107000083647e-158
5.3297618689047648e-91
5.1212196794797203e-13
0.17340643803160649
2.5017667135527659e-05
2.1250475784781226e-06
1.0624913249170142e-132
2.1059288759674035e-90
3.8682269798304612e-12
0.16286839116687551
1.3143504227542719e-14
3.5518367040744214e-05
3.9380550848413174e-137
3.2733156409112162e-78
3.1392004814905482e-09
0.89225925803031103
7.9292722731102472e-11
8.3992336370693279e-07
3.1232322698090004e-146
1.8585264232763134e-88
1.1408152075607722e-19
0.051007520530005318
5.452106026022915e-10
0.00089453839941455704
4.0566261321780702e-146
1.2504945171281591e-89
7.8435021450758195e-21
0.52609581924766502
8.3645208226666632e-11
2.7161636188131123e-07
1.0545113102895865e-144
1.3545218444921581e-86
1.3420948298655822e-10
0.13055098437586765
2.2850120024352303e-11
1.341287890999192e-05
6.1552447128954092e-140
1.8288757138029712e-90
2.6399835920066233e-16
0.53885846145549432
3.5762589901500305e-13
0.00019623105725325696
1.8411364634533413e-133
4.4537793495937184e-84
1.6783917437949216e-11
0.26538856320856774
1.667702194220187e-05
5.4774643221623496e-07
7.074843752661597e-148
6.1567636449052563e-93
1.3554092238917562e-09
0.61479766369947897
9.279011326221997e-13
5.964247669093878e-06
1.8364328620350028e-145
1.9855743867853757e-85
1.9617029880971893e-14
0.31787675434451718
3.6603533590271877e-05
1.182147251531264e-07
4.2466425411161038e-148
9.3903274611445975e-94
2.3670762979147864e-11
0.58828362985990557
1.4241081350650618e-16
6.5161475152291653e-09
3.1554876328587192e-145
2.4463326869599992e-83
3.0193411335145481e-09
0.48120165282882721
4.2552507903266875e-15
6.8567607095290727e-06
5.41700095199287e-151
8.7770539294357816e-87
9.6298482777144756e-08
0.12315263020725879
1.7028376753214731e-12
0.007061800061708633
5.4011015475417069e-137
3.0869049110460806e-93
