2.1130113512317944e-29
2.0575174425717371e-07
4.8199756473414617e-73
0.0035151988152016902
4.1067788656195983e-27
1.1059666309930657e-07
1.2033962904075697e-38
9.0721255872196414e-09
7.7262560534842583e-66
2.1878137778617216e-09
2.5997393701210165e-16
3.4364530788151994e-08
8.0993196616877354e-33
0.00091614831841832153
4.4873100813028421e-77
0.00011776171394466162
5.7371101801744469e-15
1.447504012053119e-09
2.9823009971987406e-36
1.0682225568255458e-08
6.0594634107356803e-69
1.70566402429302e-10
4.2748175058531384e-17
3.1051113340369683e-09
2.9098789714992255e-34
1.4194336464578391e-07
1.9081579435648151e-65
2.7857506905426493e-05
1.6873444102602631e-16
1.7320759162372375e-10
4.4540707733924361e-35
2.0290696205114755e-07
3.2501103040869848e-58
2.0093889681238614e-07
5.0778118823404343e-11
9.4433357699880977e-13
3.8977435259171582e-38
3.3620680549159019e-05
3.2508304827081103e-53
1.6558244718447546e-05
1.6669669630685234e-14
5.7288401055865828e-08
5.3097569687273325e-38
4.6403280616833877e-09
1.3110849896290894e-84
0.0016716831171953667
8.6102963754935467e-19
3.3739705334571326e-06
7.6708212050963513e-30
0.00078380250062255491
1.2568093380553666e-84
0.003140175356554707
2.0625701109833226e-16
5.4414826533714049e-08
1.1199504886239837e-32
5.85481867362351e-06
2.8574616624645136e-54
6.4212264890398451e-08
1.9575573215371527e-17
5.9896253855235162e-07
2.5299148506865039e-35
8.3422114030061965e-05
1.1089776117241685e-59
1.0308567203282808e-05
8.079470066935247e-20
0.0030597804022439792
2.5067936597252949e-27
2.1808454220160486e-10
3.9860470227407318e-85
4.0920199393798831e-07
7.9149768373479965e-13
7.2575120700153991e-08
2.9721770095838472e-37
3.3374173737546302e-09
1.6847348512458961e-71
6.5756376883455555e-10
2.9789655833804865e-18
7.086649297917765e-08
1.9044734014648363e-34
0.0070174356882028097
1.2112667080182879e-59
1.6199667579193353e-05
5.1519796576535332e-21
3.8330869526495727e-14
1.5257667991190218e-34
0.00094694410573268315
1.6787772867531291e-48
3.952677447244912e-07
8.5254258470344588e-14
5.3127440485998718e-05
6.2595659326951974e-36
1.7103013434620073e-13
3.4773907349385906e-78
5.0281329550773255e-05
4.1595715936963422e-17
2.4232364062358699e-09
8.0154133081887669e-32
5.8919593046563619e-06
9.0779147605743502e-70
2.079595444498574e-07
