2.7435868782347743e-290
0.0016987861924419568
0.64394837113685643
0.063103528087684185
6.8857858032364759e-11
0.0135791033002459
5.4670937448516935e-301
0.0031072710322816686
0.15537017608675993
0.01444668072136553
1.5135408015785345e-12
0.0020249550098598223
4.0502662586486531e-299
0.012393981238931711
0.67027459633621844
0.0045811251092221315
3.4249958891455834e-15
0.031377922844555151
4.5273226516733025e-289
0.080706707685116008
0.0072905625627610101
0.39210283821983516
1.0418272830176024e-09
0.028927403841119175
1.1939356847034206e-307
0.11672451159378774
0.00034064654789003359
0.52213094325697107
9.8532442095728939e-12
0.0054362075421379736
9.3701089421283669e-295
0.029723613091035536
0.15512855298118752
0.44185347952198517
2.9040485066885196e-14
2.92384529101228e-05
7.1092586295510884e-297
0.058054243244948622
0.006804968239377149
0.0051599795049786356
1.5915979823760232e-20
0.1521112018474482
3.0650096155173204e-300
0.071575505513538765
0.36221575710812981
0.0048177898693047404
3.4898164355693298e-15
0.26695478501689385
5.0176431633077147e-302
0.55738889883028109
0.72524893783698108
0.011761742584718656
1.0690061288319487e-09
0.087998346990381546
7.5483672242072283e-295
0.70893005244465868
0.016737493465837607
0.29521283290276179
1.6872875420181568e-15
0.0022803876868475728
0
0.10198736380926736
0.16534940473646037
0.98541242976273213
1.4043270442687544e-07
0.33403169795286369
1.0246085787647926e-307
4.6075318779683885e-07
0.27207411310982271
0.12013363882654474
1.6743637665235696e-14
3.7654735617736751e-05
9.7446829258690901e-305
1.7408537098285702e-06
0.49250949925790077
0.54873126367214553
1.6983503806890588e-19
0.00042306162603343047
1.2335671129193385e-289
0.043744727293863077
0.0082014241354047713
0.044658863290902587
9.2437410675803728e-14
7.56621151150907e-05
7.0041595176013772e-304
5.1175321212318283e-05
0.032734268812297893
0.99030013706009634
5.7645768035442379e-16
0.028047820876615198
3.0474816420248322e-304
0.0054470281438423699
0.42981619624447343
0.24982263505502031
6.5204992544104782e-16
6.4639469050603415e-09
2.1259533726211999e-306
0.027263616803859966
0.53622852751408723
0.033045693425681005
