7.6643271710012379e-19
1.1523916260626253e-10
5.7575292328312991e-177
3.0928841208142411e-85
4.0198270229230812e-10
8.6220671841317166e-07
7.5424827564877531e-22
3.4524799660086492e-12
3.9938461792345876e-174
1.7723411664710764e-100
0.026343885128902466
9.9228439686771615e-11
1.0165016101263898e-14
4.7755964359650107e-10
1.6608859851889516e-180
5.5863644654000825e-91
0.00045093413821899978
1.2553154671821777e-12
1.3620147361244497e-13
3.1492766930082973e-11
6.1184532623835706e-188
3.0956262017965431e-75
0.00053300097514143272
1.7079501221090049e-07
6.0387831102863919e-24
2.439184163069253e-08
6.2165482430383835e-159
8.4399820375583387e-87
0.00027076907115254379
1.0840282141655762e-07
9.1563238242995971e-24
1.0730343197880144e-11
7.4031717201056003e-158
2.9699729651434377e-89
0.044357479422517276
1.6287906077149581e-11
1.7488417987716669e-21
6.1677682723513676e-10
3.3592267948396353e-171
1.0667276658558152e-88
0.045965041864915117
1.3943098093491924e-14
3.0035920532667307e-26
2.6240067984774759e-06
5.9862168164766066e-171
4.7485746698781705e-83
1.5771035049360721e-05
1.4972571315947896e-11
8.6371658278155761e-21
1.8624129223140282e-12
1.6668211550732579e-174
8.1898689781838042e-89
0.00054394822394042864
2.7744730567132763e-10
2.5507712311510921e-19
7.1255317831273751e-09
1.5093888036523767e-184
2.2113970774587363e-87
0.16081650131669084
5.8548186736235422e-06
1.3203417630304123e-10
2.1987056767407999e-10
5.9529875672533303e-167
1.6879548259958487e-79
0.0018491953136148015
8.4235479718754089e-09
2.1191551908296192e-14
3.2066361686060244e-06
2.5664464403480631e-170
7.1220223039734606e-86
0.0048100985486084456
4.1909153781042523e-11
5.3513730621626969e-10
4.1428997465417209e-10
9.2225323816318674e-177
3.8469574023279967e-91
1.117608282283395e-05
2.474619556171803e-07
7.0519124164882999e-24
1.5590820138900114e-14
1.2159311184325716e-171
2.0382943868129985e-82
0.20863591973147358
1.3457667664516842e-06
3.3512951319521233e-26
6.6670960237828203e-11
4.1883751126632178e-173
1.826756044847429e-82
5.3267979884027804e-05
8.1958010495413562e-09
1.5738953963399257e-22
1.577600822671757e-14
1.5685850406609162e-181
7.7042401854044238e-76
8.1616612547764851e-11
3.0638496138714265e-10
5.0911192596725584e-16
2.4302864533832178e-07
1.1087195484577587e-173
1.6012172855395938e-84
