0.000000
0.039414
0.000000
0.000001
0.000000
0.000060
0.000254
0.060636
0.000000
0.000060
0.000000
0.010099
0.018299
0.001832
0.000000
0.000000
0.000000
0.000000
0.002962
0.016398
0.000000
0.000000
0.000020
0.000000
0.003722
0.001202
0.000000
0.000000
0.000002
0.000042
0.000001
0.065821
0.000000
0.001186
0.000000
0.000066
0.020134
0.000750
0.000000
0.000000
0.000002
0.000071
0.025852
0.103305
0.000000
0.000000
0.000005
0.000122
0.000000
0.094670
0.000000
0.000000
0.000027
0.000002
0.000025
0.001732
0.000000
0.006158
0.000029
0.000013
0.000000
0.000386
0.000000
0.000000
0.000912
0.001289
0.001594
0.027986
0.000000
0.000001
0.000026
0.000327
0.001299
0.002362
0.000000
0.000000
0.000001
0.000296
0.000070
0.000104
0.000000
0.000004
0.000634
0.000000
0.000000
0.216587
0.000000
0.000000
0.000087
0.000000
0.031435
0.003477
0.000000
0.000000
0.000007
0.000000
0.000000
0.235919
0.000000
0.000003
