0.000000
0.000000
0.002392
0.007308
0.497376
0.395527
0.000000
0.000144
0.000010
0.006728
0.142096
0.354203
0.000000
0.001789
0.000028
0.001701
0.941324
0.766614
0.000000
0.000000
0.000000
0.097281
0.172666
0.804872
0.000000
0.000852
0.000204
0.149611
0.649762
0.203386
0.000000
0.011917
0.000002
0.033372
0.439452
0.018313
0.000000
0.000002
0.000022
0.065911
0.000371
0.033616
0.000000
0.000004
0.000005
0.002884
0.052724
0.999043
0.000000
0.000046
0.000000
0.039841
0.231465
0.152587
0.000000
0.000162
0.173142
0.000641
0.489534
0.078951
0.000000
0.000016
0.000000
0.014725
0.903662
0.204173
0.000000
0.000106
0.000032
0.000000
0.122165
0.892852
0.000000
0.011550
0.001160
0.000229
0.137020
0.534516
0.000000
0.000156
0.001418
0.004677
0.250534
0.979097
0.000000
0.000171
0.000017
0.003610
0.006323
0.709983
0.000000
0.260511
0.000000
0.001321
0.591336
0.599807
0.000000
0.000000
0.000002
0.003294
