1.3656662955796769e-07
1.3823064621360071e-20
1.3322665939707265e-121
2.5020791496725228e-76
0.76526675568459024
0.064049329792706611
6.2736047216412633e-06
2.3033249909337668e-19
5.7940923971002384e-141
2.2888915247157376e-79
0.022474581422954963
0.012218837309231127
3.2851062801282918e-08
1.3244601768146258e-15
1.7151079778645518e-127
6.1096375234998622e-78
0.022625906233550555
0.2227562297259737
0.00018352466002956614
1.5348965644796629e-13
1.9165490896068165e-139
3.2775280778650157e-76
0.25096169501269883
0.56144334339119162
0.00051654541534773861
5.7286323255996886e-15
3.5680241089457593e-129
8.7211909020388444e-83
0.49737647271193486
0.10085047898429758
2.3785444682710371e-11
9.3198230667473215e-13
7.2805911619422286e-139
2.2555245900391265e-73
0.53200742581483951
0.049657411575399567
3.0351513171050708e-09
4.1888589622412499e-19
9.349184355875781e-128
1.7556793260529032e-88
0.5785615190574358
0.0044154547811160443
4.2555766001706512e-08
5.1415662572226602e-19
3.7370286671836195e-126
3.9532498074238804e-78
0.19682724311204167
0.67157724134721364
7.9633459502461415e-06
1.3804537839611293e-17
4.3161579954601249e-141
7.9108432496046037e-87
0.61917469823273852
0.35010526029154865
2.4654605765414013e-07
7.7662122308017202e-24
9.2245593726038669e-137
1.7000061688808041e-74
0.1461795192125484
0.51840331877392198
8.5640597312999843e-05
1.8930474979509316e-16
1.3623132582098436e-136
9.9546714563563356e-79
0.21217510562212724
0.00040473544812663349
9.3593948867585984e-09
3.3961575946742992e-17
2.6031839586098355e-130
3.420073561029583e-84
0.0065804784046244831
0.0096280319436427234
1.1848983404662336e-06
5.0197020434087638e-13
2.1858199914381522e-136
3.0263302270739987e-76
0.26264592625763905
0.058054243244948692
1.1614782240532422e-09
6.1068681227635463e-17
3.2492120308918386e-131
6.349847791006296e-76
0.0067302173705479943
0.16056776269966225
7.0141839795888177e-08
8.201752390039743e-17
1.2862866060721925e-119
2.1903237409906327e-85
0.65367724571490626
0.0022775915941161016
0.00058923386487437393
2.3217522426886791e-11
9.620595549417563e-154
4.7943608423857388e-78
0.12271735468119978
0.30121559993576641
1.6225832176346671e-06
1.0095938762943195e-22
3.4697425269401451e-128
5.0897000784149692e-88
