2.6576416223906704e-05
1.6844155240429175e-08
4.2338128010252261e-26
7.8650307419804026e-07
0.12753863533520216
0.0016730627200084891
0.00070378251118292977
2.6100760815828387e-07
1.4708341287213597e-24
1.187875126899811e-08
0.36193750497677274
0.00012135113995568465
0.060762693592175697
0.00069964483967419608
1.2422128137920375e-18
0.00032167513331803473
0.21036850036731947
1.1380668121933878e-06
5.937434459750719e-07
1.0940747132568245e-06
2.5606548724608931e-17
1.9721171375127639e-08
0.52518854764871614
2.555344336999357e-08
0.00011730130203526062
4.3489599330896309e-05
2.4299659968826044e-19
0.00032750702102767965
0.33429539589405766
5.1262763415401436e-06
3.4358061124230277e-06
2.7800964524710305e-06
2.1199211415153386e-27
2.4587014553239115e-10
0.53155181669785589
9.2772200562423317e-05
0.00024635102772392706
6.9982498519960022e-05
6.2238712558828342e-26
8.9791475173904773e-08
0.19853949515441394
0.001139765701870452
0.0043313308342248112
0.0036348956990586061
1.157274424523582e-15
0.0064060323504202014
0.2163329803675613
0.0018637032971099503
5.7551728675842083e-06
0.017442480411015496
8.7934768743517119e-22
1.8213583322557651e-06
0.62663512425155421
2.3717528216846392e-05
2.4445848060741898e-05
0.0056813705948814078
7.1334161611487477e-15
0.001197644380306153
0.23954313825023074
3.7577133921857944e-09
0.028432122104772594
0.016071788558508229
1.2066069069909467e-19
1.2308188330893619e-06
0.22243151474448117
0.0085787515422936153
0.0082110620282980894
2.2080002036176588e-06
1.2944541714307143e-25
4.870100560047761e-09
0.13619700985186842
0.0090218154890406924
3.5409497894418235e-07
0.010572012100681968
7.7976593350948006e-24
2.9980682212892964e-06
0.39190775096798164
2.9446771227125168e-05
0.010955198725243002
4.4401322230247135e-05
1.1189337994716529e-12
1.0762606162099112e-05
0.76807155504158187
2.2243034760409646e-07
2.1337854834092975e-06
3.6714008744983202e-08
3.7801504901826861e-20
4.1662950849863307e-06
0.12232280851554582
0.02282066322896581
0.00020085782740994292
0.00010075150281262412
2.1357437024246121e-19
0.006350552818856125
0.15692409705284535
2.2725676077927447e-05
0.020957930040119262
0.00034949301712894711
2.0774880371073259e-22
0.0002012047854334141
