5.7564362696746252e-201
2.3379212211274859e-26
4.5494937115011394e-40
9.3329587902953005e-20
0.031069844702799693
4.2250038405967654e-10
3.1407270278873141e-218
4.8738343422064359e-19
1.2841615480203609e-31
2.2719788893219908e-23
0.078656715955426379
5.9911020033417537e-12
2.6385994970247054e-219
2.925300071441814e-13
2.1008676016288182e-24
7.087882017208925e-17
0.0054340459096268601
3.8711682325880085e-08
8.2849997984000122e-220
6.9557096153383237e-23
3.5042313674048846e-26
2.0894994876209444e-21
4.3050194315717687e-05
1.1574491990467911e-08
8.8281890658300593e-200
1.8348318444971365e-16
2.8160816465282603e-30
3.5107645957662347e-25
0.063717945026575518
1.0940747132568245e-06
1.0156747159578422e-221
1.82243622796069e-22
4.1943987749954981e-33
1.2707475167089713e-23
3.9654063835026576e-05
4.6073666510348111e-12
6.0855686175705057e-216
5.1411439423064082e-14
5.7044394485666668e-35
1.310242650816903e-16
0.0019651740716761582
3.5035320443387994e-06
1.0033702587840424e-206
8.3586146909943823e-16
1.9760459605839053e-32
4.6626810077204951e-14
0.00086613516122636491
5.7462122710012148e-12
7.7900208300442976e-216
3.6968267263997781e-25
7.8366986995621388e-35
8.1584702272808215e-16
0.01658593910978514
1.6001222722162417e-10
1.2722893740183196e-213
1.5653508581724537e-29
5.0509627308038803e-31
2.2461342277704424e-16
0.022482963270783366
4.6994129441031031e-13
1.3257592403168634e-205
8.6702029523807682e-16
8.0317492163711633e-35
6.7792143147923726e-25
0.00076075875391718709
2.4483781470000505e-07
1.5043087011208389e-212
1.7954321197879132e-18
6.040182485547917e-38
1.0255958722277127e-29
0.0042709688774408786
1.8443931145939461e-09
2.1680073096536958e-221
1.9647611101147915e-16
1.3203109800648601e-35
1.4942972651255578e-16
0.018306277852114448
2.7797997611965057e-07
1.1120040128567208e-215
2.1712013627075176e-25
2.4327423537649609e-30
3.0142235910590536e-17
0.023458042186057116
6.6942539833984869e-09
3.8705649915826461e-215
4.723939609074999e-29
2.3158236753268515e-27
4.7232400745756535e-22
0.21468733164797082
2.9736369960400394e-06
2.8774576577817754e-212
3.1391078885198484e-25
2.7256771333467151e-30
2.0697396912005235e-16
0.0019078947134221367
2.9668553920481325e-15
6.848819801773562e-208
5.0510968431461969e-14
8.7871490784512217e-32
2.3489571921148304e-20
