1.787136449934592e-240
3.2934944767533334e-12
6.9947365306397302e-19
5.8972841175348938e-06
3.1477683168904974e-08
0.00090168578395672587
3.428601466278328e-228
4.9799970305350794e-06
5.0429922935773455e-30
1.8521758845826279e-05
2.2331256982591654e-13
2.6833003266170734e-08
2.5785781102531648e-230
1.951824358215266e-09
1.0152672259210817e-42
1.4181136438516864e-07
5.1332922919985176e-10
3.028636641684576e-13
2.1958775872537537e-238
6.0341008690518795e-08
1.4008916888920687e-54
0.00035294358970782769
6.3627626676075422e-15
6.0118459122539415e-05
2.1299830854240807e-247
1.6035527137990085e-09
3.4543439647365957e-41
4.1240433997546599e-08
1.0266985426772977e-05
3.1125514770454417e-05
1.6676971217548167e-232
4.8383250077179396e-08
5.1738175366047032e-41
6.0278805037697468e-10
1.7454689805569163e-11
3.3305316810802719e-16
2.2167977791404516e-238
0.00029628716414559827
1.7609469010043422e-43
9.1604255656204525e-05
1.5394864127326449e-05
0.020887429384778521
1.8225718742940269e-235
1.637432753240877e-05
3.2697769192302871e-30
9.7381370213953491e-09
0.0020517143250345388
1.0738477362417452e-05
1.3133770214056082e-229
1.1212333175759739e-10
9.6972332195922074e-29
4.1555679697881818e-05
1.2630161359724323e-16
1.4321766723755074e-06
6.0720039546906753e-242
6.7068830226811548e-06
1.2977696253132527e-29
1.0029964195430749e-05
5.2985250981472089e-09
1.0167906528103736e-09
3.1995055860736786e-236
3.3235653296415337e-07
5.1176564848936593e-34
7.8800975604378376e-12
4.6195715825737329e-06
4.128087531924807e-07
4.0624019502614845e-229
2.3083792161793462e-07
1.5894622003192889e-35
4.258842707732973e-09
7.0926098808600933e-06
4.0710966748383512e-06
7.24573277836123e-232
8.2926360569191853e-06
2.2228570462797828e-45
6.9787848836437426e-09
7.9069285132911015e-10
3.722413829155189e-05
3.1284222858707241e-230
0.00017304456272999364
1.1870606420228042e-40
6.1903238597701074e-11
2.6597548934875123e-09
2.126432185222568e-07
7.0010554570510575e-235
3.2037240443612425e-06
5.5358533021223645e-37
2.2743856819145116e-06
1.9628596114145594e-08
8.7896680330044455e-11
6.0042688297485148e-247
2.6333520387733621e-09
2.2272724407427753e-46
2.8130939727734281e-05
0.00031948037212538175
2.2952072486318757e-06
1.2102528217096334e-231
1.9715097402203638e-07
1.8657638469243838e-40
3.1710515277019735e-05
