0.001038
0.030529
0.000000
0.000000
0.054915
0.008639
0.000003
0.004161
0.000000
0.000000
0.038991
0.000003
0.000000
0.000255
0.000000
0.000000
0.316182
0.000000
0.000001
0.000011
0.000000
0.000000
0.000046
0.000011
0.000052
0.000239
0.000000
0.000000
0.000235
0.000047
0.000068
0.000005
0.000000
0.000000
0.374881
0.000000
0.000115
0.001017
0.000000
0.000000
0.049029
0.002893
0.000019
0.000002
0.000000
0.000000
0.467969
0.000005
0.000287
0.074113
0.000000
0.000000
0.198895
0.000703
0.000014
0.000004
0.000000
0.000000
0.048770
0.000010
0.000000
0.000315
0.000000
0.000000
0.000009
0.000329
0.000114
0.020255
0.000000
0.000000
0.000103
0.000638
0.000001
0.000493
0.000000
0.000000
0.003746
0.000002
0.000000
0.000000
0.000000
0.000000
0.000319
0.000003
0.000000
0.000449
0.000000
0.000000
0.017462
0.000000
0.013548
0.004259
0.000000
0.000000
0.000011
0.001101
0.011685
0.001586
0.000000
0.000000
