2.9772811792000521e-303
1.357764940321003e-104
1.974127364881658e-219
5.0765542603923876e-167
1.7868121044322277e-83
1.0987261350989739e-76
1.1030395050966689e-304
2.2118919390973249e-102
4.9039274814237567e-198
9.9723651892958966e-179
6.4528966612628534e-91
9.3037496565464869e-76
4.2646625814865025e-308
5.0626027014418875e-105
1.6439465960795194e-200
8.4842015599907826e-166
1.6053458971167839e-95
3.8835085595022158e-66
2.4856210484092287e-302
8.0074248946799439e-100
2.2190217187200242e-200
1.7668378822469468e-167
2.7079153753803845e-98
2.9199502481064021e-69
2.9434081309968771e-295
3.0202679385671151e-110
1.1176937510937264e-206
6.0832206772793846e-169
7.3601613218662874e-86
5.3014527054992049e-64
4.4617757385478786e-298
8.5853474177888925e-104
9.9558870558759938e-199
7.3389323240684474e-169
1.1333175731212208e-90
1.296796379222998e-76
7.3027278362487358e-305
1.0964530818191714e-100
1.5962056475928861e-200
8.3994605796590867e-167
9.3265400520969988e-79
1.7372750311543093e-66
2.2610370686411429e-304
2.5371885063683095e-88
8.3750631114660538e-204
2.3893132855303311e-166
3.0073104648985487e-90
3.9692668759902632e-69
1.4283344704169858e-290
1.2760669061458201e-105
4.837097083879316e-204
6.6424601723403367e-170
6.9112366811645541e-89
2.604857924021351e-71
5.567742978924231e-303
5.0703841894382065e-89
5.0405082996661885e-197
2.3483306335901992e-161
1.2208968839329728e-94
2.5247467692654387e-71
4.1322468419316631e-299
8.5980245624518596e-105
8.2247061045323516e-199
3.8399498261529845e-162
9.4786278075120791e-92
6.5433010758316391e-64
6.9435311003011527e-302
4.2595577675623203e-105
6.4345582928394392e-221
4.0655289572938039e-163
2.2307107116478485e-85
1.1749897869833261e-85
1.458601781176251e-310
1.1676080596914921e-95
1.8065294982537209e-197
4.3972113156876139e-174
6.7526894583323432e-86
5.112827625683799e-65
6.2638978720796871e-301
2.1111049530553766e-93
4.2382631753454683e-214
4.362965111249629e-179
9.0495663479170293e-88
3.1017284096332855e-72
6.941646084200002e-304
2.4200159041492488e-114
1.3194953722256514e-212
1.7810023504890739e-162
3.8029915038672697e-91
2.0301860816129186e-76
1.1751940833685278e-307
2.6027551256145233e-102
1.4322118772131572e-200
5.0112497267584226e-155
1.2813570578895439e-88
3.7097599822448617e-58
2.1952835881667387e-309
1.07644982020881e-97
2.2360685241879386e-217
3.4752691876228102e-173
