5.4413703003199175e-49
9.2604452826035691e-18
5.7488316111527437e-75
5.4984405162847532e-38
1.3576472888495694e-18
1.9623440473389761e-10
2.3321580633822981e-38
6.063032512003357e-16
2.8243365900334951e-85
8.5774165154671061e-48
2.4631936692731309e-14
3.8141074982796885e-12
5.3519324676725748e-50
1.5625065387344372e-16
9.381327883151307e-98
5.9749019984625022e-40
4.7969466020881773e-11
6.5432593797813394e-07
1.1472036005556149e-45
5.8449553314253779e-25
3.4763353005620564e-88
1.9998375705296557e-37
3.1721560552001076e-09
2.2564106875558927e-10
1.0222145989094821e-48
4.3214204111232428e-20
2.9834505644451698e-73
1.180674535332693e-42
1.2530742723673987e-14
3.8154333591649852e-10
3.7290639792073503e-39
6.8750086408900673e-16
1.724387185307206e-80
4.2489626216953429e-38
1.4959520766652736e-12
3.0529796709758568e-12
4.3193680748632186e-47
3.0164753762611341e-09
1.0877965205092702e-86
1.0802815711123719e-44
6.1024632881510225e-22
2.2780351850138041e-09
5.8287440409871399e-44
5.9621909406834634e-18
2.1332867619933459e-88
1.7129443995723666e-52
1.2055545506203714e-18
4.1163970492745929e-12
1.8925201660387677e-42
8.2290208662029247e-25
4.5932256158141433e-72
5.1553409055674205e-46
1.1977496670563873e-11
4.0366793381011189e-09
1.6819650734964926e-39
1.1577893335971891e-30
4.4001157437081805e-71
5.9259359721877648e-51
1.1536328569637362e-08
8.5945116817306092e-12
3.7116074431936745e-53
5.2305541423587612e-26
2.9073181436642402e-91
1.0660676343991065e-41
2.6325916626584515e-11
6.5915226429711505e-08
1.0167957042085989e-55
9.3176820828107781e-17
6.6671110949890062e-84
1.1416185797672125e-41
7.3700168332348967e-12
8.1595876879199289e-07
6.0776594148256984e-43
3.128780238869473e-22
2.9760528835662427e-90
2.6669167316157282e-42
3.2207072272560182e-09
2.5657096889518999e-07
2.8091826950346649e-59
6.1420398882219483e-21
9.6351640996261956e-83
1.7514247883630761e-45
1.9898482991213192e-10
1.5600401899778687e-06
8.574158576699129e-45
1.8640619816113272e-20
2.3786607710381251e-69
1.9812923497923833e-42
1.7470035258091662e-09
3.3930278436549174e-18
1.3298367130695356e-44
2.294046028595474e-15
4.4925223045606575e-93
8.7060743642506212e-50
3.5002542631413413e-07
2.0508026984907829e-09
1.213541128305764e-51
2.823563035475353e-20
5.0410614325864273e-87
2.7457107995466942e-51
