0.000000
0.000000
0.000000
0.000000
0.000000
0.373555
0.000000
0.000000
0.000000
0.000000
0.000000
0.044089
0.000000
0.000000
0.000000
0.000000
0.000000
0.126399
0.000000
0.000000
0.000000
0.000000
0.000000
0.069140
0.000000
0.000000
0.000000
0.000000
0.000000
0.201400
0.000000
0.000000
0.000000
0.000000
0.000000
0.081557
0.000000
0.000000
0.000000
0.000000
0.000000
0.145675
0.000000
0.000000
0.000000
0.000000
0.000000
0.256717
0.000000
0.000000
0.000000
0.000000
0.000000
0.077307
0.000000
0.000000
0.000000
0.000000
0.000000
0.180907
0.000000
0.000000
0.000000
0.000000
0.000000
0.258755
0.000000
0.000000
0.000000
0.000000
0.000000
0.105017
0.000000
0.000000
0.000000
0.000000
0.000000
0.223211
0.000000
0.000000
0.000000
0.000000
0.000000
0.071355
0.000000
0.000000
0.000000
0.000000
0.000000
0.703305
0.000000
0.000000
0.000000
0.000000
0.000000
0.271317
0.000000
0.000000
0.000000
0.000000
