0.000000
0.000000
0.000000
0.000000
0.001137
0.286845
0.000000
0.000000
0.000000
0.000000
0.052226
0.183392
0.000000
0.000000
0.000000
0.000000
0.076394
0.586524
0.000000
0.000000
0.000000
0.000000
0.496601
0.492178
0.000000
0.000000
0.000000
0.000000
0.002971
0.537829
0.000000
0.000000
0.000000
0.000000
0.195010
0.679978
0.000000
0.000000
0.000000
0.000000
0.000086
0.899845
0.000000
0.000000
0.000000
0.000000
0.001895
0.001408
0.000000
0.000000
0.000000
0.000000
0.006797
0.018148
0.000000
0.000000
0.000000
0.000000
0.005770
0.415032
0.000000
0.000000
0.000000
0.000000
0.001114
0.023537
0.000000
0.000000
0.000000
0.000000
0.128687
0.130551
0.000000
0.000000
0.000000
0.000000
0.099297
0.050524
0.000000
0.000000
0.000000
0.000000
0.878590
0.617991
0.000000
0.000000
0.000000
0.000000
0.000239
0.435501
0.000000
0.000000
0.000000
0.000000
0.021037
0.075515
0.000000
0.000000
0.000000
0.000000
