7.788578806607403e-13
1.3374576220241382e-47
5.268261069664042e-200
5.9874680377936425e-134
0.0096655434574465949
0.10235759256422386
2.8911710292480147e-13
1.5218050711752715e-47
9.5276735940958098e-215
1.0075281041951034e-138
0.00090168578395672413
2.3105210634535022e-07
2.1311929977073427e-10
9.7471492434686728e-54
8.3178787070263472e-232
1.1712277751665813e-136
0.0001275742934227626
0.003922356695549572
3.5099997789934108e-12
3.3859972774699908e-37
1.9627264349138626e-219
4.483066537184708e-137
0.1729827395613894
1.2072018805076637e-09
2.6403388530083181e-19
5.3878818594853234e-51
1.8113612222285425e-209
3.8941803216937704e-141
0.018923466514374598
7.028942791005873e-06
4.9431739851037079e-14
1.6043775567739806e-55
1.7752083998147917e-208
4.8594693254387346e-130
0.018831067485795817
6.9786920950377743e-07
1.3765120518148966e-15
1.776046625692239e-48
2.105673658905904e-205
2.4243731879285508e-145
0.01472493025609543
2.0807610960883413e-05
1.8996097550160511e-09
1.0186584291780263e-54
2.3636638185895116e-220
1.2066092329619991e-137
0.011554951009215659
1.5072035627435501e-07
1.8095353109286694e-16
3.5438436890907425e-48
7.8176724766056951e-200
1.3971986656659906e-138
0.0029013955148168946
3.1275004377702946e-06
2.0295360595441894e-08
1.3481039990686095e-50
2.4802587412815009e-213
5.0571006116411163e-130
0.19859875331605686
9.5077287052049531e-06
2.3625217717842746e-07
8.6502812090611747e-47
6.8497196289256884e-204
1.1724145986629164e-151
0.0023085326341594535
0.00062831363090514976
1.2454356466586693e-07
4.7857221235378275e-55
8.3051020235287921e-197
6.5710870354802393e-138
0.22471240790925939
0.0014370123709277103
4.8376803485671134e-10
5.3605355493476098e-40
4.6264238332349476e-231
1.9538518554117201e-149
0.015537294071632863
0.00046081471006175655
4.8469268743184816e-15
1.4082841910432819e-46
3.3357466821401295e-209
2.0031234289387943e-143
0.0003656758110358911
4.2165858934068741e-05
2.3892531303075029e-14
1.1382167937671072e-48
1.3126997464564091e-207
4.1370124321214817e-140
0.071820786539796649
0.00056650730875396147
1.227045088133908e-22
8.4765770429782871e-51
2.0512573851059262e-226
8.1749467715376321e-135
0.00047633787541549505
7.1033034256869717e-12
2.8505888370438201e-15
2.1251133366456244e-58
1.2605016968942796e-220
1.2819537212879419e-144
