6.1369065181370458e-299
3.7571163591707933e-06
2.4375188982465153e-34
7.2695555723576667e-25
5.6104749397655069e-14
0.0050199792362313894
6.2436729400613861e-287
7.3544058193366315e-07
6.2949338176370808e-29
4.9463902170725559e-31
5.2264510933045807e-16
0.00054187897851998203
4.7103373281143403e-296
0.004984064443663048
4.1230690084720337e-42
4.9163815170622661e-32
4.2684499417379846e-17
0.00049362822066332135
3.2861922533928167e-304
0.022625906233550559
3.6888009323375519e-22
1.1522693080419573e-17
1.2592572608969491e-14
0.11314210157839544
3.4243253328376275e-295
2.041986213004773e-08
5.2554034240342162e-24
3.7054077856178054e-29
5.0467397528288636e-13
0.0047641989033240517
1.4547325413434627e-293
0.00019262184748211264
2.106117703155977e-33
1.5980328650187474e-24
2.5851720354246629e-15
0.21217510562212724
1.4847699167124725e-297
0.0094867551064713104
2.1754669536379478e-37
7.3461113992452549e-18
5.2863172159927175e-15
0.12390762380450249
2.7474269154128943e-299
0.00010974006219581529
3.7903322543524146e-21
2.0050219525025514e-29
5.0442757873516537e-13
0.029997205853211192
4.2637311894732995e-303
1.7222027615572778e-05
1.3571946274267001e-33
8.8194291413322737e-28
2.882329068786486e-17
5.006024979128462e-05
3.6166693980744987e-291
0.027678583820891133
7.6240580808695754e-30
1.9083199814540885e-27
1.8991833769233962e-13
0.00067931080115088958
8.8724994925982603e-290
0.0023179890435596449
8.2849580947912201e-28
3.1732089054552139e-22
1.3413132387928592e-12
0.11859087245989403
2.5418429496796948e-298
0.00010888268505202518
1.4299863834703896e-30
1.1894571677201255e-26
3.8070366585797705e-23
0.084324575355125123
8.1337042436609151e-302
1.3162943172470741e-05
9.9029585712676336e-28
4.9198061331124404e-22
6.6162144143379424e-08
0.00070764606080278342
1.6654621448484409e-301
2.3083792161793629e-07
6.1952344385705519e-25
5.2790140469156191e-22
5.5556779782124435e-14
0.0017790202023094004
3.0341834110938207e-289
7.609428360573252e-05
7.7197630394470058e-36
1.8171858954621073e-32
4.3439886908307676e-13
0.13084303800617442
3.22158400386593e-294
9.8792445716207254e-05
6.0995878182477664e-37
1.5190105414804851e-19
4.9679079377157092e-15
0.045639291017738316
4.5687017865885171e-303
2.1697388790589837e-05
1.4601064715578942e-46
1.9648685975646165e-20
