4.3819274546327036e-134
7.7286981611362931e-75
3.9830365497905177e-281
4.472295801523061e-203
0.15947715110630462
1.1664639126088276e-15
4.4436291319346525e-168
2.056515423240662e-71
2.4152298437809938e-283
1.3165550182219348e-200
0.014831995082424372
1.4486853484660663e-24
6.0796670570254026e-132
1.1476939839575003e-84
3.8973127669805621e-299
2.5439778149616306e-207
0.82789515022442695
1.3795348831161498e-20
2.365212970825128e-138
4.6635339575886393e-60
1.4248099327487755e-274
4.5057702160588902e-207
0.16760413090540247
1.0017236958255603e-21
3.7030398972655605e-156
2.3687276759441673e-85
1.171637337414702e-273
3.4576974084962811e-210
0.64964346468015655
8.6833303370655178e-23
4.0583525752586066e-169
4.6074630603640168e-84
1.2220488134442954e-285
1.3229731396894424e-212
0.057329492546864022
5.5938110895106258e-18
3.6124651272386376e-148
3.166187503294094e-77
1.8590239159506288e-272
7.6817644099326121e-217
0.44836148365418915
8.0604469726183936e-22
1.3031667761704795e-126
1.1269173842642371e-84
1.9088605380225832e-290
1.2669618394011472e-191
0.57762646664184469
4.0450469337461655e-24
6.9705846306051514e-140
1.1225418781783296e-80
6.9936961289459866e-276
2.1665949186684742e-212
0.2855856842042554
2.234726491273246e-26
6.3153648873260635e-137
1.0556523491555239e-77
4.5250335322862796e-281
3.158947417082506e-197
0.61739978116211791
7.2249964555292335e-24
4.639266984298393e-159
1.3009126392781458e-88
3.5428356130457123e-274
2.0132098904568015e-214
0.34137988828424587
1.9860007826215613e-17
8.946585115950748e-148
7.4404666322791806e-78
3.048829311617359e-281
4.487198824307972e-211
0.00026764892200323341
5.8706204458177025e-21
1.4320918268871188e-138
9.4213355918786697e-77
3.4436467433554145e-285
3.9991773261195869e-206
0.059944554324063745
1.7825757903129101e-21
2.1970890455137165e-150
3.1362330984277603e-84
7.24015668389602e-279
3.4510805684404439e-196
0.23012856085914496
8.7070732652235443e-14
9.8407043285296617e-134
8.8117005093011235e-71
2.7771993370216112e-276
1.2344696576048152e-216
0.25526868537036612
1.514441818336033e-16
1.7566389978690888e-150
8.8729747258613627e-75
6.2115150492290454e-297
8.6797361385405196e-205
0.69366546984358779
2.1309174238735203e-23
4.7560457953837363e-161
3.3987408036504317e-86
6.2738901807655885e-275
3.6976259680843187e-208
