0.163776
0.000000
0.000000
0.000000
0.124107
0.000000
0.253611
0.000000
0.000000
0.000000
0.076941
0.000000
0.000030
0.000000
0.000000
0.000000
0.231398
0.000000
0.000000
0.000000
0.000000
0.000000
0.005338
0.000134
0.000000
0.000000
0.000000
0.000000
0.026559
0.000067
0.000039
0.000000
0.000000
0.000000
0.039386
0.000002
0.000502
0.000000
0.000000
0.000000
0.125954
0.000005
0.000055
0.000000
0.000000
0.000000
0.000075
0.000000
0.000503
0.000000
0.000000
0.000000
0.011243
0.000002
0.000134
0.000000
0.000000
0.000000
0.385503
0.000089
0.004096
0.000000
0.000000
0.000000
0.105674
0.000005
0.000298
0.000000
0.000000
0.000000
0.068643
0.419385
0.001440
0.000000
0.000000
0.000000
0.025219
0.000002
0.000016
0.000000
0.000000
0.000000
0.104192
0.000991
0.000003
0.000000
0.000000
0.000000
0.046972
0.000000
0.000006
0.000000
0.000000
0.000000
0.026815
0.000035
0.000002
0.000000
0.000000
0.000000
