8.4329478742839856e-17
0.0021525103653923022
1.2825392176529462e-52
0.00038015319407524133
0.79378298760931254
1.0075336518827725e-11
3.040448227351752e-10
0.02328414386566521
5.7925745924171306e-51
3.5210686956848017e-06
0.28315675295605597
2.5115250075798525e-19
3.0756308861974692e-11
0.08586956461276915
1.5458395554885585e-45
0.014905675893998703
0.025500494117977897
4.0691842427110831e-20
1.5532065982349506e-09
0.17569861019137964
2.0409026131317419e-53
0.0025691011912031929
0.049850766975987795
2.2261834385856078e-18
1.7305148335121521e-13
0.30622956739576829
8.8438588302691326e-51
0.032567715180237544
0.16413028800276755
1.8531166832419879e-16
1.2809591215745028e-10
0.65711728485816701
4.0407411122073679e-46
0.016909561860002194
0.0040603247208221508
3.8707562981674245e-15
6.3256954460356115e-12
0.28645123938935546
3.3464969311797455e-50
0.0033004695936113674
0.18612908176071952
6.504523158168851e-23
1.1776842858469109e-16
0.70729078627281006
6.0236706953929569e-55
0.002332244238207964
0.35347242675519264
2.2599804874936949e-20
4.6953538314790504e-24
0.46495771381217654
3.6676643388903156e-58
0.046128720379350709
0.0037630767582718118
1.0043372573582716e-17
4.2849619127554836e-11
0.62106856560074752
6.1563740759403485e-48
1.3382880286356573e-05
0.51648715533762624
3.5208495552610291e-11
1.3531271737705466e-12
0.070698748794150529
1.1467138242020637e-46
0.00071423168733505385
0.12063878149839374
3.7682459607070421e-13
2.4921405634131694e-09
0.35667729088315936
6.7042760307127083e-53
4.2089397701782997e-07
0.764255035559539
7.0460813785468765e-15
3.1302719053890701e-09
0.28953555379136903
7.4830568789388866e-51
2.0349116317799896e-05
0.019923639402965786
2.8467255044119023e-17
8.6231623153574383e-16
0.25868177030765555
2.8203469740515387e-56
6.309572062016527e-05
0.72756803687132743
2.8145675926713708e-27
2.818998576862213e-12
0.61408823323103068
2.0240925341597539e-48
0.0062632416566167021
0.56364794021662745
6.2290393915961332e-08
4.6051298215265075e-12
0.3218847363455547
7.2142015472729011e-52
0.0043088150756952744
0.0032911382722962232
4.9848579221474627e-20
6.8512392562996486e-16
0.79062831361744612
4.9675771886009198e-51
0.0015252392918565672
