0.00033991933830152953
1.6208315269706438e-33
2.7807535805387571e-26
3.0050394013321715e-09
0.0061526809006983221
4.8224931076638341e-08
7.2477494019739083e-06
1.2898265715145586e-20
1.0435883377527252e-23
0.00015712007234368493
4.9240477915464112e-07
2.5684705581631743e-06
0.026884230609059246
2.8617369460220044e-19
2.4766030719902133e-28
2.8945387280965036e-15
0.0031186230015682777
1.9504201797621997e-06
0.0053418755512090804
4.8334081093007712e-29
7.0380646936502875e-18
2.9226595132613229e-14
0.0032108968730008864
1.0951979424435795e-07
0.0017406030185323229
1.7851767905529939e-22
1.5718329510059635e-16
9.5694663900860064e-09
5.7532323677414797e-05
1.2568757652390239e-13
1.7705420686586153e-05
8.1571117772353552e-23
3.8539767289190642e-22
3.4234163185644345e-07
0.025909385737129916
2.1514559299115344e-05
0.00071694305113439983
5.6170797137022131e-19
9.2155485174708363e-23
1.1486157249305153e-05
0.004286412428028628
1.8898092178675701e-12
0.25541321919266119
8.723368524912e-27
7.4603455973742355e-19
8.7136346267313777e-07
0.0017826867665020544
9.0165852600650294e-09
6.7302434868571383e-05
4.0245150767500926e-22
8.4952594279630321e-21
3.9685523619145634e-08
3.4403978529845507e-05
2.149660881410496e-09
0.0055940422829942864
1.1234395794592053e-23
3.6656383803815763e-18
5.7535427054386633e-09
0.093201191617012943
2.4033975917157454e-07
1.8754583464931545e-05
4.1804914772613397e-19
2.3373566172347993e-21
1.2456665056563115e-11
9.3425011915954935e-06
1.1083665464356945e-10
0.21837218193654606
2.7998880495487245e-23
4.0424778269896229e-15
1.752937658328581e-18
0.00031635112750221189
4.1567847527947317e-07
0.0047300519133179715
1.3997075279270338e-24
1.60782647964434e-23
1.3860119843205851e-10
0.0032330667205673416
6.0839369937052203e-06
0.0080739513920510837
4.9429746237858859e-27
2.0432626424120677e-20
2.3209484445912624e-14
0.0021428324961549369
3.1052128322509462e-08
0.0023274830719183254
1.9621123757363309e-35
1.7730328286916017e-19
1.3600344954337114e-08
0.00034152121444206687
1.2373819451101267e-10
0.00026422349001119477
3.2479654758900346e-27
9.3999835691308599e-24
1.8677667942778022e-11
0.044898132518325834
1.3918145693311243e-08
0.0061114044116474262
1.858446482154018e-31
7.3680988147497034e-18
1.2433448205394638e-10
