0.42734876278396167
5.3174246265659493e-05
1.1215818455846e-53
7.033521243869651e-13
3.5988930972154538e-51
9.0686998567328141e-34
0.046540271350633607
2.0724147961214964e-06
2.59448341430182e-40
1.279512270146046e-20
3.1200250091377987e-46
2.8680240980788739e-31
0.0078185496008909509
0.012460874100622837
3.2660152686166554e-53
3.6717385243734238e-15
1.0351211438962701e-64
5.0351339908080481e-50
0.0072876954084265455
1.5384852655690306e-09
2.1230968636043236e-45
1.0487260106831154e-10
2.37956382145662e-58
6.09657956710769e-34
0.66399471681394728
1.4147850276411473e-09
2.5215720285087143e-52
3.470985694295035e-12
8.1399718422887619e-42
7.8716166566097406e-36
0.29200447859802453
9.5291753537541627e-10
5.5953040236960174e-50
3.9127350544072854e-13
5.2152827245175581e-63
7.9212017939471565e-51
0.68942330560619047
1.6244275586166369e-08
7.6037232183713283e-46
6.9563851898506326e-15
2.7579227830620786e-46
6.0186320463656012e-46
0.94598077757783428
1.4693321130747343e-08
5.4525627515317485e-48
4.1616390252424071e-17
1.06452079321146e-54
6.0699758343594582e-28
0.75997200128304976
0.00014703736929023937
1.8258685544054574e-53
4.3228190180982245e-13
3.5606228693100885e-44
3.507020219654657e-33
0.10484472361131035
2.448372498887057e-08
1.1085004956336168e-44
5.4236720291879641e-14
3.3745774304577795e-57
6.3158427740209762e-31
0.27427959286712944
1.5765287217282427e-06
3.1685787842273507e-59
8.6386790390060204e-11
1.0114293549435917e-62
8.9891205039340313e-29
0.037705855830139634
0.0017695214445708144
5.8921815411956442e-49
1.592173343691299e-12
1.6080883266616976e-46
3.4377436182308163e-42
0.011488272628093139
5.9106170046454197e-06
3.4049228982735171e-41
6.6929177113198405e-10
1.6249416996285105e-49
1.0870095232014597e-43
0.6339843718897803
5.8892986836744382e-06
4.2380775295187689e-51
9.1445828308276944e-14
3.6363248868812146e-51
3.8653065332152171e-46
0.96720711930692338
0.00055464580940711185
1.1575976765151545e-41
1.7504701093109443e-10
3.6984857338965518e-49
7.1795223642525183e-35
0.13172257940872362
3.402989069598371e-09
1.7714360979257442e-50
4.2479016235156074e-19
1.6147409937207333e-67
8.0994322890116952e-48
0.18596051616867071
4.011544482354542e-07
1.4511229870023694e-54
6.2408731353549965e-13
