0.053753
0.000000
0.000000
0.000000
0.000000
0.000000
0.116121
0.000000
0.000000
0.000000
0.006303
0.000000
0.008370
0.000000
0.000000
0.000000
0.065458
0.000000
0.350922
0.000000
0.000000
0.000000
0.000026
0.000000
0.011876
0.000000
0.000000
0.000000
0.000000
0.000000
0.082303
0.000000
0.000000
0.000000
0.000172
0.000000
0.000813
0.000000
0.000000
0.000000
0.117635
0.000000
0.000000
0.000000
0.000000
0.000000
0.000104
0.000000
0.000305
0.000000
0.000000
0.000000
0.014832
0.000000
0.004646
0.000000
0.000000
0.000000
0.000001
0.000000
0.005914
0.000000
0.000000
0.000000
0.039005
0.000000
0.000265
0.000000
0.000000
0.000000
0.000001
0.000000
0.004853
0.000000
0.000000
0.000000
0.000070
0.000000
0.000090
0.000000
0.000000
0.000000
0.009617
0.000000
0.156729
0.000000
0.000000
0.000000
0.000143
0.000000
0.000428
0.000000
0.000000
0.000000
0.000000
0.000000
0.340845
0.000000
0.000000
0.000000
