0.000000
0.020415
0.000000
0.000000
0.167965
0.000000
0.000000
0.026218
0.000000
0.000000
0.106335
0.000000
0.000000
0.113658
0.000000
0.000000
0.262867
0.000000
0.000000
0.000004
0.000000
0.000000
0.312979
0.000000
0.000000
0.105224
0.000000
0.000000
0.108728
0.000000
0.000000
0.004494
0.000000
0.000000
0.000879
0.000000
0.000000
0.000250
0.000000
0.000000
0.011130
0.000001
0.000000
0.097410
0.000000
0.000000
0.841921
0.000000
0.000000
0.041773
0.000000
0.000000
0.154406
0.000000
0.000000
0.013762
0.000000
0.000000
0.372987
0.000000
0.000000
0.010800
0.000000
0.000000
0.009078
0.000000
0.000000
0.413620
0.000000
0.000000
0.073937
0.000000
0.000000
0.326360
0.000000
0.000000
0.000000
0.000000
0.000000
0.003806
0.000000
0.000000
0.000001
0.000000
0.000000
0.381079
0.000000
0.000000
0.243211
0.000000
0.000000
0.292404
0.000000
0.000000
0.249113
0.000000
0.000000
0.000026
0.000000
0.000000
