0.04542869667525927
0.0027098749960953565
1.0464363750784701e-98
4.5804971637956377e-27
3.6483269233009333e-16
3.5707637271577656e-23
0.00037628130033634738
0.037556496893122002
2.0567044420239524e-88
6.6303435882619105e-34
3.9638248704405265e-23
4.8971405412924919e-21
0.072685260519986611
0.003281832506459532
6.9858205182284907e-92
1.7674031906045413e-27
2.646532596856639e-16
4.969586190455743e-22
0.40730226140279485
0.35778050207040141
5.4903565247221515e-117
1.5706718352185263e-30
2.5387714615438039e-23
2.9454882413398287e-16
0.35429470697846488
0.002592236297080607
6.4596429837737591e-91
1.2848296471958039e-26
8.8489141494091403e-17
2.7357659466096149e-20
0.0057975528383225972
5.1288166905293827e-05
1.678495487579234e-100
2.9436730363909834e-32
1.6094506918261208e-23
2.5419154074076438e-14
0.0051169768457067465
0.37507069510969876
1.4498016890218456e-93
5.2689052220650051e-25
1.2637584542841396e-24
1.7101587070701099e-14
0.0015590221772514726
0.018045698699610119
5.6430106908535439e-108
2.1723012751329169e-25
1.1917912006418986e-16
1.6152273289679292e-25
0.34838451462349418
0.15387722239366308
2.9395675667288881e-86
1.2358989876649145e-30
1.7572183636654734e-23
2.4098077980186504e-20
0.0055608000977517618
0.00071694305113439983
1.1966394337271706e-78
5.0532840809169073e-30
1.6505913881574887e-19
2.8488852003824407e-19
0.0057085040841764641
0.31779186067859644
3.113297144570757e-83
1.689450883636571e-24
1.9856742062800331e-20
7.830305984081643e-16
0.057469765484497337
0.021242185198080223
1.0332103233645747e-91
4.9960244018811229e-28
4.6992121285279624e-19
4.1372867792471904e-15
0.07214078695929857
0.14367237895862192
3.6354778171010345e-87
8.6922065479705406e-29
1.2832261651702385e-16
2.4175107272346691e-26
0.091021228654651787
0.24092210475857298
2.621181034335711e-85
9.9231102663603362e-28
2.5408675962563139e-32
4.1550947626103418e-13
0.0070868733513841081
0.00042288159811031741
9.0481390032711914e-91
1.5416688031880104e-24
6.4781581177280931e-26
4.2262408773096059e-17
0.16111541492273898
0.0011218651120888973
2.0092034908862393e-90
2.4457853921696465e-22
6.2267889408918639e-20
4.1335218571048691e-09
0.054093413901841289
0.0011284279185669508
4.1388183203172425e-88
5.1139450347752036e-24
