3.0836266865364965e-245
3.4849360665055237e-19
0.16191480004406267
1.9688051298209993e-31
0.97520947031338934
2.8973647128724624e-39
6.7748601504438818e-245
3.4361026205012177e-16
0.15296819305401646
1.5057224936403087e-33
0.61515241802822884
3.9515795266038684e-37
6.9049003072783214e-242
1.1252888924002884e-18
0.3113029515348103
4.9337864195286809e-31
0.058828328028317008
6.9687108597785479e-32
2.1855426037735719e-228
3.05651746831878e-10
0.00077008983858688792
7.7041766677914242e-39
0.27711282242274154
1.7848451971211476e-36
1.0751429493989573e-235
3.6943771281249599e-22
0.176719405080247
4.5543269890532164e-33
0.51053166457923638
7.6575919040766773e-26
5.5811432960000097e-237
6.4684577209997549e-12
0.044010856351381945
7.0146648345935438e-40
0.32368691149787682
1.5051415415794455e-29
5.2254916569768065e-237
2.1275076755539921e-14
0.00011648716356775325
3.3056600631025594e-32
0.047172316268821554
4.586732311810455e-34
1.0908795148777794e-234
2.8810745990577605e-18
1.3643052135903582e-05
3.2392243841840699e-39
0.23483282447310208
1.3885483443783805e-26
1.7833745753530328e-240
3.9581474683792298e-18
0.0090042413548892721
8.6943692880711077e-43
0.49648998340740758
9.8783609436121636e-36
1.2040649386979347e-235
4.1438993436249111e-18
0.0026693734130480077
9.6329518121985097e-30
0.442585693207727
1.2273463482876175e-28
1.0089917560613174e-241
3.7103053329117605e-17
0.089813161273745654
1.0344744017664673e-35
0.065548719863957869
1.117616997152177e-27
3.0841083243480301e-237
8.3560906265723987e-19
0.022991299992068528
2.035859131848897e-35
0.50829170195024376
5.2754490257287501e-32
4.5355541801140027e-238
2.9150012449021198e-16
0.02799626326761246
9.5427051919683665e-31
0.77309909909433949
2.3751426003310005e-32
3.392463929653279e-234
8.0190013696577832e-20
0.041385982719123485
2.4339830515470633e-30
0.5128880138165115
3.2979510727446824e-24
9.2288023291846868e-234
4.7644923811811466e-14
0.0018235074014196855
3.7981063533289529e-40
0.54516550849287937
1.5121560969071871e-27
1.4837568448056237e-241
3.0073254364225273e-18
0.13789185773692811
3.1761926800215196e-27
0.42950733060437024
2.1077239351058604e-14
5.9472233660566405e-227
1.5379053477378803e-16
0.0038659586232226064
5.1057767646260351e-32
