0.000000
0.000000
0.108019
0.000003
0.000000
0.000000
0.000000
0.000000
0.037584
0.000308
0.000000
0.000000
0.000000
0.000000
0.000000
0.000043
0.000000
0.000000
0.000000
0.000000
0.000000
0.000000
0.000000
0.000000
0.000001
0.000000
0.000066
0.000001
0.000000
0.000000
0.000000
0.000000
0.000005
0.000064
0.000000
0.000001
0.000000
0.000002
0.000000
0.006318
0.000000
0.000050
0.000000
0.000000
0.000004
0.000088
0.000000
0.000000
0.000000
0.000000
0.000000
0.000000
0.000000
0.010365
0.000000
0.000008
0.000039
0.000004
0.000000
0.000001
0.000000
0.000000
0.002212
0.000020
0.000000
0.000001
0.000000
0.000000
0.000056
0.000000
0.000000
0.000000
0.000000
0.000000
0.000002
0.000000
0.000000
0.000001
0.000000
0.000000
0.000000
0.000027
0.000000
0.000009
0.000000
0.000000
0.000178
0.000002
0.000000
0.000000
0.000000
0.000000
0.000000
0.000019
0.000000
0.000001
0.000000
0.000000
0.000022
0.001472
