0.000000
0.000000
0.018121
0.000000
0.056871
0.000000
0.000000
0.000000
0.002204
0.000000
0.014217
0.000000
0.000000
0.000000
0.054512
0.000000
0.000098
0.000000
0.000000
0.000000
0.010716
0.018362
0.000002
0.000000
0.000000
0.000000
0.047441
0.008834
0.042558
0.000000
0.000000
0.000050
0.148119
0.000000
0.024238
0.000000
0.000000
0.000000
0.000014
0.000000
0.341469
0.000000
0.000000
0.000000
0.294569
0.000001
0.383383
0.000009
0.000000
0.000021
0.031184
0.000003
0.054723
0.000000
0.000000
0.000000
0.121068
0.000000
0.000093
0.000000
0.000000
0.000000
0.037435
0.000010
0.139340
0.000000
0.000000
0.000028
0.250890
0.000000
0.122796
0.000000
0.000000
0.000000
0.004889
0.000000
0.184393
0.000000
0.000000
0.000000
0.000004
0.000002
0.002810
0.000000
0.000000
0.000000
0.819946
0.000000
0.004620
0.000000
0.000000
0.000000
0.001231
0.000002
0.033239
0.000000
0.000000
0.000000
0.003983
0.000000
