9.3467107659324293e-54
0.10556998443740007
4.7119286270418754e-72
1.5722596055529989e-11
0.35283375124473731
3.7250108923612246e-16
1.3751434894902248e-69
0.0038011519108708935
1.1194879788957249e-86
4.893830787256305e-13
0.48964368376567657
5.0959824124013182e-20
5.7134873500713711e-40
1.9479237525669653e-05
1.5971789584299137e-79
3.8534110627323178e-23
0.10598639757005561
8.9046332552882669e-11
5.5968213988451843e-65
0.00022946982053927405
2.3315866459945814e-97
1.1702470249245269e-12
0.0033787782732815595
1.0877711539220937e-10
7.2736431398537865e-46
1.5498456995767373e-05
1.022530956752519e-56
1.3078772541079808e-19
0.057449707310054311
1.4711037503579907e-10
2.1939506201517254e-40
0.0007756117122704213
1.5014927760044012e-61
1.0979504160330319e-17
0.2345619974007169
1.293175376500006e-14
2.8785394096443666e-59
2.5428767171608795e-06
7.4304193126165552e-81
1.5797557009024566e-17
0.18534351478617464
5.5950563752332856e-09
2.8146457725370627e-34
1.0811024781313139e-05
2.0324292209245261e-90
4.8877268335090016e-15
0.054876748518450515
2.8510317273553462e-11
2.9894357845443727e-78
0.01318940116025516
3.9586226577645751e-73
6.3867370862194493e-10
0.61657168967276177
1.8525885924759159e-07
4.0463533905118903e-66
0.00065236162210589768
1.2851037037824292e-73
6.2860581290962247e-16
0.0044813753591341227
1.1089368426890329e-17
2.9290730064185711e-60
0.0093256506921107103
8.1781384173578027e-79
8.4497487834094401e-24
0.41533460678574335
1.1917128628841682e-14
1.389507801646746e-46
1.6012530801153433e-05
2.6479020781582447e-81
1.8947923579433995e-08
0.35319861481688997
3.6075476828816225e-10
7.6139093834191772e-49
2.7631133049655858e-07
3.740458533798221e-99
4.8349917114226939e-15
0.20746678267295629
4.8574711267145797e-11
4.7715037909321116e-57
0.055885184400924395
8.4894127956534014e-91
2.9440292870704823e-16
0.091630667803712221
7.6503567625636689e-16
8.6437113945495332e-55
0.0024404111863537033
5.0303146763572516e-79
7.2961082184008659e-22
0.53143793680591944
1.9648471009073582e-12
5.2921941820397515e-62
0.049938884443267509
3.3428979722413806e-105
2.4037370350842992e-09
0.57365671322537892
2.269065859959268e-20
7.018957193231535e-54
1.2940782826538173e-05
3.9231427482283866e-63
4.5882735543394398e-13
