2.1264875932905676e-293
4.3088228879751325e-05
1.1183530296116313e-66
1.4663750421659647e-12
2.2598324953312534e-25
0.00029312968761850488
1.4169995614507474e-296
6.4516330186301488e-06
1.4213574366560993e-62
5.4209361413202784e-18
5.5014553948993794e-22
0.003046164911034095
8.5592565880522922e-297
0.0032501201160578309
3.9076055191733768e-81
1.4671281766067871e-11
2.6376462248190375e-18
0.00017349425378634307
1.5622434647313881e-289
1.0727155306707126e-06
1.1642684070954753e-57
3.3375855952650086e-17
4.5049636428077885e-20
0.0014823246183405569
3.5790201603811688e-300
2.0866396553489064e-06
4.1184600537893718e-73
1.1047044477575742e-14
1.7978750661900107e-24
0.0083929760588847199
3.1982420938769643e-288
1.9496617279917364e-05
3.2007093606294491e-64
1.904704486619148e-20
1.7803536310029767e-13
0.00015535995020246805
5.7066795781819139e-290
3.0133980880049141e-05
9.9405682718747721e-74
1.3731149729687396e-15
1.4345958553658131e-20
0.030607424148773751
3.3676522503075993e-299
4.1818158367061613e-07
4.081863416349756e-99
3.5635964430048107e-11
3.4961609363372238e-27
0.0049012247776849711
6.8119969054877614e-297
0.0052974117252011371
7.5769991793278779e-71
2.9604942304948627e-11
3.8812384987209488e-22
0.28913877467895815
9.6557563161465175e-303
7.9119020896044714e-05
2.0663375954019256e-64
3.3215653458962807e-20
1.2573440910429682e-23
0.23926808291811957
2.57785043815259e-288
0.00053007341866341616
7.2819672728742113e-67
6.6812029139799457e-17
5.5846866945781471e-25
0.061356337555901946
2.5376172826804404e-291
7.7720189150553616e-06
9.6154581311920351e-90
1.8341929710181396e-15
6.5731249462698488e-15
0.013873241131898325
2.1991698615424477e-280
0.002496814942844022
1.0364227616136e-76
4.9088592907135612e-24
1.0694131731923412e-18
0.00025040838457597402
6.8039202315812005e-304
0.001197644380306153
1.650736239059739e-69
5.3087171682127713e-17
8.0968526336167042e-25
1.8447895646037074e-06
5.1026217418222744e-299
0.0011459533313390052
6.9021604683884685e-67
7.3439922055567555e-22
2.2601751749370436e-17
0.0018212575617613555
5.0204377172744286e-291
0.0018876122381364321
4.6593295440972205e-76
3.7923326770112389e-17
2.6249593629080153e-29
2.2908473417465554e-05
1.3179612845725265e-299
2.0127944240272809e-06
2.2703933584701781e-75
1.8039553346209869e-23
