0.647626
0.088590
0.667550
0.044484
0.657473
0.495604
0.135421
0.517389
0.362401
0.595334
0.589105
0.337382
0.150456
0.709047
0.439869
0.405309
0.889789
0.406404
0.880016
0.059467
0.055827
0.910930
0.581486
0.654745
0.265686
0.506726
0.126561
0.790628
0.702366
0.754991
0.490525
0.195536
0.737040
0.970956
0.248758
0.769750
0.121498
0.944167
0.690602
0.041998
0.250677
0.103850
0.964242
0.028885
0.779205
0.567250
0.744503
0.772542
0.228732
0.666839
0.228467
0.083280
0.529276
0.541378
0.255269
0.573773
0.294328
0.338357
0.774546
0.600278
0.332102
0.274890
0.610779
0.057610
0.705650
0.771873
0.870345
0.375545
0.612788
0.305569
0.325410
0.525869
0.775102
0.280123
0.709866
0.025623
0.591454
0.928991
0.497709
0.921459
0.870528
0.312895
0.876258
0.337117
0.199549
0.308634
0.857892
0.275962
0.850378
0.007271
0.226419
0.364913
0.533945
0.646440
0.510868
0.846368
0.764930
0.708345
0.727800
0.032890
