0.701779
0.982555
0.309800
0.952071
0.770980
0.155322
0.986037
0.367248
0.781305
0.733120
0.527458
0.565274
0.957445
0.842120
0.538401
0.274509
0.604168
0.788773
0.556232
0.588988
0.437578
0.779205
0.200622
0.967162
0.670867
0.271241
0.070216
0.403817
0.380983
0.227342
0.279117
0.856363
0.201640
0.467000
0.625569
0.929130
0.843409
0.553690
0.904144
0.932746
0.787460
0.788882
0.670038
0.239750
0.821712
0.167295
0.053489
0.906618
0.695078
0.785487
0.170145
0.810610
0.774213
0.252965
0.174363
0.768408
0.001181
0.494387
0.183225
0.502599
0.733928
0.368185
0.919701
0.387922
0.958951
0.062820
0.083505
0.236804
0.740490
0.364913
0.594981
0.231264
0.278962
0.106789
0.893443
0.421928
0.703305
0.837528
0.127294
0.921168
0.578795
0.016041
0.475323
0.951452
0.963285
0.103034
0.636238
0.468185
0.181017
0.058849
0.225958
0.250392
0.635289
0.149846
0.942941
0.312560
0.060300
0.096286
0.415234
0.038240
