0.609125
0.311721
0.156291
0.512102
0.105639
0.053658
0.184561
0.417965
0.865531
0.660912
0.062170
0.336410
0.224778
0.385021
0.830245
0.630190
0.988412
0.648932
0.469371
0.499152
0.682341
0.310634
0.599571
0.961128
0.945078
0.390447
0.104501
0.728726
0.961128
0.902532
0.487444
0.733351
0.749074
0.039927
0.465495
0.747362
0.694725
0.503156
0.574123
0.113732
0.766165
0.815560
0.941512
0.391713
0.995725
0.692488
0.249823
0.287319
0.534174
0.282688
0.370628
0.729768
0.712672
0.798650
0.567948
0.989584
0.280976
0.932612
0.623200
0.906300
0.026073
0.607118
0.156340
0.282454
0.163978
0.599336
0.992144
0.145858
0.930711
0.796167
0.573190
0.777655
0.511990
0.188275
0.662809
0.360456
0.224974
0.858083
0.613024
0.316097
0.608181
0.808067
0.511653
0.631139
0.681750
0.039556
0.388989
0.759746
0.901315
0.492178
0.878322
0.458751
0.303756
0.967162
0.475757
0.833496
0.652016
0.774213
0.524282
0.542640
