0.691545
0.062278
0.436850
0.326101
0.247556
0.060300
0.711504
0.226946
0.019812
0.798435
0.851155
0.042771
0.600160
0.597334
0.345859
0.569461
0.300726
0.096798
0.590867
0.249965
0.585234
0.611606
0.750784
0.624384
0.701779
0.401042
0.201580
0.782297
0.131639
0.844200
0.370722
0.065594
0.408001
0.023624
0.520322
0.037570
0.411910
0.046326
0.871536
0.108693
0.817757
0.353199
0.394057
0.817026
0.092490
0.810504
0.830755
0.491737
0.268303
0.885558
0.403718
0.237965
0.542525
0.388892
0.171769
0.832178
0.434982
0.786912
0.335440
0.310133
0.006818
0.553228
0.450155
0.837628
0.399363
0.867669
0.091295
0.388406
0.272909
0.673235
0.709515
0.227408
0.996901
0.590749
0.152634
0.284565
0.725597
0.269204
0.364167
0.810293
0.213680
0.930711
0.867298
0.733120
0.827895
0.330966
0.047223
0.180852
0.987436
0.056573
0.272150
0.172666
0.643711
0.521565
0.216270
0.073937
0.286215
0.850280
0.517501
0.577626
