0.54149289431742986
0.8782323242634692
0.49737647271193497
0.89844704886567583
0.27078743218507983
0.8732701509724381
0.54023239247525989
0.82460661561617987
0.8913252353410096
0.67536507421379444
0.37811480561483879
0.77343327959424801
0.24244607984716149
0.67453671193189302
0.81545485499672221
0.1842817484023816
0.7338125099686138
0.4272461265715618
0.8660904306152698
0.0085419515312093776
0.87363387302870132
0.73554245162206744
0.55646340843140607
0.25977833478699314
0.24126780805163422
0.53862959167870894
0.30277095607829074
0.030990435327771321
0.68458536737070286
0.9898701747002181
0.58945740807693592
0.15249158383766898
0.016379676282085327
0.85674582199776539
0.52326258631194289
0.14053458633533117
0.96959251920839529
0.58980963823721178
0.2778052686842824
0.099757747255044646
0.26176104621864182
0.43487854463765452
0.17623525975220106
0.99766763813774195
0.22952913325054972
0.64121964636395412
0.77109139561981965
0.46174204952612219
0.2236022456269027
0.035483810352962317
0.707525041361734
0.46775369865160188
0.32826646448282393
0.14663934111042232
0.62805707674747757
0.27420332018553906
0.91077526219212068
0.24002507678156057
0.57669178764181594
0.095840094685928398
0.41000285963002581
0.10933426599121682
0.057630461394292627
0.086303193631140099
0.85751030623767588
0.67441836374218433
0.28292250641697408
0.56132738148639438
0.082692882118299893
0.73934086643173402
0.38579315145604348
0.44101746764258598
0.52156547868422098
0.4166485412379336
0.93936524542345634
0.56109547870720944
0.79269672988770301
0.46110027343057647
0.55854641654000958
0.50137427019913616
0.70635352234445847
0.96523166067545429
0.2311303395776855
0.9515644192081395
0.31197271970875295
0.52927593092711134
0.70459512057835205
0.54241025704970824
0.27275714780010668
0.61538893521035254
0.23300948068792132
0.785706281246358
0.066070738963855374
0.098936898701520309
0.61089713944317237
0.32791927946575733
0.14835139124045521
0.029680055552261057
0.41685089891507621
0.93685219157279764
