0.351195
0.747476
0.068479
0.030607
0.860836
0.004465
0.586993
0.714774
0.648813
0.311721
0.976266
0.865251
0.373176
0.041267
0.319748
0.894116
0.644067
0.193149
0.094890
0.856937
0.911627
0.642050
0.873452
0.990552
0.027013
0.728379
0.480219
0.234494
0.067916
0.751240
0.946340
0.387437
0.325065
0.533147
0.874269
0.493282
0.519419
0.767511
0.756465
0.420605
0.959054
0.912397
0.051080
0.070216
0.891920
0.551958
0.274127
0.322227
0.004843
0.268078
0.954612
0.379643
0.628057
0.314746
0.223863
0.198007
0.859509
0.307223
0.842219
0.615389
0.277190
0.994831
0.373649
0.029216
0.348294
0.956068
0.427759
0.189185
0.320858
0.243350
0.730925
0.149097
0.961822
0.826356
0.276422
0.147609
0.162165
0.774880
0.763580
0.398771
0.709632
0.156291
0.603107
0.038893
0.288505
0.985135
0.104570
0.974825
0.932544
0.324117
0.851738
0.360363
0.534744
0.115445
0.654864
0.531210
0.893780
0.364726
0.668024
0.389669
