0.258390
0.753060
0.820258
0.120873
0.983583
0.819738
0.324806
0.400350
0.472504
0.750670
0.741408
0.372609
0.243629
0.679859
0.419791
0.080434
0.616099
0.997978
0.244466
0.401042
0.850280
0.023441
0.150833
0.897621
0.825431
0.419081
0.297960
0.956971
0.843310
0.713256
0.592512
0.054417
0.042512
0.302361
0.459925
0.179921
0.640152
0.984429
0.021370
0.879215
0.030207
0.260511
0.441435
0.886861
0.965975
0.157559
0.645728
0.954176
0.719554
0.728726
0.796708
0.230062
0.774435
0.573074
0.710568
0.210306
0.564809
0.433946
0.134349
0.139561
0.471206
0.986144
0.152873
0.864971
0.582657
0.753173
0.387825
0.987006
0.780974
0.436746
0.913165
0.292724
0.243908
0.806684
0.713957
0.967477
0.565623
0.586055
0.999714
0.008383
0.103136
0.320260
0.163978
0.926194
0.404314
0.026756
0.229463
0.704478
0.316690
0.428684
0.918146
0.235375
0.753287
0.709515
0.367529
0.468185
0.759746
0.543213
0.562719
0.059965
