0.866556
0.602517
0.958280
0.113474
0.817862
0.953792
0.674773
0.646559
0.003390
0.635052
0.052262
0.504493
0.591689
0.293525
0.656524
0.364261
0.361845
0.706236
0.293766
0.382902
0.750784
0.550114
0.418573
0.410003
0.810610
0.679859
0.193439
0.737731
0.202421
0.032096
0.449627
0.720717
0.693783
0.019160
0.940570
0.363609
0.180413
0.168430
0.910620
0.195888
0.708111
0.654745
0.426323
0.614679
0.024940
0.835819
0.052134
0.005928
0.541952
0.569694
0.541722
0.027425
0.956441
0.794325
0.942941
0.811667
0.817548
0.389377
0.306395
0.681987
0.825842
0.493503
0.532463
0.241822
0.143672
0.565158
0.757258
0.031712
0.182726
0.623318
0.019597
0.546430
0.173831
0.224647
0.682459
0.078231
0.461421
0.845483
0.279890
0.592982
0.288980
0.548616
0.055924
0.181401
0.171402
0.033997
0.575290
0.035177
0.632561
0.470342
0.062430
0.409001
0.294087
0.716408
0.177799
0.748390
0.925273
0.681987
0.135163
0.561559
