0.3659391097878732
0.16920806143751665
0.44028666203611022
0.029279970849538074
0.92576994703516091
0.50717326561587783
0.74964459137933304
0.42693830141453964
0.73311995553282616
0.99279030548705183
0.67832238606533557
0.27619155931451328
0.73692489508944115
0.36921732580698424
0.96743244719546773
0.71815603433596586
0.37374381525139372
0.27405082233727746
0.87481291419320784
0.041968128048940331
0.89200488598729977
0.55472938382548087
0.78053187524335932
0.55542279369463621
0.12450650206634641
0.35228692535612149
0.43156878222402589
0.75952011013569254
0.21626950069074249
0.096478087609071395
0.95235070729995286
0.9049454996516535
0.33491124570679615
0.47499696908265632
0.023171761752767275
0.00079441019102491741
0.24840440528684773
0.80838515032147407
0.56063175749663019
0.73761560547408533
0.4328082977443255
0.096766410045488901
0.66079368863682975
0.069831713867446119
0.42233601019993883
0.81534997057181602
0.76986227835104737
0.30565117600070812
0.39025192119061519
0.74679096947636159
0.25686199656771813
0.77732265587732496
0.41897908958276864
0.7076421597013034
0.83460858462487919
0.28401688163817307
0.92456106684893147
0.98135972293558249
0.8222298143923088
0.05637602032110136
0.85540409005508344
0.5903967865874773
0.98543994429143744
0.33649842335612073
0.88590626496720315
0.80123210968193537
0.28276642157135995
0.67181405569846264
0.3933723590153741
0.095903725278174576
0.57891225907721044
0.1232319149146938
0.71068503873899824
0.76234118369257919
0.74793323088180552
0.37053389639792012
0.015877631784265697
0.95992123273355123
0.77287624239183272
0.3468497054150057
0.93936524542345634
0.25570247436307297
0.3019516290293251
0.20838934656939753
0.32861390376491989
0.94562071241545831
0.99800780326990757
0.88547116667278802
0.88090307528177292
0.22919664878712509
0.77064463442738262
0.47793122332355142
0.36370212528748513
0.81786177968930507
0.87345206717764712
0.078656715955426379
0.14993956480413534
0.3428983701610554
0.15282507813845214
0.49184748410863199
