0.245166
0.589575
0.372987
0.705416
0.183781
0.327052
0.958539
0.749531
0.755898
0.209996
0.202903
0.986409
0.315590
0.804552
0.610425
0.791718
0.889960
0.463885
0.907330
0.043948
0.278036
0.152920
0.590279
0.687418
0.745076
0.596745
0.420198
0.136240
0.577743
0.694254
0.665654
0.441749
0.142275
0.254763
0.904305
0.007048
0.704947
0.887812
0.069593
0.287240
0.804018
0.588753
0.665061
0.599807
0.643118
0.741293
0.719554
0.968236
0.645372
0.065255
0.737501
0.641220
0.062041
0.371288
0.041208
0.867391
0.698137
0.750556
0.171822
0.483497
0.671696
0.990044
0.306395
0.075258
0.219847
0.649406
0.231934
0.475540
0.489864
0.738536
0.137979
0.312392
0.170877
0.407702
0.970023
0.103646
0.500596
0.548386
0.952963
0.402527
0.724088
0.752719
0.411307
0.872541
0.841226
0.043310
0.705299
0.734735
0.153638
0.416345
0.675010
0.851641
0.101853
0.886080
0.623792
0.346669
0.559589
0.537829
0.537943
0.765267
