0.459925
0.207405
0.652847
0.661031
0.923198
0.423050
0.721997
0.739111
0.967387
0.231130
0.738996
0.239199
0.175967
0.133837
0.954884
0.501708
0.097313
0.920069
0.238239
0.707993
0.735081
0.778763
0.476626
0.468616
0.296019
0.989629
0.412513
0.923845
0.396115
0.234630
0.568297
0.831569
0.596981
0.901396
0.284330
0.206915
0.656999
0.326447
0.397393
0.109513
0.315421
0.419588
0.781305
0.839031
0.621424
0.216270
0.731503
0.364074
0.182505
0.699077
0.585820
0.315759
0.193265
0.230796
0.644304
0.788226
0.951790
0.271847
0.359255
0.500151
0.733928
0.833598
0.900826
0.585351
0.516712
0.367435
0.159280
0.412412
0.213994
0.561791
0.887985
0.603932
0.332540
0.563068
0.995943
0.227012
0.164587
0.651898
0.519645
0.115820
0.865811
0.870712
0.067149
0.748276
0.158589
0.424582
0.630546
0.928158
0.136327
0.486346
0.355943
0.944411
0.509075
0.602517
0.640389
0.386760
0.430022
0.325065
0.868040
0.754537
