0.127294
0.470342
0.652254
0.844003
0.659726
0.935806
0.761101
0.457579
0.989473
0.866370
0.109549
0.535772
0.279039
0.177475
0.871811
0.153016
0.494719
0.919774
0.008030
0.372042
0.068620
0.159131
0.879749
0.684585
0.120134
0.011977
0.374976
0.525756
0.636119
0.231063
0.520548
0.260291
0.909998
0.360178
0.321286
0.332277
0.735658
0.254763
0.439140
0.835315
0.383383
0.790628
0.245937
0.873088
0.247768
0.468508
0.570509
0.546660
0.466032
0.687064
0.311219
0.170250
0.654270
0.740605
0.803269
0.480874
0.087528
0.226682
0.508404
0.566087
0.508068
0.512776
0.779205
0.357688
0.262941
0.313988
0.243559
0.033787
0.958694
0.498708
0.373271
0.381942
0.252320
0.123510
0.473262
0.879571
0.016133
0.809340
0.058298
0.932071
0.470234
0.256862
0.412613
0.678559
0.806258
0.376401
0.862251
0.659134
0.687300
0.661624
0.477061
0.096159
0.262277
0.915749
0.516825
0.491186
0.571208
0.705416
0.986064
0.643948
