0.7208337716253399
0.74507558025219089
0.98989196025987636
0.56411238260431351
0.39386130645752149
0.041878076558273303
0.71547442076544243
0.6339843718897803
0.26792783531448194
0.93173264782445497
0.96638839319311687
0.1971215999565725
0.80647144599522103
0.4397650615403681
0.039456499426861483
0.76346742367626175
0.8987767286434788
0.87117021574637288
0.94740802365545917
0.13546384134512335
0.34146908453370628
0.22432008938701703
0.25476330910920381
0.52122631464647018
0.11680018552035609
0.90228927827222483
0.077544006087112233
0.9721189242153021
0.46184905633308282
0.23803337448748324
0.73473540407504145
0.1049136066616464
0.29739290359437159
0.39533037890100847
0.61680827371392977
0.54988313026470459
0.32983194305581809
0.040085394894004443
0.4788022987536209
0.36640626913471891
0.6559311394896693
0.48788389682907418
0.72999947121784192
0.65889632350700544
0.22674803004440822
0.18697379257169319
0.39210283821983466
0.73034650921392719
0.075540747956267709
0.94799655548405737
0.33764790800637862
0.52484847485826913
0.57097528735027459
0.77743352325831605
0.72327514063423126
0.096542093408179902
0.17937466455623272
0.51547386730547706
0.11581975354652274
0.058930879751302824
0.73842099824078766
0.19747530026627827
0.99372480282772235
0.32558243390935482
0.096734336571332249
0.89285173626303715
0.218692184641534
0.49859653473087551
0.050080170305022188
0.74644808227956649
0.34102326111761472
0.5451655084928797
0.39161523201525866
0.68493958323151893
0.083280374055553455
0.027414752443876502
0.63268006032750135
0.62023992211870549
0.38107865620727116
0.46409910161068413
0.55727318696749328
0.83258421766147772
0.45640786750613227
0.72071743104402775
0.97002263502301489
0.64679590623188532
0.48163850998377844
0.34137988828424587
0.034859043963826539
0.05220725413852817
0.4676460060145583
0.34460088887434437
0.28660882003464516
0.11642224317133164
0.3034275674365926
0.97790552624949012
0.41412388749786039
0.5790291839067756
0.77920542112147828
0.58746228374948339
