0.751353
0.492289
0.683641
0.641457
0.052373
0.205510
0.850086
0.097442
0.755104
0.478476
0.980513
0.622253
0.209068
0.016795
0.453223
0.165502
0.774435
0.447835
0.392298
0.268228
0.838430
0.459071
0.899352
0.425913
0.449416
0.918443
0.361567
0.882229
0.730809
0.255920
0.686002
0.753855
0.695314
0.871170
0.668616
0.233818
0.624858
0.310050
0.706002
0.241199
0.567715
0.523716
0.901315
0.068880
0.703305
0.369593
0.492399
0.661268
0.312476
0.510532
0.437370
0.832787
0.684940
0.873361
0.328788
0.314241
0.760198
0.659726
0.409702
0.852996
0.138023
0.578795
0.969376
0.434671
0.206425
0.607945
0.658185
0.792044
0.893105
0.878769
0.479020
0.905744
0.221978
0.118208
0.343973
0.744045
0.747020
0.602517
0.812194
0.975209
0.932814
0.338534
0.442272
0.253467
0.788335
0.251247
0.939684
0.913929
0.243629
0.057010
0.304167
0.581369
0.382614
0.504605
0.786584
0.087264
0.646559
0.114103
0.440704
0.756918
