0.298528
0.823678
0.055515
0.253252
0.290569
0.630428
0.794109
0.609362
0.986224
0.276038
0.913929
0.231063
0.186185
0.190212
0.691899
0.067613
0.378115
0.894032
0.407602
0.630072
0.441226
0.389571
0.738651
0.430022
0.958124
0.097184
0.176935
0.034935
0.186073
0.849891
0.019305
0.529845
0.397196
0.609362
0.207099
0.409202
0.861969
0.404314
0.612552
0.707291
0.212989
0.931053
0.556695
0.936852
0.596628
0.429096
0.785267
0.593805
0.765828
0.436331
0.155419
0.315675
0.607590
0.844793
0.812405
0.377352
0.549768
0.151921
0.947290
0.282376
0.359994
0.543558
0.045558
0.519983
0.551958
0.386083
0.090144
0.299259
0.660912
0.828612
0.913623
0.698254
0.450789
0.459178
0.420401
0.024765
0.359440
0.043155
0.152159
0.388697
0.833901
0.289377
0.290728
0.213994
0.255124
0.309633
0.017019
0.948989
0.485030
0.566204
0.481748
0.369217
0.815350
0.005235
0.843211
0.706119
0.401339
0.390836
0.228997
0.026964
