0.203386
0.370252
0.689187
0.120328
0.937047
0.547350
0.224124
0.199966
0.532121
0.242933
0.233279
0.185456
0.770198
0.370911
0.059178
0.929819
0.993384
0.495383
0.214120
0.457366
0.182671
0.121537
0.340044
0.676903
0.024076
0.744618
0.829633
0.153590
0.503156
0.209377
0.034557
0.127661
0.495604
0.664587
0.286609
0.576225
0.976636
0.825122
0.215826
0.008656
0.161615
0.166320
0.104192
0.180139
0.461100
0.836020
0.830347
0.608535
0.971333
0.278808
0.557505
0.319663
0.082860
0.219333
0.478258
0.152111
0.858083
0.057510
0.922041
0.471639
0.395723
0.735888
0.138154
0.148073
0.313652
0.623318
0.555192
0.485140
0.367997
0.403718
0.774101
0.295616
0.076993
0.207897
0.513787
0.351013
0.040636
0.698254
0.036237
0.360548
0.065911
0.358517
0.104983
0.791500
0.500707
0.653203
0.157461
0.269054
0.833598
0.099101
0.617281
0.825739
0.026954
0.068314
0.992946
0.767287
0.600396
0.771650
0.358333
0.868225
