0.66873476043203905
0.23307681365980237
0.83177201439614334
0.10158482559165204
0.90172141462599742
0.952629792750886
0.39680279018025255
0.29128611567230339
0.5168250957034326
0.19759331488150825
0.75725773693377807
0.41563760832898689
0.94355581671831379
0.44237642240199904
0.34388334558461253
0.011595135193767973
0.86766922559736903
0.69036649866002242
0.20532691164032679
0.32325718527808134
0.86130824683449669
0.79084631877444211
0.61243331159172387
0.79497595133589738
0.87652767610732774
0.90172141462599742
0.99077974064436103
0.28834641154398349
0.50661443639633807
0.84587650264662062
0.099988660786052369
0.043418033181170559
0.15196876583012764
0.17040632974926942
0.79638319930847956
0.57657497924345136
0.33035491285004709
0.94770274249836439
0.67903186520483816
0.093015190956345944
0.28300057269343704
0.3337681426554272
0.18444906240448633
0.13486260222275159
0.45258707406871646
0.32368691149787682
0.94717159665409167
0.017728261475585344
0.60782644584067258
0.90701387498475583
0.47088213266896639
0.052705476715045656
0.91077526219212068
0.17521678466692467
0.88310903801058382
0.31055068349143877
0.60936151033066022
0.95379199084283506
0.90960784161049102
0.57832772118877829
0.53462993833049577
0.032734268812297823
0.5331470729915383
0.3778287569631551
0.53064102908504673
0.76885541882600206
0.14737761471905406
0.45928437958899226
0.11273781670157319
0.89861195079207468
0.79117320474817454
0.390835838543662
0.22734173398416063
0.88258124856842801
0.55484493352915931
0.54815562479252278
0.7842784378585872
0.011889339885148932
0.78964649008811949
0.24279347822660824
0.39946151783500411
0.94435025397223604
0.42560584140081492
0.79994249880663759
0.54011785175495586
0.9686774626779191
0.78986478597119969
0.12893409720049828
0.39611524993994707
0.21030642431338736
0.80933975209998243
0.08222001497979968
0.21525584471775694
0.60428626168310773
0.79237053068813046
0.66209793793523974
0.050417198165684615
0.92878333048292139
0.81293227344102026
0.95412109030165759
