0.79204418361423445
0.083252313735190014
0.86515813790819962
0.28969437699171674
0.098838799280183479
0.3261871695980838
0.19836180676074289
0.51874175861669736
0.15566054310644425
0.80112473859506583
0.97345308677364861
0.96485668513739153
0.70787637790613456
0.28961495742296339
0.55368977319860857
0.10374799663413291
0.83095841822841432
0.58887045668162918
0.91046466545281357
0.76369251946228101
0.98205765095781483
0.52654967831699517
0.58664118712298552
0.45555735895661786
0.83075480239027888
0.21741440890685981
0.21633298036756143
0.24161389632653726
0.85434642410638262
0.75669139232406746
0.039215977657695758
0.4786933728583308
0.86366097756507021
0.43591571717637245
0.42060476636236516
0.6756017246702708
0.93328369847286075
0.75237759155460004
0.58453096297870355
0.44289969966158715
0.92885264909604859
0.70154414749416372
0.707525041361734
0.2898532639420347
0.928227534753714
0.71990283441445091
0.64074511188052274
0.59415736708766076
0.44931041706587671
0.11759734708974767
0.34540932978244032
0.14774793482347506
0.16575745745522436
0.66257216860146251
0.29529336880449775
0.60346069585726658
0.79171768905246154
0.046441191485967474
0.58711035446582738
0.19390329311504068
0.40910148726331774
0.10259380931983288
0.12639924990698112
0.42611804711819906
0.72118274752951139
0.54930709914790099
0.60440421476921302
0.42899283128225746
0.81786177968930507
0.50728506263093465
0.61929304652357064
0.84172273950076515
0.020308570992987267
0.97010822313039613
0.82491582663568574
0.20368833940844619
0.56155931229534461
0.47651734760472975
0.40332085216807018
0.48087413298279091
0.98826886324240404
0.93321664700839591
0.82191899566222526
0.39151775555365909
0.96725225775884915
0.5483858566918185
0.56457693398740383
0.23503610517519077
0.66802394712089108
0.011775350963395444
0.075284032596782749
0.32205606950978138
0.038447108506922817
0.70295276340113677
0.10570862865090687
0.69354771045755104
0.3275723487497687
0.72443647884420082
0.15614550583317949
0.38608297149135296
