0.819113
0.116573
0.274509
0.792262
0.492951
0.144398
0.939046
0.019052
0.052244
0.915447
0.862534
0.688834
0.203567
0.184059
0.126602
0.770198
0.066162
0.069784
0.327659
0.425401
0.229529
0.348294
0.864784
0.430228
0.458005
0.604994
0.688362
0.077913
0.886167
0.498264
0.270712
0.413419
0.235036
0.296423
0.549998
0.745648
0.966159
0.401636
0.516600
0.831060
0.557968
0.089185
0.317029
0.235919
0.556232
0.646203
0.188616
0.406704
0.471531
0.893948
0.473479
0.354844
0.364354
0.328788
0.071355
0.386470
0.940381
0.198184
0.994604
0.932948
0.357504
0.503490
0.280278
0.867762
0.995725
0.466140
0.701074
0.526209
0.810822
0.722345
0.593922
0.507844
0.652372
0.619530
0.520435
0.574240
0.344960
0.658896
0.701544
0.108728
0.810187
0.389669
0.496933
0.537143
0.745419
0.961178
0.752378
0.061314
0.463348
0.852319
0.205753
0.560284
0.221848
0.301134
0.033481
0.353564
0.762228
0.198599
0.305982
0.032178
