0.251318
0.349652
0.155661
0.508739
0.710802
0.053602
0.402032
0.015008
0.839531
0.442481
0.707291
0.097733
0.534630
0.593099
0.947526
0.904465
0.352743
0.583242
0.726293
0.987930
0.988100
0.153829
0.318812
0.947703
0.159923
0.415032
0.204780
0.578211
0.559357
0.194311
0.613615
0.272378
0.928506
0.411508
0.926194
0.776102
0.652254
0.049851
0.348656
0.759520
0.173036
0.763918
0.985768
0.587932
0.673827
0.810399
0.167450
0.830449
0.872724
0.217478
0.698607
0.370816
0.769750
0.864784
0.295293
0.219526
0.466032
0.023068
0.695078
0.434050
0.210182
0.078657
0.393959
0.619411
0.453859
0.521679
0.480656
0.213491
0.760988
0.868225
0.124147
0.314746
0.858939
0.978820
0.253827
0.170197
0.972201
0.275962
0.888415
0.351923
0.256354
0.440287
0.616690
0.514461
0.172771
0.452905
0.308136
0.584062
0.008008
0.805726
0.004814
0.989157
0.581720
0.323171
0.703422
0.052042
0.199133
0.964574
0.557852
0.487115
