0.046755613344372976
0.63469587738047106
0.83349627241294866
0.2992591785152991
0.4875542607653981
0.7828479964881081
0.42233601019993855
0.71372353016664025
0.81092738509524942
0.77809842276859587
0.20956265733966464
0.4550262088597441
0.88249318260577614
0.24362880814257085
0.031932675689044197
0.41604181029873916
0.18975511884843474
0.28668763424188887
0.64205010273598107
0.98405288915150269
0.29925917851529904
0.48590762347552285
0.03399662942090774
0.45258707406871623
0.44300439519589274
0.37043975567639309
0.98270846543996337
0.23544307918946014
0.63208724382386716
0.00049008006938689244
0.70553310054994856
0.63991470007483053
0.39229798514331349
0.77243036221085837
0.39112799904889578
0.79171768905246176
0.85893933451024362
0.31348343293403597
0.7961668853958721
0.33977705541932979
0.2265504006676631
0.98230734764042194
0.056850929018506177
0.45121146633655618
0.23153200840814359
0.36556566041830418
0.059777977519017984
0.02165111376647556
0.5900444829103999
0.77008587649700644
0.52405529989636723
0.056850929018506129
0.10262759377806639
0.24748588580137237
0.95563949446814656
0.44931041706587638
0.77030942042878447
0.54988313026470437
0.0087821694914695086
0.050027145098137819
0.76594065379584342
0.57505701123999908
0.86748388550091637
0.53474406649189921
0.88625381611248333
0.21843615265933283
0.93801877851032089
0.8708952442861384
0.27958069383761114
0.29416731813032432
0.91717644665768239
0.74964459137933326
0.68730015005345424
0.40530864108437775
0.1967684146386536
0.041773242567072821
0.40720244223060603
0.23106344798148298
0.34621904556065708
0.22517079802645881
0.15726575857874078
0.45715273577770554
0.44468133687645928
0.48152927813643787
0.75782378276649065
0.25787986410858477
0.31660502370901178
0.82378113984247447
0.60995207126960627
0.45907098595701445
0.40630472368948456
0.50583251300016496
0.29529336880449725
0.99199493485501811
0.91030917179534376
0.017628070250986588
0.65035533994786099
0.9913030031296215
0.53805756645152436
0.004934593809570874
