0.094638
0.878858
0.565739
0.422948
0.090446
0.590514
0.785267
0.174629
0.620832
0.427554
0.618465
0.844299
0.787679
0.100884
0.381942
0.563764
0.140490
0.267254
0.278962
0.353564
0.126724
0.909764
0.262867
0.660319
0.518403
0.713724
0.115445
0.551036
0.334471
0.188502
0.778320
0.606764
0.224189
0.312057
0.711620
0.057671
0.314746
0.240301
0.770980
0.219141
0.191417
0.210120
0.102324
0.173672
0.545280
0.683759
0.049151
0.926617
0.362216
0.631850
0.642406
0.305239
0.933284
0.440182
0.908040
0.807535
0.654626
0.414124
0.157412
0.163928
0.364354
0.677968
0.834103
0.422540
0.156291
0.173566
0.107174
0.879304
0.570975
0.109800
0.663046
0.428376
0.280278
0.417864
0.570160
0.441435
0.992507
0.251962
0.227078
0.107490
0.546430
0.186974
0.408801
0.919332
0.242654
0.062257
0.619056
0.879660
0.037058
0.499929
0.259705
0.222886
0.336587
0.811244
0.057190
0.874269
0.296261
0.985080
0.480219
0.398574
