0.289774
0.871811
0.177367
0.332102
0.053677
0.132988
0.433222
0.658303
0.474455
0.888157
0.709047
0.507285
0.806152
0.310551
0.562139
0.494719
0.678322
0.395232
0.579965
0.828816
0.513225
0.995487
0.460673
0.568646
0.294007
0.121107
0.880992
0.662098
0.899845
0.766390
0.222756
0.812616
0.776102
0.101887
0.341291
0.627465
0.855020
0.045786
0.451529
0.628294
0.632087
0.881080
0.842616
0.322142
0.471747
0.252749
0.771091
0.258317
0.538286
0.867206
0.163221
0.199608
0.955155
0.643948
0.317707
0.819842
0.162165
0.575991
0.517389
0.177151
0.105259
0.497155
0.176666
0.250819
0.376496
0.677376
0.792479
0.325669
0.842021
0.059487
0.349471
0.496712
0.000027
0.998831
0.455770
0.951055
0.605702
0.405309
0.051098
0.897786
0.540347
0.864691
0.121107
0.686356
0.561095
0.948640
0.771873
0.444681
0.496047
0.436123
0.997440
0.363144
0.491186
0.107174
0.729652
0.683641
0.845483
0.609243
0.299422
0.073109
