0.49505093478129125
0.19960833936315253
0.18145647070357485
0.89687430901561704
0.94119880194670891
0.0084522648109111535
0.1022565037186126
0.30178795523539026
0.053040044245774375
0.44300439519589296
0.32239892695711303
0.70095698974141984
0.46324128928235708
0.94044373244096591
0.085524063977984635
0.0018938305574338517
0.60487606450633646
0.79897364187064779
0.76267918842948756
0.14816548975403193
0.24635899748587398
0.98812451905397114
0.79961970287650497
0.14480740906840589
0.98485522569015194
0.13529182433469081
0.82336790562817008
0.44636168030321488
0.80561900185482405
0.34558915647404581
0.97943992264334756
0.40660383234304642
0.97517122536649203
0.86074117583818355
0.83963048151143715
0.78504760143031271
0.39415485344714413
0.99055233625368266
0.93132498213101655
0.21361674604771469
0.16978026695495357
0.19015520242599648
0.42745141290401423
0.88416149034303304
0.82635632793419023
0.041415653496659148
0.58523418223285129
0.028473962434973101
0.22972880590828926
0.73173387225798725
0.78218692521094202
0.85028048895588981
0.3058989622153041
0.63054608613024465
0.75169494704130391
0.55773607806621217
0.12138038689338404
0.99627844823878908
0.56295148214585145
0.85674582199776539
0.073735021210183785
0.92283759494937245
0.35824083564824566
0.88468614802979217
0.62154212810236253
0.79215298237882492
0.69919470935628525
0.48524969137201046
0.0030068892603423388
0.041953107030605695
0.46872348702034383
0.68175047400605526
0.092151541659559008
0.86785445856791199
0.13780450478587691
0.5189674338313448
0.70588474567954929
0.51300033208817553
0.73807588768098442
0.32128557201374291
0.6171631701168353
0.62959780769631646
0.7215316543959549
0.52213094325697096
0.12458654167436754
0.90630034612007282
0.046030448876008059
0.2689035522589181
0.94622009848791699
0.5341735134672122
0.099494423214441435
0.53851516956562917
0.68446728802887224
0.67784933899309263
0.97006544719738974
0.10337333730229425
0.22734173398416055
0.27680548097439173
0.3811745072499772
0.26995730851599958
