0.154357
0.652491
0.359624
0.003591
0.377162
0.468185
0.954721
0.528480
0.946638
0.713724
0.635170
0.274432
0.076941
0.915900
0.402825
0.669801
0.110231
0.746219
0.693548
0.159724
0.744847
0.849306
0.755785
0.348113
0.337648
0.182339
0.632443
0.146639
0.294810
0.141024
0.624266
0.291366
0.764143
0.801769
0.556463
0.515924
0.348927
0.248475
0.908276
0.361845
0.150645
0.998821
0.538858
0.636356
0.557389
0.588518
0.708930
0.027760
0.521792
0.805512
0.596039
0.942508
0.507509
0.784938
0.426016
0.128358
0.165298
0.238787
0.371570
0.985849
0.510420
0.571325
0.129140
0.961277
0.633984
0.744160
0.396213
0.209748
0.054474
0.192108
0.594981
0.046623
0.611370
0.616453
0.121733
0.751581
0.518065
0.042360
0.598511
0.184338
0.217351
0.178341
0.933752
0.512663
0.824400
0.229263
0.327919
0.711270
0.017032
0.702835
0.315844
0.178504
0.305982
0.877874
0.586876
0.097701
0.372892
0.959259
0.403023
0.530983
