0.92087527935150515
0.6533213456828687
0.92815790454277969
0.80209044339299262
0.6584219360108986
0.1861852981671078
0.90937348070811863
0.22562992651601352
0.40890134141665951
0.6498807574603207
0.10232388649443683
0.36752902638123569
0.98061232338017645
0.22595832778688915
0.3291355393547658
0.006307999245141525
0.1800846303679112
0.82922493442755529
0.73438938770303563
0.82160799328063683
0.93879010996913659
0.53314707299153874
0.94306391059168648
0.74163778247821577
0.16760413090540255
0.016083997885544387
0.44080859885351886
0.15643709485568316
0.31155399488388785
0.67903186520483794
0.49571488023627674
0.86459749280322151
0.79789549072583477
0.65877772826839176
0.33411958141824116
0.15937831426266755
0.66731306166937276
0.76952677972794103
0.2976358518737407
0.97957606217271154
0.83843037174179835
0.33289065544712082
0.60888912165894271
0.47608271434519367
0.034884342795348112
0.15078618551956066
0.71337316625229596
0.44363284864760799
0.29232416560433583
0.94000089865995928
0.14471632635592566
0.74667668439994961
0.22023339116178547
0.77120305175116066
0.4259131229618478
0.63979607243647019
0.57412338192691581
0.049552235918524763
0.63493305519185217
0.05222562949157878
0.028641901309880393
0.62284461357617815
0.086332171651800918
0.1723488055415886
0.89570833166205799
0.50952317370214883
0.36333016129246504
0.31677438047743328
0.2201046286441998
0.031758338937815635
0.019326418594443687
0.95827960105127408
0.088204930395277034
0.77499111898641682
0.048186403641171854
0.49228878284629396
0.19303304236248123
0.075360964562533536
0.22210717488463194
0.94188642189462357
0.55288160864969904
0.91537131895720503
0.60818064025214458
0.74140827007534549
0.52100025319295673
0.20758960106753693
0.63351005903490054
0.035112803021611107
0.79713976300118428
0.28198695136414043
0.038544181419952278
0.024103203134652071
0.89047296862789038
0.58242246111140672
0.024309907985333303
0.19777044421037604
0.73934086643173402
0.209934276512073
0.28653002175060077
0.039272448321428614
