0.312057
0.567483
0.067543
0.146547
0.761439
0.292084
0.168327
0.591571
0.418472
0.703657
0.908197
0.944289
0.367623
0.239199
0.280898
0.945078
0.602989
0.495494
0.564809
0.653203
0.504940
0.125550
0.665417
0.044930
0.531666
0.387244
0.219590
0.567948
0.708579
0.692841
0.389474
0.583594
0.689659
0.343794
0.532121
0.878679
0.500262
0.304250
0.211301
0.127090
0.633747
0.291286
0.841325
0.597452
0.137281
0.399166
0.346760
0.939110
0.577159
0.029409
0.055263
0.914157
0.934152
0.352105
0.925131
0.771984
0.204355
0.542984
0.842021
0.137456
0.460245
0.648813
0.834407
0.992912
0.124227
0.836524
0.809022
0.437682
0.646677
0.187992
0.962558
0.373176
0.013804
0.417256
0.549883
0.503936
0.313652
0.928019
0.193149
0.594040
0.217989
0.937242
0.015449
0.649288
0.535087
0.940381
0.240646
0.962264
0.522018
0.192397
0.611015
0.334032
0.863755
0.178395
0.425401
0.572607
0.491186
0.943801
0.286766
0.815140
