0.526096
0.314157
0.665299
0.427349
0.536457
0.613615
0.909452
0.518855
0.428581
0.989111
0.756351
0.477822
0.822644
0.561095
0.908826
0.704595
0.090839
0.735312
0.323859
0.247204
0.287477
0.452481
0.104948
0.554498
0.537714
0.039570
0.467215
0.763918
0.201220
0.985467
0.100220
0.972283
0.478040
0.615152
0.409101
0.853961
0.353107
0.570859
0.017748
0.871628
0.959259
0.910154
0.490965
0.756351
0.431569
0.469802
0.086072
0.994873
0.381654
0.478802
0.074189
0.881611
0.759068
0.870253
0.051170
0.085639
0.099989
0.290489
0.495051
0.025275
0.521226
0.507397
0.020523
0.071600
0.558778
0.437058
0.294891
0.681632
0.787131
0.411307
0.309883
0.473154
0.965511
0.361289
0.041998
0.175538
0.236123
0.934485
0.698137
0.239199
0.548386
0.533033
0.830755
0.118706
0.931665
0.050275
0.285429
0.728147
0.307057
0.362773
0.100452
0.858844
0.958124
0.567250
0.245657
0.939429
0.875807
0.309133
0.207958
0.644067
