0.32835330046742156
0.70412599051880909
0.033640135320257863
0.76650187732371611
0.4249916554374476
0.30499111538726792
0.25955873966571913
0.2396807581164801
0.46969427127339913
0.93428525498576254
0.99634535034174143
0.83106019367735395
0.52995831693144735
0.18753867878638827
0.0023852453447752199
0.52462180649622625
0.81775734789077936
0.60570194402384647
0.9404437324409658
0.6883618930759221
0.90180263236808889
0.05984039428459282
0.75453658871594653
0.66991928206374718
0.79778758099026492
0.045235098255520134
0.24741533903301272
0.23830732437756955
0.58172001884773772
0.24530614068910506
0.52235719584235385
0.90406392724729612
0.66968239489973191
0.58734496888471321
0.55080518459363392
0.57424006435582076
0.29312449948706748
0.97091408499159915
0.64525347873248184
0.82481277709437928
0.71687399727052514
0.64193146458202721
0.61917469823273863
0.76683845433211917
0.90976392005523232
0.17420319652227279
0.073534018422406769
0.5002623686189458
0.36379515500984716
0.46452830787606325
0.56039993919431552
0.54378729322976915
0.066436104765171575
0.73911095780690617
0.11578218841784965
0.033033664616142842
0.51727582057650867
0.59674549918834663
0.54758018346152371
0.74094912503599797
0.038143498005478609
0.49494031577142716
0.63042754589139161
0.49981790880886734
0.47771357309578488
0.17161165897445801
0.91881427150260409
0.45481383894955574
0.24847516924856111
0.46926268888105749
0.18217322731951452
0.51008334417940215
0.4427950174828359
0.67027459633621844
0.34992386241761164
0.57961389383446593
0.69601966640844037
0.035470956475523008
0.85827316755082683
0.5019306224700455
0.59462777492189778
0.752491325988209
0.095079441807867648
0.5298445632409039
0.31728283353694786
0.20128025238153005
0.08078860315708887
0.33800213348934216
0.7047123885770592
0.97087199692604309
0.75010053736219606
0.98246230260772593
0.64525347873248196
0.92491764757515227
0.30664318316283679
0.15363756246317622
0.16056776269966241
0.39631161594653819
0.42765675485335158
0.074214390349311737
