0.729305
0.870436
0.719903
0.820570
0.295052
0.666247
0.818697
0.182948
0.131891
0.861308
0.060426
0.181346
0.456940
0.339333
0.712672
0.345769
0.059467
0.218053
0.709749
0.814090
0.569461
0.438723
0.778320
0.457792
0.493503
0.883811
0.471963
0.387244
0.666484
0.373460
0.804445
0.055593
0.266432
0.918443
0.901315
0.661979
0.834911
0.588518
0.713140
0.910775
0.713957
0.857033
0.949279
0.778098
0.043979
0.879838
0.522697
0.924775
0.891920
0.641220
0.007001
0.537257
0.129471
0.978716
0.189299
0.844101
0.144625
0.438098
0.417155
0.532007
0.172085
0.714307
0.120328
0.406504
0.168223
0.374028
0.181567
0.213240
0.842120
0.876528
0.959667
0.490194
0.720950
0.879125
0.745076
0.672169
0.906221
0.213680
0.443528
0.615152
0.997526
0.590514
0.800695
0.375830
0.868964
0.642643
0.958124
0.268153
0.441435
0.108693
0.271771
0.162266
0.993335
0.454283
0.670393
0.109441
0.652016
0.127907
0.174363
0.164384
