0.4524811800981221
0.67844064026132234
0.48810371117251428
0.67642991356925597
0.66529851664655992
0.54195150922894519
0.36463311921818314
0.35484359713282565
0.21036850036731947
0.16858567243765163
0.86683435304422396
0.03242558480423427
0.94318710278999762
0.43674643541561742
0.20074161958810896
0.2291301973763927
0.54218086655522391
0.37488095729592497
0.09834959139375396
0.58242246111140694
0.12382796229950353
0.95071404408778704
0.15154213518822296
0.59462777492189767
0.73865102360235113
0.74404521323605377
0.37393318589605468
0.43726607584434285
0.71594105979021205
0.34847493891048076
0.43799414198851216
0.93593690877579006
0.37706663089299147
0.81880077089114256
0.23260580283531429
0.83217829059197279
0.4272461265715618
0.58664118712298574
0.80636495440156475
0.21588893447917101
0.70893005244465868
0.49682233490222949
0.36267982087572365
0.50918719439385751
0.09273680827832384
0.4201980076111359
0.92555733513591198
0.81293227344102026
0.090113832077470798
0.81660729204853788
0.74358700280193113
0.21323991279467652
0.5536897731986089
0.64976211118895466
0.02511627434123239
0.24996479984536818
0.99718881989147479
0.19871731269603449
0.38763096557774712
0.27803636970073087
0.80902171923289068
0.83571821577968597
0.96386124341302548
0.51008334417940249
0.66956394805846764
0.98864826303486963
0.73738540684691922
0.045834484978929953
0.17436291244069654
0.90898223122921973
0.84744793416776421
0.062907184395709526
0.60110298050227762
0.25948557265723043
0.34992386241761164
0.75793695592615129
0.23307681365980237
0.095047864450639216
0.57844461723618523
0.96047688130560327
0.21811644808850386
0.69284105739486368
0.047491296513759822
0.38531041936048571
0.32420310827076665
0.42407132074935888
0.72350747197952991
0.52077423012540369
0.38319087870377533
0.44836148365418915
0.56051584481350814
0.57914611446663322
0.15927952895467207
0.49394524190130451
0.90764593977653318
0.039627102627015166
0.820154231832813
0.59662781022950617
0.28929743851616935
0.9200687465903884
