0.34947064225105523
0.16301938796658655
0.98956198146738727
0.039413955212390175
0.85550009139700633
0.65201633698309958
0.39151775555365909
0.51221431574730214
0.50594418502441185
0.69189859882235549
0.61077899457160245
0.061335045328225896
0.62722757282654196
0.66352055878347627
0.9749410071315503
0.64620266274369575
0.35860938282320221
0.48054671873945176
0.88953201874150278
0.70482965074364667
0.11657329196178527
0.022508126495555669
0.5595887983259078
0.69837190632029644
0.94138676440034652
0.048425894842811859
0.20771247793664097
0.32584151090875124
0.47347894452548112
0.14797978618363053
0.75759740039837453
0.1049480631202598
0.0085687001294597453
0.58687576052123591
0.79008301744874765
0.79106425901090927
0.65723589442562225
0.74198197562855417
0.89149532850529511
0.12980256866127679
0.076679686129754343
0.24050776876154698
0.50304412625626793
0.89470414250796071
0.065075366847187316
0.59745172429288917
0.026101659045123588
0.58793159403354944
0.84301283931867654
0.87992677334665259
0.70013474146811605
0.16853389301854815
0.69966476767957397
0.023240859364550601
0.83732740037949183
0.86877901290833603
0.9676568643504263
0.17796167180414341
0.47250432101187279
0.18635403104097772
0.049674960798240353
0.15512855298118752
0.68115961965416683
0.45811134439168066
0.11240797847399155
0.53988879559511749
0.44478625884991008
0.59851135220485108
0.91762473124927701
0.51086801196038611
0.66885322212511455
0.2675532697141349
0.23796492536588987
0.91582439541933769
0.16327131015947019
0.38328706286570402
0.14142506759273182
0.79356586853952438
0.87290598790493623
0.65640560816017723
0.22210717488463169
0.31214032136992625
0.096062965608472842
0.85280262422614794
0.64905022896561704
0.33079115764358624
0.65711728485816678
0.35046824423069067
0.94422842885122849
0.48196627568677053
0.18827512240432359
0.15624265119015429
0.76155206628554439
0.65747311070164027
0.37213663899410532
0.088145862477562092
0.83167039090172845
0.82171168112319726
0.42663060154959009
0.50193062247004527
