0.287951
0.651423
0.719321
0.792697
0.906459
0.596863
0.712439
0.965278
0.387050
0.808385
0.692252
0.227606
0.020716
0.435604
0.167914
0.904785
0.462063
0.495272
0.508292
0.644660
0.871262
0.301134
0.219269
0.352925
0.850572
0.455664
0.430434
0.901233
0.290012
0.560632
0.822644
0.056891
0.231599
0.375640
0.694490
0.998080
0.764368
0.075310
0.086564
0.612788
0.868132
0.100751
0.429199
0.594157
0.438931
0.460459
0.120717
0.822437
0.623910
0.141604
0.252821
0.779205
0.395919
0.012120
0.278962
0.386470
0.610661
0.206976
0.896459
0.485140
0.976820
0.377257
0.058542
0.391810
0.877067
0.897455
0.756011
0.183892
0.987335
0.711036
0.046640
0.930506
0.667432
0.807960
0.261025
0.175110
0.526209
0.907646
0.216651
0.616572
0.452164
0.714891
0.217606
0.783729
0.076160
0.727800
0.244257
0.848622
0.983314
0.866090
0.790301
0.704126
0.627939
0.114884
0.166679
0.151117
0.891070
0.894032
0.957287
0.458218
