0.82254044908714419
0.64276194137181264
0.09236678312613987
0.49527220588045084
0.60275321708589458
0.96920231309345395
0.25303639796715727
0.86328563656246571
0.23483282447310211
0.40990264931984827
0.80529903473434283
0.89712337722563074
0.76301707955627862
0.092489978783696108
0.21192518236001498
0.80700362907315848
0.95065706117185489
0.49195779201831902
0.64774509735418073
0.50270996347688901
0.32532350008303274
0.3317522930051619
0.60204587811034371
0.42315212133164726
0.3484749389104812
0.38002529607356744
0.12951251907208536
0.017089774148634874
0.67997766258638548
0.59509825528968152
0.3802166794922619
0.70963221940091037
0.38012098019040513
0.34075595649056267
0.54034694161272601
0.18472819669719448
0.97207788321607391
0.81838364063866875
0.69566665919925552
0.71955360842880023
0.40840123021758307
0.28771366812623278
0.68375873525964492
0.13038434902062687
0.24446636160048246
0.80015760895190202
0.5270036856508451
0.39591894321251675
0.30088889104459798
0.72837893288692479
0.94044373244096591
0.24727429201078746
0.91717644665768239
0.65474491173930938
0.36258697710753862
0.72999947121784192
0.67051146139753748
0.5698104870995262
0.24321086537333578
0.27603823746216793
0.96371772090980268
0.0023446675829392064
0.30375625636227299
0.49306148546752337
0.52791214335971071
0.061356337555901946
0.56876271435811421
0.6960196664084406
0.50360127627732787
0.1960049445741813
0.15173162341937538
0.54585505424631764
0.74667668439994961
0.17473605565902314
0.87235891818320666
0.39631161594653819
0.37659079756163433
0.45047166625229385
0.90937348070811863
0.32852702010904161
0.91836919848766951
0.95915638764208488
0.50059582642948408
0.41523363484648823
0.88590626496720304
0.48087413298279114
0.12864572336830946
0.56713389140176962
0.24805081827390804
0.19688608588145301
0.75419597077315947
0.39818004578050348
0.26471945221160592
0.95002784794029849
0.15493548300482501
0.80572562119602065
0.18013933911516786
0.61432469837712378
0.694018720109431
0.79008301744874765
