0.29384616371804595
0.46872348702034417
0.61633511657406104
0.040811323211846134
0.88459877786694896
0.16453582110453499
0.79961970287650486
0.19606358736903531
0.55900962567756962
0.86337951109777988
0.016435687126199427
0.52473513598957422
0.14877039395135797
0.94101051739111463
0.3946443957632666
0.88884542565516034
0.2264845544110908
0.21242526480680721
0.11116953087585379
0.10851532630798195
0.51682509570343238
0.94974038731062582
0.42040135872021844
0.4055077410642996
0.17446945723696086
0.48000126338887161
0.39347011873863547
0.59945353118724221
0.47727841528263526
0.22497425473622343
0.68623808554780119
0.62758306382858353
0.13336952549326395
0.074113237618853578
0.056712037508845674
0.60357862243189531
0.071747122619231746
0.23052886224829619
0.59910018268842635
0.27749735613953708
0.30664318316283679
0.67264283026719762
0.50081818533510558
0.56981048709952598
0.8583684107617926
0.6709851644053183
0.71068503873899802
0.59180643664621235
0.85076680045373554
0.85722381446624685
0.13134501141076205
0.11555702080514142
0.79929675043555837
0.90976392005523232
0.54298387800823489
0.97361214474314584
0.75101189684437697
0.027404652337113266
0.91642663804390145
0.936656643555832
0.84022930366777515
0.097119840406400162
0.34155829656448089
0.6198848253252891
0.18267080916820014
0.84823135442427755
0.77042117202900307
0.75555781375275177
0.45896430820735146
0.33871134351763066
0.85931943934776722
0.11947584307440143
0.383479476542118
0.29804108491391329
0.054397878594451422
0.45566362756774026
0.25534094446878042
0.8392308094317914
0.76526675568459024
0.37270337185052554
0.79008301744874765
0.87841116908746986
0.12713069690740109
0.1135845847298679
0.7252489378369813
0.54735006245560358
0.32731231761923063
0.21722325628408393
0.68859779140577548
0.79951206943384268
0.10897754149535763
0.017991289348151012
0.22972880590828923
0.92269308651042581
0.90269395036182687
0.043201491739698505
0.48524969137201024
0.22314638313533905
0.3570447785354135
0.1557574338357077
