0.39054381257028731
0.38174993186062278
0.83992999563019599
0.64584671771509772
0.96466832026644955
0.36818499397307713
0.93580558818255066
0.27742041766799752
0.90164016545740766
0.62248936332465821
0.274203320185539
0.34048879395991227
0.44794007709354633
0.14004686786921583
0.84872021065210879
0.57015986029238186
0.004582958439801197
0.95910510495240731
0.13550687492640687
0.92028911488507159
0.45237529911050189
0.71045112398564547
0.36500595011201364
0.44667712207203636
0.51378684124132845
0.823574564001329
0.84803564343282045
0.95728713965493306
0.6451348314450609
0.13780450478587691
0.46485034362533784
0.5608636040224303
0.15315918928617356
0.8591294380995852
0.38386448524704986
0.17176939772536151
0.47034201231037576
0.20925337824304746
0.31121930234371442
0.93220666753892689
0.51581154096418613
0.94904677528043602
0.398574079314993
0.13702046002116328
0.45470767332508222
0.50616756041539279
0.52032229936029184
0.34236191485006029
0.43695425086789674
0.23327890402565132
0.26323710379975784
0.36790377249763467
0.073961741612401141
0.29344507963191135
0.96328517780782819
0.10316948055884789
0.92153212940817741
0.099297333537410479
0.023907033926486548
0.46840011340413545
0.64311786644119917
0.97528585332458428
0.11801679654133931
0.28850475670689169
0.51829052498031181
0.99438511955496578
0.31991898496209348
0.073961741612401058
0.37573525886963149
0.92233122066889006
0.76605292462036645
0.29048944929566356
0.30863409569365785
0.70822765883395955
0.78581600684508424
0.029614831237317077
0.1806323356339232
0.8212968076313798
0.79128213421238336
0.36752902638123547
0.19067060928715363
0.20851260386119369
0.052612885449896611
0.59815810453813389
0.20660869002734272
0.21550890261208694
0.72571302141765504
0.99945184326801217
0.062776597545982735
0.40054778553541287
0.59556880759668462
0.65450765730351212
0.27298511086993871
0.62201572756192669
0.26732871966121563
0.61042457933510885
0.17763690749065988
0.13046764376329775
0.96707148528798781
0.56399626176861406
