0.32239892695711303
0.81272155691589598
0.11095222582163622
0.73531191307331734
0.89562481745198197
0.65438902904862539
0.60865294756501709
0.016305276841624822
0.94416746227010651
0.63386579182836766
0.40600574599587103
0.40005380668818208
0.95733970396344648
0.87760547807850364
0.066367459359069209
0.68694616382768148
0.959565330599354
0.43622713453155881
0.69590200221345055
0.16534940473646045
0.86997690460567467
0.50929917723392237
0.72141535980007587
0.333153735127865
0.36790377249763445
0.49494031577142727
0.78152531027446104
0.01399579599930053
0.57914611446663322
0.86093030289003925
0.47640867136798215
0.40960210509810491
0.40770168329655038
0.024022769714633456
0.29642254696332937
0.051495227088448919
0.43177523066827572
0.49682233490222938
0.66837936295281808
0.60251742179249435
0.92218623660530863
0.8184879531201219
0.35183166762796614
0.024820183599692784
0.34594899869464246
0.9020460969296108
0.63291719631977306
0.13715086796115222
0.42458247779677982
0.78559654008937074
0.37260887803689458
0.4530107796956574
0.67619330223001095
0.4782577877016122
0.9253444144541797
0.820466086178125
0.066573588851342194
0.31449344759973752
0.68659214221485243
0.24335011788087726
0.99134243120585497
0.77843067595659798
0.41553659353004291
0.60393242501438471
0.44931041706587638
0.040534047143379569
0.07929897221253196
0.51772670246132679
0.51322499879738226
0.39808157430960023
0.80348281368435825
0.52258348649407194
0.12048315671918694
0.21595232506432405
0.24348943213403748
0.13832933444012899
0.57786019491148477
0.89570833166205799
0.36575235419487812
0.89411633603859419
0.73173387225798725
0.55808332260653515
0.67062989055660127
0.53794318704382316
0.42213212306895054
0.50282134045325177
0.89844704886567583
0.49118587188885265
0.8963753415969552
0.41766089911748022
0.86988492135420104
0.73542718700772158
0.55530720680145951
0.14367237895862192
0.4072024422306057
0.3091332608698652
0.13934004388289953
0.27826761354135593
0.27177095347572494
0.14367237895862189
