0.066895389231257429
0.61739978116211813
0.0082853143219864117
0.61870133030591168
0.79073732430385646
0.30482625992218881
0.84172273950076515
0.76369251946228101
0.23483282447310211
0.62142373398659656
0.49019421169257826
0.46613960724657011
0.9291295768975153
0.86159143298631558
0.85309256999026339
0.91896236086911975
0.26867815003647794
0.42274395329667241
0.40322161618667135
0.60322485419487437
0.24418692992486246
0.14895693964604736
0.005663350681559513
0.097894931249803904
0.92555733513591198
0.27033440040553802
0.45322271029614847
0.15918079516495648
0.40860123123999553
0.33543973482437667
0.36175208113412777
0.86646260473126313
0.37811480561483868
0.89579181523846507
0.13184864296070931
0.88686089993552963
0.22133028856072337
0.84666298123203965
0.38656630599389941
0.25620927272472616
0.271846719657312
0.37393318589605468
0.39083583854366194
0.511092294444915
0.5940397765320139
0.82532781648478915
0.73265807141010009
0.25635421297938887
0.42878712849553119
0.14089020209289771
0.9556931930848217
0.24523607404111872
0.58441377832286057
0.74781905316846986
0.60322485419487459
0.078763433078764614
0.78756948884565392
0.48305958651119774
0.82150428507500117
0.4521635761011864
0.084352958860291816
0.45757865631858885
0.17823268386816785
0.85684147104719466
0.46431367976589821
0.34693986257899501
0.26973124298192691
0.85144661082898065
0.60947961587562505
0.038878732866356305
0.57552397075567807
0.71955360842880012
0.38136625482264663
0.80933975209998255
0.005951307306138214
0.96657135343179323
0.31609733618967945
0.9955125586351381
0.016611107445564596
0.74964459137933304
0.35310737545581716
0.044866161707104953
0.22727570642774961
0.72408816122467146
0.0487699262695123
0.19824341955589234
0.93200372607076609
0.58558586302023041
0.90534494146321332
0.042710284561124169
0.799404418615418
0.02430088624638636
0.23226982349158942
0.05537886544124232
0.50137427019913616
0.86979291101162159
0.5405760651098328
0.74519001332125923
0.8881569311538704
0.74037496942734182
