0.579029
0.771761
0.089693
0.671340
0.172402
0.166422
0.075207
0.409602
0.951621
0.947997
0.293766
0.057090
0.112738
0.900744
0.978646
0.759859
0.553921
0.873634
0.359624
0.612552
0.793023
0.750784
0.058014
0.766053
0.615034
0.563300
0.420706
0.577626
0.143944
0.227870
0.796059
0.066345
0.224255
0.095332
0.987386
0.657236
0.015390
0.292724
0.607826
0.506056
0.702483
0.258828
0.979166
0.837729
0.562371
0.566901
0.909686
0.822851
0.337559
0.085697
0.585703
0.361659
0.803162
0.509523
0.569461
0.950429
0.383864
0.482076
0.264422
0.417155
0.876708
0.093356
0.081364
0.449310
0.227474
0.951338
0.892936
0.628294
0.227210
0.968633
0.200861
0.008542
0.727220
0.478367
0.740375
0.247274
0.395428
0.791500
0.496822
0.031127
0.850767
0.427041
0.358978
0.201400
0.097023
0.922041
0.126846
0.544476
0.967702
0.666128
0.735081
0.676548
0.663639
0.584883
0.336940
0.920656
0.584062
0.170302
0.514574
0.507621
