0.15532182606417044
0.1740967867364645
0.92513118519771764
0.77476873971663418
0.33166483771466926
0.89795159950761105
0.59415736708766065
0.27025895042425074
0.087147091746452854
0.2243854381755428
0.10556998443740009
0.39946151783500428
0.99053148427660009
0.40600574599587108
0.67808586856272879
0.024103203134652071
0.97574116122247556
0.60086729607737333
0.72373977157961655
0.25948557265723066
0.88433649264657732
0.033811798520256259
0.39798311760881894
0.52213094325697085
0.65545665763849248
0.52870752614740879
0.42499165543744777
0.54447625428145585
0.57762646664184458
0.34388334558461253
0.88169929256467772
0.59898240819844317
0.40690307188176722
0.23267304439165853
0.092613320455372988
0.74873217135972103
0.70048716584473658
0.35256026786731931
0.24904183984218956
0.017734960036656165
0.57739276171076059
0.7208337716253399
0.46926268888105749
0.72617697396655467
0.37878278528709342
0.26014464036445317
0.96265516033497367
0.19233913819438717
0.58488254880524493
0.80316176490536062
0.61739978116211813
0.048288908884449297
0.68127779723674542
0.80551236432126405
0.0804070610675547
0.022009871060295391
0.33385597857074556
0.66980083957209668
0.54080522218761551
0.97490251261162619
0.50572085143154566
0.30277095607829058
0.56887910773713024
0.45068297245202726
0.5533433716158771
0.68552986838097507
0.79897364187064779
0.28660882003464505
0.75305982738619082
0.0042812585919656098
0.97095613689267934
0.0089133833128615825
0.90422449911306635
0.33140256705237514
0.44007798145227628
0.079918882990404908
0.54654488991868466
0.24918366278195589
0.8106101972958375
0.93801877851032078
0.8160837510749579
0.81482525611002754
0.10316948055884793
0.42683572086699517
0.55600083921761256
0.41402308727059722
0.69354771045755104
0.75861574166205081
0.0090147818955400479
0.077359936650515243
0.97794115201891285
0.4368503363527283
0.73358169486732761
0.21386826386631369
0.55877800674022327
0.87544583982578739
0.7010744321893414
0.6676685132539466
0.054703912372427367
0.041208371065745569
