0.691309
0.975967
0.012610
0.019871
0.029506
0.414124
0.347481
0.840827
0.551036
0.384153
0.659134
0.213303
0.336057
0.165809
0.665299
0.776657
0.980645
0.993741
0.155419
0.140668
0.585938
0.740834
0.116385
0.569461
0.403718
0.144080
0.362866
0.876618
0.139472
0.745076
0.028874
0.987759
0.358057
0.700017
0.446467
0.734159
0.268078
0.836524
0.896042
0.030776
0.927179
0.236804
0.545625
0.686946
0.142231
0.705299
0.726989
0.570276
0.325842
0.865718
0.727568
0.143853
0.911163
0.139737
0.344242
0.154550
0.637780
0.636000
0.414729
0.086072
0.326101
0.944289
0.635289
0.596863
0.452164
0.904064
0.046955
0.487115
0.888587
0.977655
0.995052
0.402627
0.648338
0.962850
0.944836
0.484592
0.467538
0.990943
0.027750
0.171349
0.046211
0.228400
0.484702
0.250962
0.817235
0.414124
0.068714
0.198658
0.954066
0.970065
0.250107
0.903903
0.921969
0.824400
0.666958
0.269204
0.391323
0.751809
0.179811
0.336587
