0.81335347622091458
0.93840508435176029
0.27230164893863396
0.075207171389586561
0.40242825543219923
0.8312636795645344
0.43695425086789685
0.727220383688016
0.15373338854162891
0.63019047001932571
0.11399152217811249
0.56713389140176973
0.82326454552757644
0.52836659285592669
0.65462628487085062
0.63445870416944239
0.48931350261070206
0.70025222161147727
0.95401153657680793
0.7250168471766637
0.82604799452087174
0.56759913842622911
0.81723489163891516
0.077176260289135379
0.58851834556720628
0.3265330827604026
0.80519234270962614
0.91476536140208886
0.7208337716253399
0.62841260475842065
0.2008014099818467
0.29537392066281692
0.68552986838097496
0.39552650767351316
0.96907159090923189
0.17266553067362506
0.70048716584473647
0.43084664643040294
0.91270465720942773
0.3130632716858685
0.83521417153629274
0.26531415454650642
0.22536747693613482
0.058318008771412175
0.25563013712721705
0.96985102383896704
0.034808497559779251
0.14380818088833808
0.37973833485292413
0.68623808554780119
0.29917786052659007
0.80369675669816631
0.51154098134096904
0.33667509307881038
0.12161539928095393
0.53371722939701649
0.1504094106592487
0.40570689933674675
0.87858990080265098
0.97790552624949012
0.81251076378642928
0.3878247354207679
0.39552650767351299
0.58969222326141457
0.11736910432708403
0.057349512363318894
0.44321382631541073
0.88660089755394722
0.80476539340325703
0.24328048390951434
0.96989398101520286
0.16086628787161616
0.86933245338201082
0.19378707519373878
0.19759331488150825
0.79421702623531742
0.18793493132234518
0.67844064026132234
0.52314937931234973
0.86272184028612742
0.38088699961915362
0.3206017686138608
0.030019194756142783
0.70389139082966468
0.76807155504158187
0.84881790957373726
0.11755927979655603
0.51176538565185969
0.58417942499418007
0.63137590980493319
0.83772879734843508
0.27672868526358263
0.2357826446257266
0.18827512240432359
0.23844439138310483
0.35237802387271694
0.88529692252539949
0.43229159246605509
0.45205773408798622
0.41211060886382489
