0.211488
0.628176
0.459284
0.030496
0.127212
0.970449
0.552305
0.799404
0.711620
0.382134
0.322742
0.948640
0.497931
0.820466
0.002363
0.974321
0.354020
0.247274
0.356127
0.538630
0.804338
0.651779
0.114437
0.929475
0.875084
0.302197
0.649288
0.097636
0.831467
0.468508
0.802412
0.300562
0.477170
0.205388
0.686710
0.116271
0.672524
0.583242
0.519306
0.717923
0.629361
0.372987
0.792044
0.399659
0.821608
0.168172
0.449310
0.714191
0.283001
0.059240
0.062560
0.555192
0.976526
0.250320
0.491737
0.300481
0.191360
0.864223
0.733582
0.401240
0.257080
0.605938
0.021619
0.632087
0.400647
0.673590
0.532007
0.468939
0.728031
0.956281
0.764592
0.255702
0.496158
0.007831
0.146088
0.230529
0.101652
0.605466
0.127825
0.818488
0.727800
0.958745
0.897040
0.767063
0.423458
0.182394
0.768855
0.975854
0.872450
0.205083
0.737501
0.405906
0.683995
0.547350
0.060384
0.183447
0.038364
0.749074
0.480329
0.881523
