0.407402
0.434153
0.288505
0.849501
0.378687
0.121615
0.348746
0.866649
0.997326
0.500929
0.224385
0.693901
0.633866
0.579146
0.863192
0.406504
0.160270
0.129017
0.910154
0.488104
0.078178
0.322828
0.767960
0.208451
0.402924
0.046276
0.388697
0.048203
0.658541
0.394742
0.587462
0.055379
0.790192
0.119708
0.839331
0.361104
0.251461
0.707642
0.777766
0.668616
0.606174
0.935411
0.085037
0.460566
0.232606
0.097830
0.267928
0.928367
0.881788
0.065934
0.069760
0.317877
0.585703
0.484154
0.108232
0.272985
0.325755
0.431672
0.901965
0.022100
0.631850
0.265910
0.250748
0.891665
0.232471
0.626043
0.100154
0.514911
0.454920
0.853093
0.425606
0.642999
0.504493
0.299666
0.516938
0.036041
0.103953
0.039756
0.356769
0.544476
0.483169
0.813669
0.771426
0.856363
0.399264
0.732081
0.912166
0.923270
0.768184
0.646796
0.975817
0.791827
0.323515
0.389377
0.109764
0.106719
0.776213
0.445941
0.030911
0.576458
