0.112775
0.706236
0.394253
0.316944
0.983314
0.709164
0.165298
0.745304
0.456833
0.533603
0.504382
0.333329
0.358886
0.756691
0.398968
0.142950
0.496158
0.758276
0.302607
0.028621
0.960878
0.387534
0.791827
0.866927
0.199727
0.549192
0.681632
0.330442
0.252821
0.442272
0.572374
0.727916
0.942817
0.126683
0.155129
0.536800
0.236123
0.273213
0.443004
0.062516
0.377543
0.024157
0.158885
0.229995
0.394057
0.945380
0.778209
0.763130
0.930232
0.696020
0.563068
0.992738
0.945380
0.467646
0.020631
0.318216
0.726061
0.203507
0.563996
0.570276
0.883723
0.265463
0.741753
0.597452
0.822540
0.401735
0.467108
0.211301
0.783729
0.234021
0.664232
0.137325
0.265240
0.982400
0.084013
0.950600
0.164841
0.291845
0.551036
0.406404
0.142275
0.209934
0.034960
0.007059
0.649406
0.551728
0.832990
0.328701
0.340133
0.769191
0.247556
0.197534
0.647508
0.648932
0.603579
0.848329
0.962898
0.659964
0.088294
0.908433
