0.192339
0.734043
0.122205
0.315084
0.921678
0.289615
0.933552
0.031412
0.147980
0.428273
0.285822
0.539316
0.208020
0.910387
0.430228
0.823058
0.104227
0.363237
0.872176
0.728263
0.113622
0.113695
0.877157
0.917401
0.596863
0.565623
0.698137
0.770980
0.303592
0.329484
0.639915
0.310384
0.520661
0.941886
0.157461
0.333066
0.391225
0.730693
0.582071
0.827485
0.712789
0.456833
0.717224
0.558546
0.152777
0.528139
0.207528
0.230462
0.613615
0.341826
0.012528
0.462813
0.625450
0.427862
0.334647
0.541608
0.724553
0.267404
0.477387
0.597334
0.445521
0.962068
0.909920
0.146593
0.208698
0.724901
0.556695
0.773767
0.311889
0.244466
0.359070
0.927739
0.101451
0.499818
0.813669
0.021969
0.450789
0.895625
0.790737
0.217733
0.247486
0.807004
0.262277
0.174203
0.764930
0.180194
0.776768
0.199727
0.060974
0.719554
0.901559
0.540576
0.330878
0.614679
0.324031
0.322742
0.450789
0.588518
0.727452
0.596157
