0.36837255202184932
0.12173305357689054
0.31483062974781328
0.51502377462505478
0.77309909909433949
0.5804327263266118
0.51693776217910481
0.64691455509600915
0.15795096256153662
0.70095698974141984
0.41291523114118511
0.12204728163206836
0.65474491173930938
0.097668299455227384
0.20962455717373563
0.95654739614550277
0.93910998585782124
0.43737004463431983
0.50639097755566453
0.39631161594653819
0.26353306999387116
0.38947420265958083
0.082525710391354812
0.44720312253152839
0.37138185437149823
0.77086804232871597
0.56504159384155495
0.95190227455550425
0.7574841912178627
0.57727591801884581
0.28066550004475205
0.90945163342724655
0.1016518177893007
0.77698996693993427
0.74370157087831013
0.048683708153433418
0.59215895676291497
0.22392831263610974
0.54815562479252256
0.23748621089857941
0.83933076168722121
0.23578264462572671
0.48832357103905033
0.81984219601225505
0.45640786750613205
0.0091279523607959573
0.84321096705444532
0.75465010481589823
0.59380460916904454
0.65047398486433039
0.018354666212600363
0.76346742367626175
0.48240346013679825
0.74232607790547833
0.88564529382232715
0.83420441668004552
0.90843312327423065
0.58359363532226582
0.31155399488388785
0.042239359027905675
0.52337580277452633
0.68009587293986495
0.050595417366601829
0.74530443590891204
0.50829170195024376
0.81050443028005803
0.016864791159933938
0.59251151942500413
0.57505701123999886
0.8422193963608311
0.58570310043199658
0.48087413298279091
0.82697242695194506
0.62213413312478794
0.11702746395829108
0.39758943855710338
0.34657932826331556
0.51513628289751756
0.021626854993867267
0.39415485344714407
0.021683498728146559
0.47434609808695805
0.64560942165708279
0.6100701933725774
0.45237529911050145
0.91185824164993778
0.28590020866503996
0.70048716584473647
0.20169999722867402
0.94069599437616613
0.18140143203821235
0.31096845054836614
0.71442407325982726
0.3151680671677532
0.68021408007088935
0.1003524790610207
0.72965235505440229
0.61834633114277493
0.28937679433831026
0.25389872998310553
