0.320773
0.649881
0.268303
0.111061
0.041505
0.864504
0.369875
0.737846
0.596863
0.825225
0.879660
0.530869
0.109513
0.069616
0.704243
0.143130
0.624029
0.920656
0.614443
0.435812
0.187765
0.529617
0.048169
0.021740
0.390836
0.380217
0.008176
0.361381
0.574123
0.292644
0.551036
0.812827
0.530413
0.975552
0.841921
0.587932
0.784059
0.980248
0.304250
0.844694
0.947053
0.356310
0.660319
0.487774
0.846467
0.443633
0.894788
0.580550
0.909061
0.370440
0.416143
0.381462
0.388406
0.493282
0.123788
0.908119
0.362958
0.437578
0.473696
0.623081
0.656643
0.182615
0.663639
0.259705
0.097798
0.431775
0.065008
0.906935
0.863098
0.727220
0.473046
0.287951
0.819322
0.050471
0.005393
0.875807
0.012664
0.552651
0.057490
0.640033
0.451106
0.223081
0.641931
0.278268
0.748162
0.350922
0.066918
0.229330
0.027374
0.736234
0.521226
0.998645
0.066619
0.534858
0.554845
0.293926
0.374028
0.887121
0.075130
0.366033
