0.785706
0.870528
0.307886
0.884773
0.701544
0.739915
0.698372
0.712672
0.385503
0.807004
0.412111
0.523489
0.418269
0.141514
0.142500
0.813774
0.693901
0.179921
0.265984
0.959105
0.153638
0.096766
0.082804
0.243002
0.989540
0.876168
0.542181
0.082248
0.574707
0.035638
0.076549
0.681869
0.424685
0.771315
0.908512
0.988765
0.170877
0.773433
0.378592
0.363051
0.075772
0.439452
0.352925
0.545051
0.845384
0.781636
0.539316
0.863286
0.589105
0.164485
0.945861
0.739111
0.959105
0.753969
0.180797
0.192051
0.910620
0.219783
0.587110
0.973013
0.786912
0.611015
0.408401
0.302525
0.413318
0.041017
0.213491
0.265165
0.462170
0.127907
0.828918
0.517614
0.855500
0.147054
0.130676
0.275579
0.718273
0.176235
0.169989
0.781966
0.291047
0.313652
0.939429
0.965044
0.157070
0.711270
0.027183
0.135292
0.508068
0.781966
0.577159
0.044405
0.999556
0.831467
0.252965
0.762567
0.392493
0.967432
0.658422
0.534630
