0.841822
0.240784
0.057913
0.653084
0.018320
0.826459
0.738191
0.013019
0.030284
0.361845
0.694019
0.224059
0.723391
0.485140
0.246218
0.956388
0.912628
0.853286
0.233886
0.191532
0.095016
0.007986
0.550459
0.378974
0.481966
0.694372
0.323429
0.350377
0.372042
0.031447
0.289933
0.320516
0.733466
0.797788
0.395134
0.393763
0.669801
0.829939
0.662335
0.728147
0.121537
0.973093
0.152396
0.181567
0.000019
0.735427
0.298284
0.011667
0.945259
0.537943
0.486895
0.220169
0.927039
0.259998
0.129803
0.042451
0.919627
0.172560
0.446887
0.683050
0.344960
0.934816
0.900581
0.898777
0.159724
0.090084
0.640864
0.401537
0.164282
0.137064
0.992199
0.107561
0.872906
0.039202
0.444472
0.883899
0.194835
0.792371
0.443633
0.616808
0.682814
0.201041
0.176397
0.633629
0.860836
0.600514
0.687418
0.579263
0.886514
0.227804
0.610779
0.578912
0.205388
0.078790
0.899599
0.513225
0.196181
0.108409
0.824194
0.872541
