0.556810
0.605820
0.995538
0.908590
0.391810
0.623910
0.279581
0.707993
0.881611
0.450894
0.630783
0.522697
0.341380
0.394449
0.802090
0.550920
0.631139
0.995614
0.670275
0.899927
0.299259
0.336852
0.606292
0.813248
0.649406
0.661031
0.969808
0.399462
0.565506
0.254619
0.603343
0.452375
0.685058
0.043171
0.699430
0.107069
0.049465
0.925273
0.441226
0.670748
0.786145
0.644779
0.095427
0.423663
0.218884
0.087352
0.889189
0.355485
0.940317
0.734735
0.741179
0.004017
0.959259
0.339333
0.592512
0.387244
0.908276
0.329832
0.650118
0.874269
0.892259
0.007106
0.123034
0.501931
0.721415
0.637424
0.575057
0.564577
0.776990
0.852803
0.994488
0.877426
0.972527
0.380312
0.356494
0.075592
0.473262
0.598394
0.940001
0.361845
0.132861
0.995513
0.181181
0.123709
0.381846
0.912628
0.613379
0.961277
0.928714
0.141380
0.724785
0.503044
0.505386
0.970023
0.679505
0.566204
0.118131
0.829735
0.099527
0.914462
