0.463348
0.508180
0.890985
0.089633
0.720485
0.718971
0.325410
0.071502
0.154935
0.307389
0.926335
0.022208
0.615152
0.474021
0.237418
0.140401
0.698372
0.876977
0.721880
0.788882
0.465387
0.339688
0.017890
0.569810
0.096127
0.339333
0.355851
0.096478
0.361938
0.457153
0.087089
0.097895
0.549307
0.406404
0.604168
0.531780
0.986618
0.843112
0.232942
0.951338
0.689895
0.738076
0.211925
0.430537
0.192166
0.383768
0.938918
0.207283
0.358517
0.552766
0.962704
0.550459
0.645491
0.554267
0.068927
0.547925
0.617636
0.288584
0.304909
0.644779
0.781966
0.945500
0.351195
0.123549
0.970023
0.654152
0.718040
0.438931
0.054646
0.552997
0.486456
0.474888
0.875536
0.692016
0.395428
0.179048
0.019160
0.262056
0.664113
0.346309
0.536343
0.112701
0.358702
0.281753
0.045721
0.418979
0.498486
0.754196
0.426221
0.730578
0.053640
0.645491
0.615034
0.283547
0.048392
0.464421
0.956600
0.550344
0.401933
0.963430
