0.52077423012540369
0.65213497661514286
0.070481082166417061
0.11255446888261023
0.6367120267813442
0.52734428818647561
0.16231573949723035
0.84959863076169484
0.70986622420204504
0.83682514722578483
0.97696690003816256
0.91695185392020562
0.33817934112345288
0.3946443957632666
0.8435079834555741
0.65759171738735778
0.7733219000536915
0.56876271435811443
0.56852994705290094
0.12275686995846007
0.21620603586660586
0.75283246103657475
0.6039324250143846
0.95037160079255134
0.74507558025219067
0.2997474217121408
0.47619135473315133
0.47978316363924589
0.0062607641064548018
0.22275622972597364
0.0083438736193811557
0.6456094216570829
0.029986217053574325
0.67536507421379466
0.066184719439705691
0.37147614872378854
0.67003772236286596
0.28035523771604587
0.67926833347290039
0.7036567681709236
0.68800801501110342
0.027023424468763366
0.29698830902260975
0.27695911997634248
0.66837936295281786
0.49405576139908713
0.021780927989820887
0.5470049406290487
0.71745685018395022
0.79171768905246165
0.29408700559767176
0.031816352170222759
0.3986726245987231
0.58546863084381573
0.61243331159172387
0.56213926152314087
0.27934864037029727
0.84607326493778023
0.16423159270271892
0.95290796631941554
0.43094976734758905
0.80037264925024587
0.49948467711046318
0.98212027942999924
0.57412338192691581
0.3258415109087513
0.15829450651340216
0.94669700513985955
0.27511963789331717
0.33977705541932979
0.72942090103172297
0.50181933065896334
0.28787175840146684
0.68175047400605526
0.91911031596786352
0.73634904182105476
0.11369544156964259
0.85827316755082683
0.11828439680692675
0.15177902681667577
0.96284967067454474
0.98646127724438226
0.23381848254591833
0.63576321252570289
0.16796519488300768
0.016661552840488071
0.87697725178055819
0.32549610672512785
0.98922512224833525
0.11116953087585381
0.26785289063954193
0.15445369573460391
0.73173387225798725
0.99349919157979771
0.81219443070921848
0.75906802329678047
0.5220178312558551
0.89124014368481408
0.024031694272306694
0.73300449804225398
