0.87796384516515458
0.047356747584339033
0.77610216244924568
0.36203024017303442
0.71710716007607012
0.99708559459576396
0.15363756246317622
0.17602043712631932
0.51356207418055067
0.3546605712506955
0.34540932978244032
0.707525041361734
0.29088758320526731
0.35667729088315925
0.16703805451216625
0.72965235505440229
0.63611901026227258
0.62545036838867007
0.99796357789634038
0.87607740003170198
0.17758282782106427
0.81166682751217567
0.86702006726446479
0.78438836460102268
0.96250889322299504
0.60405036679607782
0.35046824423069078
0.92182318270047781
0.013290908811216081
0.079891840149249521
0.87345206717764712
0.58078373909287517
0.48887341958128516
0.96734242534625969
0.7253649709696578
0.39200528713378935
0.29033030731920578
0.3275723487497687
0.5785615190574358
0.71010020340493774
0.16161464127158928
0.73104034925109873
0.61219694293749027
0.43084664643040282
0.90945163342724655
0.58969222326141446
0.3571366894265593
0.15411719825183584
0.14947096435033039
0.15913144758402742
0.7990813620488455
0.0032991349805400207
0.66814242108444022
0.95379199084283506
0.12704924470786366
0.96872140005999985
0.021242185198080223
0.76919115975907615
0.64252466004947029
0.3964098211733792
0.54413173700974704
0.33649842335612073
0.85588384586651012
0.91814620964459204
0.074951477711046044
0.24460617016817593
0.39347011873863547
0.80870351851124977
0.057751252626645912
0.54459110966866653
0.75612475068241158
0.48185700876419568
0.53622852751408745
0.86840951368839914
0.01871793159483361
0.6432365089100992
0.86766922559736903
0.34460088887434437
0.10894192525944332
0.72814729059618633
0.18041308874213735
0.95466666694260716
0.99838906611632816
0.59874687178952413
0.3594395245039394
0.37204223720290142
0.65533803520150524
0.35732055797327789
0.51232657354135247
0.32257045123353584
0.39151775555365909
0.80069507848404586
0.12831683531386562
0.35028672089894392
0.0064978243424462043
0.70576753657976599
0.18107148914109081
0.62829409369740463
0.097894931249803904
0.59392219055605711
