0.62971633699233542
0.19948934896553788
0.57529047898341812
0.38415340039322415
0.2701835162453875
0.30996648010525074
0.97718562126049557
0.23878732749021603
0.19055597581285028
0.63042754589139161
0.1449441246968049
0.81251076378642928
0.98313403695608903
0.74094912503599797
0.38251801305364108
0.9647154663121017
0.78273785582672928
0.37393318589605468
0.42878712849553119
0.42152079965883704
0.69684317810529106
0.7406046614830144
0.56469308880228564
0.034494126165373007
0.11928297091181718
0.86711288434504907
0.85202834979642239
0.52428187433590678
0.56248731453365941
0.40441341313080648
0.13197481039062323
0.41979147509464027
0.42315212133164726
0.058318008771412175
0.9743988351589199
0.18478406521698576
0.66209793793524008
0.21055481671243381
0.5761078048613244
0.077307417610549378
0.79410854155380872
0.48404456063480017
0.97769103338254026
0.3275723487497687
0.0078369714986581858
0.6897770347798946
0.4144263741232983
0.16657609015996153
0.65664283732503992
0.33862263692635103
0.65225361578547048
0.79800338330055065
0.3466694382561199
0.47391242482560481
0.39317688423322039
0.8313653899746033
0.70436056713588024
0.070336307946596829
0.78141498847881974
0.97648863915405393
0.99485921985792636
0.98325441329379615
0.979062666346592
0.42673315424420832
0.067612972515970732
0.11924442900070512
0.49970682078919881
0.43529325007789699
0.14124658665296738
0.25138986930055396
0.55958879832590802
0.32584151090875124
0.034232100627615732
0.4057068993367467
0.85703269333926713
0.80090994366360813
0.14517222838539184
0.9380832516715919
0.57891225907721044
0.86375474729747104
0.79897364187064779
0.90558422389501569
0.44583620855144868
0.75385524865824849
0.43249823338483834
0.820154231832813
0.22471240790925939
0.46527989911851475
0.86850192885313393
0.61207876326241761
0.42029967609744096
0.36082589329583431
0.45290483383576352
0.53622852751408723
0.29658411346640595
0.5869930549297403
0.74404521323605377
0.51536132924415834
0.1017859191381915
0.19788860205525968
