0.7338125099686138
0.60251742179249423
0.00040680962209557785
0.55138171988875251
0.81796619163728457
0.28850475670689169
0.56643621897085672
0.36258697710753862
0.9145375814303176
0.77398996733872905
0.90534494146321332
0.23442667549593751
0.29184473077461998
0.0073020420206733301
0.35092232691898378
0.14993956480413534
0.50572085143154499
0.76132649161198596
0.32154226115243112
0.19518544293131723
0.19536081523090723
0.059965406162529995
0.60605594722342215
0.7925880132755152
0.57015986029238186
0.79226176474156107
0.15177902681667593
0.61952975060519977
0.59945353118724221
0.15382926514214065
0.1202112332020443
0.56457693398740394
0.091722396034736947
0.18725606094805319
0.095522502759025352
0.22321146127084257
0.78482791755862846
0.66458737812575297
0.3851174320259777
0.65225361578547081
0.67855889140432746
0.75612475068241169
0.21984728298147599
0.58183707878830893
0.42121532823009455
0.68954121953892744
0.76155206628554439
0.60192800201731766
0.85931943934776722
0.5517277333746603
0.32214175998237676
0.69872456731012433
0.12988554282060152
0.41867467886320481
0.80112473859506583
0.27412706334247361
0.70412599051880898
0.62793857087946803
0.71699058227122947
0.84646650434050308
0.15411719825183584
0.66446884914557913
0.011307887482317839
0.29755485315220725
0.89285173626303704
0.65664283732504003
0.39239558097607524
0.98289166457378219
0.61266969258538895
0.76885541882600206
0.46581712350077475
0.96523166067545441
0.56597123686030337
0.34388334558461231
0.83792936034096366
0.87107858584641806
0.23294216295543271
0.89579181523846518
0.65569390016616691
0.42233601019993883
0.074874922504692479
0.96167382225652842
0.68812597842555367
0.85086398956916298
0.57389003535625127
0.6832862945799294
0.23490056942888771
0.83177201439614334
0.61538893521035276
0.99201362158975304
0.37897377356300999
0.3899601644662517
0.95807176023697271
0.93023173374050261
0.38338326214584234
0.32197039496403673
0.98093951587964567
0.3269658320151938
0.099133355859648456
0.90582321899834661
