0.86766922559736903
0.29048944929566356
0.72826311598347493
0.32471987801422986
0.39719599602774402
0.18736906613422988
0.48305958651119818
0.49471911085969755
0.79486758367212484
0.086535261214075399
0.10851532630798186
0.21888436521846821
0.055030800283052954
0.41999471306074976
0.86083575227637077
0.21978298392585893
0.14380818088833808
0.33070387693399284
0.75408240829098228
0.87974889309650661
0.9887884774731881
0.36519245836442371
0.22107180589792907
0.97786986533750464
0.72895788967715092
0.52632273022194087
0.32171346689201896
0.6960196664084406
0.48273147092452173
0.69660791375863573
0.1279477044702034
0.30705719813785864
0.42253995361790492
0.72025199267208706
0.62734606802663673
0.16367506449987193
0.013547943033757694
0.076445471825556624
0.67264283026719784
0.8296333722408975
0.91903635520627225
0.89098468855792523
0.26249828909099049
0.69425419691779533
0.98897368984889633
0.64596536594346876
0.3095496709182784
0.0021728833616116942
0.88363578613731164
0.8645974928032214
0.30565117600070812
0.97345308677364861
0.61420646433617576
0.41847180931485251
0.68730015005345413
0.34102326111761483
0.50862743438254432
0.67784933899309263
0.38531041936048555
0.88720715757095869
0.14367237895862189
0.26673061346171301
0.25060531105148132
0.93213905536913666
0.18697379257169308
0.51569897317193225
0.56515777569214676
0.73254257785760002
0.73473540407504134
0.55426725970380852
0.8461716104565431
0.21005826702440475
0.50885130752443919
0.35566798669397282
0.12442650700879841
0.5253019239510579
0.97215992917435512
0.75362804289375451
0.42847867826901137
0.36940522269506032
0.98698000580514067
0.86168577652700251
0.14742386154685072
0.62000318848405755
0.78855404859422662
0.31080129583457444
0.62000318848405755
0.3388888041242385
0.43012518630413205
0.88746654122919366
0.3329783328165537
0.57132485108851627
0.068079624764688262
0.1633217337463882
0.68234124354223913
0.26368114747097027
0.18827512240432359
0.84469393958015038
0.37592527171505263
0.5168250957034326
