0.351195
0.629005
0.993836
0.954066
0.484373
0.238787
0.339599
0.160717
0.390447
0.807004
0.660557
0.581018
0.819842
0.418168
0.813669
0.711737
0.365566
0.405110
0.949452
0.743472
0.359901
0.012069
0.343167
0.820985
0.406803
0.343435
0.217797
0.983848
0.601103
0.286451
0.058359
0.242238
0.091295
0.173937
0.981005
0.123549
0.709749
0.418370
0.482731
0.817026
0.120211
0.189185
0.382422
0.647745
0.835012
0.004785
0.657473
0.360456
0.196592
0.916652
0.274432
0.595216
0.084495
0.658659
0.448467
0.350559
0.590044
0.115970
0.680923
0.598629
0.589692
0.215256
0.528139
0.727336
0.200861
0.122836
0.672880
0.749645
0.438306
0.222886
0.754196
0.439765
0.912858
0.958072
0.976894
0.476952
0.290728
0.831975
0.924704
0.226287
0.308717
0.309633
0.568414
0.870620
0.512551
0.008962
0.502153
0.949394
0.772542
0.220040
0.489424
0.126765
0.077176
0.051878
0.182671
0.037502
0.828100
0.863567
0.275043
0.148398
