0.99015102408947642
0.36790377249763467
0.4040159136030903
0.57494028640056349
0.865624615454338
0.20605856948149748
0.51761396729303799
0.47912914741181023
0.53600005312020815
0.087615836732092209
0.63896569882364462
0.17926564458272773
0.29982885145680854
0.84842696918460281
0.60617395553035935
0.11874436933996298
0.459818085900214
0.82645906372590572
0.85998363624179486
0.011212213671587213
0.16642233956144545
0.94622009848791699
0.02424682192492391
0.24939651369666407
0.62900518550562257
0.90693472229608563
0.93132498213101655
0.049272768367433266
0.72606099816029324
0.059074726286195603
0.14979885400160195
0.54976790843599099
0.83983018046996827
0.75317349341452799
0.54919191637086617
0.85076680045373554
0.75544439108564732
0.3068915442432717
0.20110057827736275
0.040957962889979556
0.47608271434519367
0.5254153095948555
0.55253536605574927
0.44018231501583249
0.38889154285049132
0.10962038249253718
0.2501781636278842
0.23995618230063467
0.82676714486465908
0.76189033463848443
0.43456765885335513
0.84022930366777515
0.4638845734476158
0.60522999080174977
0.1707200816940245
0.87903623459019709
0.13155465615527429
0.9569709851139836
0.86739117531286924
0.61503416371605479
0.10115032519828442
0.96638839319311687
0.47250432101187267
0.091386457933898421
0.63173157044396899
0.97170689167204027
0.98148785052789667
0.4899739666547106
0.93415217117534843
0.11499577287301789
0.44762416036636554
0.62912370667020312
0.19937041608469089
0.1607667277084886
0.99756836333554322
0.40520911296095952
0.59262904972399066
0.49273026030474232
0.30285297660839056
0.78614509014887957
0.84725183934811421
0.28307865487297273
0.53303306827224128
0.12177229363164069
0.41251280501302906
0.45821792028158292
0.94238378550489388
0.5241685824115685
0.64145691699142537
0.55195844736513211
0.68517570854547283
0.3398659674526015
0.084665741865588853
0.54919191637086617
0.17790751032549432
0.10354348896780445
0.87903623459019709
0.14933062673635492
0.47695217189561634
0.6253319034679703
