0.422540
0.554267
0.215446
0.021115
0.224059
0.376020
0.553690
0.038753
0.041699
0.438723
0.886774
0.853479
0.760311
0.528821
0.485579
0.859034
0.564925
0.772207
0.428890
0.207528
0.896459
0.968545
0.820570
0.338002
0.804872
0.210990
0.949683
0.979097
0.838230
0.433015
0.483935
0.827793
0.801339
0.044770
0.558199
0.702718
0.604050
0.779427
0.968721
0.341737
0.243978
0.919110
0.684703
0.368279
0.467861
0.077940
0.496047
0.986980
0.924632
0.421114
0.112775
0.771091
0.890814
0.568530
0.001305
0.241199
0.665891
0.845975
0.931936
0.028463
0.313483
0.834508
0.399758
0.954340
0.023872
0.193671
0.174469
0.912089
0.758390
0.944533
0.452269
0.419284
0.100751
0.870620
0.986774
0.990882
0.883109
0.046129
0.066803
0.934019
0.972446
0.261393
0.445731
0.736349
0.722694
0.933082
0.396213
0.894536
0.221978
0.078152
0.254908
0.889789
0.746334
0.205083
0.954012
0.813459
0.305816
0.442900
0.191647
0.094450
