0.13353944037491042
0.26419991425340228
0.31407232891349107
0.73692489508944103
0.89503936117474259
0.087322608211756608
0.98549487485775844
0.93672186164599092
0.85521201219599852
0.33844527117200551
0.67394494465969834
0.051241810157211444
0.70588474567954929
0.62734606802663673
0.959565330599354
0.15918079516495648
0.27842185545621423
0.7627918314471579
0.20557056457607834
0.78515742016441104
0.26837783475019916
0.23133110557302855
0.57249047155453425
0.86997690460567478
0.47989220762382223
0.94213539058638318
0.75793695592615129
0.76312968461963271
0.58980963823721155
0.43820228277404949
0.59356946019885282
0.33429539589405799
0.4122111363302528
0.82830469814065977
0.29320462059728436
0.33968815918417272
0.22932959708621495
0.66589108449204404
0.32034560523236977
0.51053166457923649
0.91814620964459193
0.4234583948470298
0.79638319930847956
0.65071127377240556
0.38242194991165945
0.18350259984473227
0.7583895280760532
0.99256099209073578
0.79454238017940704
0.59380460916904454
0.66506147728598175
0.97023633351803751
0.99943690115973105
0.42152079965883682
0.44269034866357226
0.54137826141197853
0.29416731813032432
0.38976573482216448
0.54069063945480855
0.88054845624234634
0.49748733301955905
0.32162785605777972
0.21323991279467661
0.69590200221345055
0.60263531749279753
0.51772670246132679
0.69719603724566226
0.79908136204884561
0.88893135389717237
0.70846181504886974
0.99046874901266224
0.49008408353281818
0.98765993735700375
0.80817281201460744
0.52995831693144713
0.74564764064577815
0.040490426636674084
0.48887341958128516
0.10612552255942093
0.26965591939940647
0.85202834979642239
0.061697930088418285
0.72884211539409693
0.042603523932416093
0.25882777511629051
0.62414736490370082
0.59945353118724221
0.607472282641628
0.63849121617006444
0.80944572568788642
0.54367249500275494
0.50683793688846168
0.39493829944731007
0.4956041951419512
0.25853582818173393
0.64916887649405264
0.83551666491928001
0.25203318163213706
0.40272565586339099
0.36463311921818303
