0.064538194897281465
0.049499724955036468
0.80348281368435837
0.43342879683922925
0.67205086052124285
0.10609072626677338
0.25671683732503914
0.84261630402120047
0.63434011931573475
0.59603943124750924
0.3752604940673645
0.28779270529934903
0.036724888042293811
0.65747311070164005
0.093729988784332974
0.77075634519725367
0.65960787123981068
0.89959875373716325
0.69307662676022974
0.18085180239049312
0.98416910603542718
0.34173676796633923
0.083028135719610166
0.96366980691173698
0.17932014772301708
0.67690310197396797
0.12075561469690195
0.6044042147692128
0.91559800644930378
0.74255542875553782
0.67323473837912828
0.099297333537410506
0.66387617968651291
0.067380735228526001
0.57447344745804352
0.2289309340821111
0.078897012397252123
0.0039907642453880336
0.85741483432093046
0.92654687885958009
0.35925493965702815
0.81796619163728468
0.37859185786094096
0.91672696120734543
0.18855900033086498
0.60428626168310795
0.70201377500852102
0.69707842253297547
0.70974922499477633
0.9925074007918312
0.31255960483886736
0.59827584951978352
0.79171768905246154
0.064471332419788294
0.96774637628082316
0.60558395022998623
0.24875838033032083
0.72803145673846614
0.32887465006591748
0.11373241485587686
0.67465505746532162
0.58359363532226616
0.73438938770303575
0.56794814265401128
0.13619700985186833
0.81963407150209411
0.55449830681035384
0.93821209138537331
0.014843308013625482
0.73462007450502576
0.14097922611282615
0.9647154663121017
0.12563111889467099
0.18145647070357479
0.005238681426541352
0.38069540370744803
0.77843067595659798
0.81103307656473411
0.55982051733899918
0.072635610058116959
0.75816326612680529
0.65367724571490626
0.55750461797296014
0.92759961837937643
0.79800338330055043
0.81681657078185022
0.36138141968909843
0.12827577540579649
0.8184879531201219
0.48986386106379454
0.28472205507895831
0.27919401745440775
0.2328075732030864
0.25963192235621874
0.78251752899941429
0.54528041258291293
0.10283050658229517
0.93814768929844439
0.34621904556065725
0.96523166067545429
