0.318812
0.795301
0.372514
0.744160
0.465065
0.813985
0.242307
0.106789
0.722694
0.167553
0.337648
0.297960
0.879660
0.229862
0.873452
0.364354
0.608181
0.120951
0.309716
0.899599
0.926969
0.371193
0.175591
0.790083
0.670038
0.413822
0.957392
0.048374
0.399856
0.068126
0.830551
0.449838
0.637305
0.896874
0.968014
0.575641
0.888415
0.647982
0.524622
0.779316
0.006588
0.025728
0.620240
0.032568
0.298203
0.726177
0.831264
0.870436
0.204173
0.220814
0.798866
0.125833
0.708111
0.170982
0.819738
0.934019
0.958951
0.503713
0.944167
0.343973
0.937047
0.432395
0.327312
0.197239
0.321713
0.113474
0.937696
0.001800
0.102290
0.366219
0.279735
0.673945
0.687182
0.048169
0.274967
0.888501
0.611606
0.126765
0.723391
0.442376
0.676903
0.295616
0.810293
0.622489
0.715241
0.205266
0.703657
0.828612
0.332803
0.175591
0.414527
0.118323
0.955209
0.746677
0.116460
0.173778
0.225893
0.583945
0.705416
0.709749
