0.10310160708431571
0.21856413882902928
0.49405576139908736
0.6253319034679703
0.55819908526158768
0.33192725118681388
0.47804006624983808
0.89770345710565036
0.6351702375181707
0.8803709752375023
0.4144263741232983
0.87199365614084423
0.37878278528709325
0.45864435127733927
0.24600765822102713
0.45290483383576341
0.89445240822278005
0.3890857028375555
0.6236736072513962
0.78196644715330443
0.3752604940673645
0.20068184361191682
0.32878771874393647
0.40104213204127376
0.99385136050184031
0.31121930234371442
0.30334543512686535
0.34361452679788795
0.65154177406273051
0.065548719863957813
0.65427040011751858
0.97053399000241547
0.42591312296184747
0.88293322376935723
0.37478611132257217
0.04446829633907181
0.95563949446814656
0.39946151783500411
0.8222298143923088
0.035342655892161116
0.60499403624063075
0.54252496471653422
0.72281038313345558
0.082609258378437439
0.8545389517637092
0.14062341826229033
0.42981619624447326
0.11540712143123211
0.98180577297889038
0.40510959941888192
0.43022821062308558
0.16317050214041973
0.0072791004435681364
0.10108362478054146
0.13142883474806544
0.93717739630936348
0.52938963921486992
0.82056999723231372
0.924489648070565
0.11966898645531296
0.75351442274686986
0.016510650971057347
0.11997858070223906
0.10692861113703968
0.30178795523539037
0.8881569311538704
0.73945580607704375
0.13868017121959797
0.00016393243541393891
0.47034201231037598
0.90277479016291051
0.28511437504053161
0.69848946514445176
0.79508430222556847
0.28850475670689169
0.41523363484648823
0.82953129495449829
0.33438332690306044
0.55253536605574949
0.085122550444001938
0.44709789604079253
0.085581561012339602
0.18156658935171849
0.75510405277287318
0.86534480830845362
0.6467959062318851
0.66114940915844067
0.57470685482912121
0.48240346013679847
0.84132499726641008
0.81744393353447919
0.33773644065192954
0.063388119843848845
0.44405208422642817
0.031458259636624443
0.065165289293047921
0.93776053063159004
0.31180518189332412
0.64762644851538398
0.22694579536280229
