0.578445
0.577276
0.120639
0.578912
0.008609
0.514236
0.708696
0.031332
0.792371
0.185288
0.177908
0.677021
0.469047
0.153350
0.676785
0.933485
0.589457
0.219398
0.653321
0.484373
0.512102
0.037516
0.810610
0.342094
0.805726
0.758729
0.857797
0.053059
0.740490
0.477387
0.460993
0.390447
0.448467
0.182173
0.946160
0.029023
0.910154
0.866184
0.646440
0.912935
0.572490
0.312727
0.065617
0.214940
0.498042
0.907488
0.069904
0.482731
0.741064
0.683995
0.597216
0.089573
0.747476
0.619766
0.579146
0.209315
0.468616
0.903742
0.690249
0.596039
0.802198
0.915749
0.038185
0.442690
0.749074
0.679978
0.781084
0.645016
0.647982
0.788773
0.282610
0.618228
0.167038
0.574590
0.974554
0.054207
0.322142
0.604286
0.247980
0.081750
0.158688
0.692841
0.820258
0.813143
0.168741
0.111824
0.718273
0.938534
0.592276
0.067103
0.496490
0.794434
0.516037
0.780200
0.988672
0.740490
0.008582
0.796491
0.716408
0.395527
