0.5818370787883087
0.0020042856833798282
0.76132649161198596
0.627820066763356
0.92689865366997259
0.18562376112907528
0.05959108333868475
0.062041253625275551
0.82336790562817019
0.53007207968170422
0.77743352325831594
0.094669661124707608
0.61113343881632431
0.3149993165497576
0.63742367843209968
0.98519113006453196
0.99431083617821847
0.39464439576326676
0.25555781552086881
0.71559109109227403
0.62616119892646216
0.031263488490960077
0.71045112398564547
0.84998840981120882
0.59286412438417557
0.42509398482012878
0.85703269333926713
0.18439327719329768
0.71126971181344656
0.38079119407774981
0.85846362849417934
0.54023239247526
0.71056808460101939
0.41190959709040542
0.48207555429058035
0.07905757618793359
0.71489096401464902
0.25963192235621874
0.57050929091389646
0.29812217940953217
0.061783598401257148
0.99523984242020791
0.18556768402558688
0.94740802365545906
0.11638450765084189
0.51344970568539372
0.69366546984358779
0.54815562479252278
0.8136691763691497
0.3972943344773765
0.79095529701489542
0.1300931783858614
0.10395286002457212
0.22295123885336357
0.95580048059734368
0.39161523201525855
0.36612592718473608
0.68092325450586566
0.708110571392493
0.59568645684418853
0.20666988746268319
0.18024879778174652
0.022141712596492349
0.10840890588343871
0.10061780809496662
0.67713967884700743
0.0059560272980744271
0.20900621895125454
0.3839607751928279
0.94318710278999773
0.36230853884403397
0.43518955325802511
0.37945151036845359
0.49151662755695447
0.63635621387980801
0.3177069829575882
0.34956125490634088
0.47261256408118646
0.29715009896823785
0.90827594455451977
0.49748733301955905
0.071526540224193594
0.61255150055108087
0.7399154665591634
0.81387954675999497
0.62260777786087917
0.064449058918194857
0.25606439502017764
0.79443394556243629
0.17948373930956626
0.59568645684418864
0.33096576668469785
0.70389139082966434
0.31567470189834262
0.91984807503953891
0.038102269512189674
0.32437530119350971
0.72234549992776886
0.4403910225092611
0.29033030731920578
