0.158934
0.936068
0.969159
0.260952
0.537600
0.101987
0.367904
0.170093
0.938083
0.477496
0.908669
0.765154
0.515812
0.856171
0.677495
0.231867
0.263237
0.616690
0.823161
0.527344
0.559357
0.266955
0.243978
0.647033
0.860078
0.623792
0.999603
0.268904
0.250036
0.352560
0.101418
0.634577
0.380791
0.929060
0.253755
0.523602
0.509411
0.016145
0.523489
0.259998
0.060195
0.416649
0.738996
0.275962
0.500818
0.291366
0.953074
0.118284
0.571441
0.899188
0.167759
0.915975
0.315252
0.758503
0.766614
0.695314
0.623318
0.361104
0.621779
0.191993
0.287240
0.065143
0.981806
0.657473
0.869701
0.422234
0.142365
0.115970
0.288346
0.915900
0.097088
0.558894
0.330704
0.631969
0.460032
0.417053
0.899681
0.903420
0.376686
0.087880
0.217478
0.642525
0.976784
0.287240
0.715591
0.814195
0.234630
0.478802
0.134349
0.598394
0.940001
0.437890
0.101652
0.926053
0.333680
0.720252
0.844891
0.917102
0.154021
0.132185
