0.200145
0.190270
0.085639
0.303181
0.726757
0.374596
0.108764
0.844398
0.550114
0.505274
0.839830
0.670393
0.900009
0.884948
0.574007
0.139781
0.601221
0.736579
0.639915
0.208821
0.004568
0.599571
0.669327
0.497044
0.422132
0.656643
0.952295
0.183836
0.501819
0.916802
0.887639
0.252033
0.100286
0.923054
0.582305
0.070529
0.486676
0.933284
0.721532
0.986409
0.365939
0.142186
0.287951
0.191072
0.841226
0.945561
0.164232
0.317792
0.605820
0.370252
0.936787
0.175699
0.549307
0.048306
0.171717
0.979981
0.127620
0.926265
0.669682
0.193787
0.378115
0.608653
0.253611
0.386856
0.647033
0.348565
0.895458
0.844101
0.321115
0.904305
0.285664
0.554036
0.234021
0.386373
0.752264
0.315506
0.506279
0.330966
0.154984
0.128687
0.323773
0.514574
0.163372
0.766614
0.914081
0.806045
0.118821
0.035651
0.422132
0.165502
0.637068
0.848427
0.166679
0.677021
0.280588
0.971458
0.372420
0.901478
0.118131
0.154839
