0.56969404216968944
0.17129654310534456
0.95558575927962575
0.040650581498531589
0.85588384586651012
0.87661764732411451
0.21111455979567781
0.69425419691779533
0.16570640483767973
0.36987523422850938
0.021449739253733037
0.13859239066804244
0.20008487641436642
0.061762171174116191
0.95879663968348772
0.82295434174012194
0.01445771404228006
0.8322798051251119
0.70424328171776085
0.015938065297955571
0.42909570345590309
0.47066604789715294
0.69472509399783944
0.078417077294844498
0.54861612013801353
0.25296463834138871
0.28253241356402742
0.10661372522528015
0.58980963823721155
0.68009587293986473
0.64940617099495368
0.13426365672560261
0.29682658291948316
0.00018408064403634469
0.5709752873502747
0.042088475526094571
0.2782676135413561
0.10279666324024046
0.061249943709454704
0.25613682605418642
0.22042664708136356
0.75328714799335372
0.54711997327015327
0.61018831875770241
0.44091302653319564
0.22793666247415428
0.27642166100735427
0.33148997473762482
0.20605856948149756
0.27496675984252772
0.49992900760756298
0.033984278118276159
0.89310520196488064
0.65023669473803514
0.97761925434681651
0.46442098757893879
0.20169999722867402
0.97252735275607172
0.68659214221485243
0.48185700876419568
0.29844671702228071
0.54597000676903118
0.57669178764181572
0.390154653984424
0.12530890589976387
0.57365671322537903
0.59286412438417524
0.26822777181196883
0.062192003888903953
0.12098957607982259
0.20206034191873462
0.23830732437756946
0.42837588926167602
0.71126971181344634
0.85251245617844906
0.87885778607989851
0.78372857384179917
0.82056999723231372
0.81345872885953918
0.80965761672614667
0.76773541364870934
0.5067261814390307
0.5867584712493179
0.031921025488453623
0.02646090184087627
0.011916853480752309
0.1847840652169857
0.43311848559495147
0.20254161118732311
0.60770838795995208
0.39650804121263677
0.45449538075902851
0.96280109799518876
0.5745901481142548
0.88099165851811434
0.27665190541208018
0.82212622857836015
0.49184748410863188
0.29064865503508436
0.18206280540411213
