0.57400670559087796
0.92864458931147265
0.90107054222572236
0.35934722430248045
0.41806624056675079
0.45311673851721002
0.63505164579598539
0.788335368680531
0.71955360842880023
0.079379584530093444
0.30318121841324402
0.89047296862789038
0.38927992277990608
0.709281164429302
0.1946017941490982
0.128728059017512
0.68989493606330299
0.84959863076169473
0.62841260475842053
0.55935710782575465
0.0092244973214916856
0.12470668465806853
0.041341513461253046
0.7775443761498777
0.51716312462213687
0.54539532476384345
0.73888101016074503
0.88616697233122976
0.67855889140432746
0.89579181523846507
0.7179230021212647
0.72791561442371933
0.66043795647439241
0.47814892104423334
0.77898413873176331
0.47456300697836518
0.16261699050775877
0.051277942317392064
0.73957073592609057
0.46969427127339924
0.96072798371652801
0.34612901420731557
0.14553783010647428
0.33245250648954611
0.37336525771261653
0.93274630452265139
0.67134041756249418
0.98132760532969454
0.64003332838980131
0.354569081744248
0.22262629870644637
0.61941139731777339
0.18289231578504619
0.38966854245856869
0.39778624852766592
0.5085155132615129
0.79073732430385646
0.36724812873884671
0.94201097794340138
0.21614258589352467
0.54482084484318216
0.62000318848405755
0.94000089865995939
0.55080518459363392
0.87643767687443463
0.60865294756501709
0.060615102735266817
0.60888912165894249
0.2163329803675613
0.93633002206906979
0.041698509948405578
0.98971682467903643
0.2669547850168939
0.26397749121968772
0.22016900242782816
0.12339061713175647
0.30647768895074273
0.59286412438417557
0.41705331356641206
0.63647481719435317
0.20624181175914685
0.58441377832286046
0.12794770447020337
0.73761560547408533
0.59063168004397792
0.68930538748182646
0.22826770782249992
0.88703408767930325
0.28527141442929688
0.50650270176650936
0.1114235244044551
0.38646960899242305
0.039399783266932414
0.74186725465722569
0.51772670246132657
0.74106392629082918
0.16413028800276755
0.98989196025987636
0.91354710177647425
0.74621943762765752
