0.909295
0.012158
0.752036
0.582305
0.148165
0.024811
0.325324
0.319748
0.386760
0.970703
0.956441
0.352196
0.811983
0.867762
0.953902
0.859034
0.733004
0.347030
0.493614
0.990321
0.532007
0.428273
0.657592
0.098155
0.929544
0.145629
0.757031
0.196122
0.677849
0.128687
0.835718
0.793783
0.353746
0.035189
0.647508
0.078231
0.548386
0.097927
0.163271
0.706354
0.725829
0.535429
0.171244
0.488434
0.731156
0.250320
0.508963
0.456302
0.946459
0.024922
0.112371
0.655813
0.835416
0.040534
0.977403
0.889189
0.548386
0.669209
0.563068
0.043140
0.705299
0.617518
0.034444
0.425708
0.815455
0.744732
0.566436
0.985876
0.929957
0.276498
0.472071
0.673590
0.728263
0.828509
0.493614
0.398968
0.140801
0.667076
0.022643
0.300644
0.285822
0.944776
0.164080
0.221654
0.909842
0.240094
0.313652
0.298447
0.411910
0.149658
0.767511
0.432808
0.563764
0.783398
0.782407
0.156000
0.069760
0.344063
0.176182
0.802519
