0.47662603578094132
0.17883011216183584
0.97895904604028505
0.74827569909329372
0.33596879409529828
0.79486758367212484
0.21449809396198796
0.34129070781700471
0.53109635097183516
0.63932156886600122
0.019633943400300658
0.36537902847066256
0.53394535380456043
0.21148838401602557
0.26249828909099049
0.79084631877444189
0.6324429296590135
0.92377358098152818
0.026412085700302349
0.50048466308034389
0.84872021065210879
0.22314638313533916
0.53166570555173287
0.69413646085885627
0.22846651668081244
0.33447127375849828
0.58172001884773739
0.54149289431742986
0.015273512520656587
0.45853772442188245
0.7276839044767518
0.3899601644662517
0.77086804232871609
0.86347335945208303
0.37792409128457188
0.15977397102461333
0.010641839658835485
0.3311404392174831
0.0074207120103054304
0.88249318260577614
0.60924340812671529
0.75294614992224118
0.86497136178749623
0.64525347873248184
0.12951251907208536
0.58347649351329944
0.29232416560433577
0.59368703238022791
0.27071188737391988
0.84626993220575275
0.73346627365490846
0.29176488078186208
0.62343674113526415
0.92116755094822966
0.3025249902979899
0.43239490605762892
0.88424900603580281
0.55011359727648657
0.13546384134512338
0.11196950759161897
0.51930601950135147
0.54792542450103554
0.12839898918227208
0.10412385159436577
0.75078412381130755
0.27382219434232447
0.26220320337113218
0.18618529816710772
0.94263160635214727
0.43064044596699969
0.29392642839177185
0.070965611074247537
0.76064946912193721
0.23605457228274734
0.046772216101822431
0.018703834919214749
0.2158255587369233
0.73080910432062596
0.29112665485614631
0.1751098612908151
0.41826899654098731
0.34289837016105557
0.22282121775381986
0.17866701319124034
0.22087810111520115
0.78240734286199809
0.47673473589154391
0.49815272359789309
0.33968815918417283
0.017937035389986405
0.70095698974141984
0.74907441106422645
0.6077083879599523
0.087733373910411389
0.820154231832813
0.8884153390341637
0.67595667959436234
0.075978974041121861
0.50048466308034412
0.26658124459137755
