0.591571
0.332453
0.139120
0.967477
0.304414
0.611252
0.548386
0.824194
0.410604
0.681750
0.661268
0.837026
0.419588
0.023934
0.040753
0.821712
0.356127
0.021708
0.210741
0.919184
0.332277
0.944897
0.745076
0.821297
0.253755
0.150504
0.524055
0.625095
0.109728
0.554729
0.814825
0.619293
0.299910
0.754877
0.586172
0.066505
0.302443
0.544476
0.501041
0.764480
0.509075
0.684231
0.945621
0.843904
0.291206
0.935937
0.325237
0.164282
0.508516
0.372325
0.110051
0.786364
0.057050
0.199073
0.942508
0.450683
0.917997
0.192051
0.845089
0.404215
0.654982
0.675247
0.018591
0.297474
0.866927
0.034494
0.026373
0.751923
0.444996
0.520661
0.390933
0.939046
0.855212
0.601574
0.887034
0.340044
0.342630
0.187539
0.666365
0.426016
0.643711
0.360178
0.628176
0.940507
0.202000
0.744160
0.884511
0.515361
0.378306
0.185400
0.778209
0.755444
0.387922
0.543099
0.716408
0.996334
0.539431
0.985740
0.892005
0.090567
