0.456833
0.140935
0.388309
0.664469
0.290251
0.103373
0.434982
0.330355
0.665180
0.477170
0.548731
0.457472
0.322742
0.064005
0.179866
0.790083
0.262129
0.593334
0.973133
0.652847
0.942446
0.063016
0.887726
0.839930
0.362401
0.278808
0.681987
0.330878
0.534288
0.954394
0.709983
0.212926
0.813880
0.028265
0.174576
0.247133
0.612788
0.428993
0.097442
0.660319
0.985108
0.254115
0.613142
0.452164
0.400745
0.819426
0.978048
0.584883
0.256064
0.979610
0.368654
0.283782
0.171822
0.021378
0.692370
0.968677
0.895792
0.225433
0.172296
0.494719
0.355485
0.396803
0.852512
0.606174
0.122836
0.232136
0.733351
0.789974
0.411508
0.777323
0.776546
0.773767
0.968413
0.731503
0.358057
0.703539
0.988997
0.228997
0.634459
0.581720
0.168430
0.609598
0.108551
0.180413
0.869056
0.345319
0.355118
0.297555
0.708111
0.310300
0.690838
0.779537
0.288346
0.922259
0.254908
0.040201
0.549883
0.459711
0.204597
0.013119
