0.614561
0.696843
0.437474
0.079299
0.021410
0.967252
0.800373
0.215319
0.333241
0.946697
0.327226
0.295374
0.738536
0.835819
0.647389
0.158589
0.076784
0.368373
0.161315
0.136154
0.304991
0.828918
0.438098
0.081446
0.672051
0.068385
0.900499
0.133795
0.860457
0.334559
0.400350
0.568763
0.266134
0.149004
0.170720
0.101618
0.923342
0.607826
0.439244
0.685176
0.739915
0.725945
0.090688
0.679623
0.020856
0.516375
0.527117
0.021708
0.252105
0.480329
0.571441
0.042164
0.047105
0.622016
0.661979
0.941824
0.129017
0.813880
0.510756
0.852996
0.366687
0.278962
0.901884
0.771315
0.048186
0.431053
0.022349
0.073509
0.913776
0.114884
0.467969
0.609125
0.007051
0.029647
0.706002
0.740375
0.072091
0.103441
0.847546
0.598511
0.577159
0.224189
0.752378
0.787898
0.584179
0.339866
0.323257
0.344063
0.154839
0.874541
0.220491
0.707642
0.193149
0.012984
0.544706
0.177529
0.464743
0.367716
0.567715
0.918666
