0.91769932846366498
0.024400298838303944
0.74152303129791841
0.077939767422766454
0.87290598790493634
0.14124658665296727
0.16791357458609546
0.20405155146808288
0.48481130033307263
0.062343087521797284
0.820154231832813
0.6890695387078245
0.9618219566514209
0.66399471681394717
0.20490107925606124
0.34031076456038789
0.83983018046996827
0.61810967793914662
0.7548771021108035
0.92787903791391568
0.81807058372046348
0.45576990903261538
0.48492088079137807
0.69660791375863573
0.53155181669785589
0.29224421993211736
0.84281461827068704
0.55715748239253848
0.86692722349319384
0.79421702623531742
0.79983491757723035
0.74987258646526112
0.35640183888882404
0.53189351011724539
0.27642166100735427
0.13155465615527442
0.26264592625763911
0.90025413162720991
0.28027771185012873
0.50449326598796618
0.84920846372444503
0.81942586662098038
0.72559701277334021
0.10876399721159899
0.28300057269343709
0.75237759155460004
0.8722676437951935
0.10784287592762053
0.81973814381066279
0.83359750200141858
0.3986726245987231
0.33809072939935786
0.71056808460101939
0.054416959664312682
0.25817124705367711
0.48876342716611099
0.29553507225004461
0.052262398004436883
0.5814859155612242
0.12599446543849213
0.59992472056703128
0.41887760516084904
0.4462565594891077
0.33862263692635108
0.59827584951978352
0.030843463855781888
0.58922261264259124
0.5521891919499109
0.65379587785732318
0.29812217940953217
0.83227980512511202
0.22899734002533201
0.34567909342604719
0.34146908453370628
0.15469443093933219
0.75669139232406746
0.22055555914155262
0.43260157444408948
0.9238453413334734
0.027263616803859966
0.84666298123203976
0.764255035559539
0.83662408860750559
0.48557860564846633
0.053583168466643648
0.13837314742594153
0.76211578427181381
0.6878900475536307
0.36101100664165342
0.85057234899786982
0.56771546661510786
0.79389152222648773
0.91232041438229416
0.30121559993576641
0.43177523066827556
0.71699058227122936
0.383479476542118
0.8692402807627847
0.12149784374009527
0.77432381150826624
