0.63102026219204765
0.96836888304421542
0.30309913400928512
0.61621683415325423
0.71465753250439246
0.15780392179593494
0.56957760365439236
0.38213385131429289
0.57377337123157379
0.38299855574282365
0.036236796604728498
0.87490341557501505
0.038474820438402113
0.69860701881194853
0.67985944902257989
0.79204418361423445
0.55195844736513211
0.98516331949052993
0.87769511212960527
0.098545016939887542
0.66020079538601117
0.078897012397252123
0.27078743218507983
0.10919145348245178
0.34129070781700482
0.82902058699429215
0.35870155853792546
0.78405853826998229
0.059074726286195652
0.44216720509702578
0.36912340045361908
0.0012631006986198749
0.90725114036478605
0.35447760786255728
0.21342826291742928
0.49660075629295031
0.61219694293749027
0.22635290719256243
0.96452666279569044
0.43301507592951743
0.69342994644367884
0.16755260328897298
0.88486080091768593
0.47727841528263526
0.90574358590628068
0.31923722124759774
0.79961970287650486
0.92370178651572099
0.88590626496720315
0.98841207703850342
0.3876309655777469
0.94586090033260328
0.28953555379136875
0.61515241802822862
0.79757171009386918
0.75340079110876823
0.030317524637354022
0.30400294072830869
0.26073154518806935
0.76492963165722871
0.80090994366360813
0.40491061608966528
0.0059442340714732202
0.24537622280721064
0.3594395245039394
0.040504961969315537
0.80080251984767614
0.57412338192691559
0.93788972560660566
0.43695425086789685
0.59168893943804257
0.30938305900149965
0.47250432101187279
0.21971869981111097
0.017115666924274905
0.71302274122960085
0.32748565580948635
0.70822765883395955
0.5009293808797588
0.14254494345093338
0.24565670600455422
0.74496113671546382
0.40153684588126298
0.72733627646356913
0.67512841279690838
0.5728402792155376
0.63659342149844345
0.89183515392012536
0.66399471681394717
0.56736650175117842
0.38415340039322415
0.7262929415299092
0.32171346689201891
0.14160374116361549
0.61929304652357064
0.41362002968113326
0.02962569263236561
0.65367724571490626
0.0078277553480649836
0.60546596008857467
