0.642287
0.661387
0.313231
0.214498
0.818175
0.863567
0.879660
0.196710
0.223342
0.403817
0.332715
0.261908
0.074773
0.105086
0.033763
0.395625
0.540920
0.175538
0.903179
0.758955
0.647271
0.549537
0.493724
0.071723
0.741523
0.106126
0.721066
0.918740
0.697784
0.004954
0.412613
0.072959
0.506391
0.251819
0.562371
0.636238
0.502710
0.159428
0.914005
0.490525
0.081805
0.115857
0.585703
0.102661
0.373460
0.851253
0.513000
0.481092
0.253395
0.372892
0.291845
0.628057
0.900908
0.069928
0.737846
0.322828
0.212300
0.335264
0.743931
0.586055
0.275426
0.598040
0.674182
0.701896
0.375071
0.742441
0.966708
0.146042
0.662572
0.804979
0.593217
0.647033
0.765154
0.811561
0.482731
0.099989
0.698254
0.988695
0.521679
0.564693
0.146363
0.225630
0.392884
0.969765
0.887726
0.968280
0.356402
0.045786
0.349924
0.559821
0.124307
0.425094
0.721997
0.825019
0.209686
0.351104
0.572257
0.749759
0.415840
0.366033
