0.610897
0.455132
0.134948
0.457259
0.615389
0.749303
0.873906
0.752946
0.086448
0.907646
0.574590
0.123391
0.213680
0.689659
0.778098
0.561443
0.206181
0.937437
0.959361
0.193961
0.574590
0.040520
0.270636
0.350105
0.980115
0.723391
0.050027
0.408501
0.534402
0.409602
0.495826
0.268003
0.795409
0.323429
0.533261
0.828305
0.622489
0.701544
0.007955
0.467754
0.648101
0.992650
0.127375
0.803804
0.021100
0.827793
0.119013
0.137456
0.299259
0.007285
0.484373
0.757937
0.263607
0.407602
0.615625
0.464743
0.401636
0.010478
0.225761
0.589927
0.596981
0.287319
0.874722
0.406903
0.614206
0.766390
0.978366
0.836322
0.439974
0.684822
0.463777
0.435293
0.201640
0.929337
0.507061
0.604758
0.828407
0.694725
0.608653
0.360548
0.788773
0.810187
0.160617
0.301216
0.425196
0.596039
0.255847
0.776990
0.103543
0.212989
0.008976
0.962558
0.115183
0.032284
0.619530
0.791718
0.613497
0.295213
0.422540
0.247274
