0.14737761471905383
0.55738889883028109
0.89695736255575642
0.67122200216225303
0.15878637484152039
0.34856537890088335
0.54735006245560336
0.48251278541290554
0.79051928672951777
0.72443647884420059
0.93441819802078652
0.20374883847665601
0.62710907944092886
0.5194189007912281
0.62260777786087917
0.24692194573590237
0.095903725278174576
0.16322089962486325
0.28684531042756622
0.67536507421379466
0.69166293940100232
0.90693472229608563
0.88293322376935723
0.34838451462349407
0.99865617244898286
0.34585901453736517
0.27519610068780676
0.24635899748587398
0.46291981636096247
0.94176172247783096
0.52882118885906193
0.1704585883586138
0.25167563016747757
0.34218322258016409
0.23476509479375082
0.33676345168086402
0.11936008724868438
0.054512457011389348
0.34956125490634105
0.32835330046742178
0.4899739666547106
0.1579019361550339
0.0096994233851704081
0.41261338999193969
0.91247420989239014
0.6454907738495228
0.74289937875467982
0.015537294071632899
0.92591151665330429
0.1670380545121665
0.92752967715920831
0.033033664616142773
0.47034201231037598
0.29950322827059261
0.71419058638561306
0.90677632063606395
0.73150273332758164
0.64466024435990832
0.4472031225315285
0.027668392587888047
0.94435025397223593
0.5270036856508451
0.097313102016385961
0.30631225861228401
0.27649839328457299
0.63991470007483053
0.97428174432610581
0.68092325450586566
0.18844540710361696
0.20758960106753688
0.022399277217635766
0.72814729059618633
0.89670810958005653
0.29755485315220725
0.92598224994504763
0.45332869502819451
0.53748575511363894
0.93118881422810595
0.22740777665848261
0.3339438303367942
0.47543112334824378
0.28519288677704396
0.49184748410863199
0.1402240523028887
0.47532256678429885
0.5905142308879674
0.2312641683720445
0.22806903520992028
0.46753832572025511
0.66577257446178417
0.30730579874012109
0.5455102450281637
0.9134706803258873
0.52541530959485572
0.36491271918486723
0.93441819802078663
0.061143717957538861
0.96452666279569044
0.92477511794902612
0.12216529855130631
