0.092397568359203652
0.75805011705091485
0.60947961587562505
0.44520607954517988
0.20808145953003876
0.55669473712969597
0.10560463048758591
0.176719405080247
0.37006334653198719
0.13916381560484217
0.77131469418749155
0.26486803331339565
0.72571302141765515
0.53760010022662053
0.13982565663321667
0.20857425447315972
0.4452060795451801
0.28621498783838573
0.7124385646855661
0.28120907083117247
0.046556803597936222
0.78196644715330443
0.66375764096453771
0.60912530927358677
0.59851135220485108
0.42509398482012878
0.7522638457687274
0.28605756641098828
0.090778464559198954
0.98384822336900346
0.60346069585726636
0.15658306150630733
0.87957089899733365
0.83782909014732931
0.32939657161563807
0.050097856852667114
0.020538272214698051
0.82707503635156432
0.55472938382548087
0.030462151887346911
0.71652419922463451
0.16418093380728407
0.35466057125069567
0.84666298123203965
0.18134640714263869
0.33341695751559286
0.62260777786087917
0.051713357009908624
0.79106425901090915
0.11447409001150752
0.89894138233295673
0.33667509307881038
0.4368503363527283
0.20888272726271279
0.93186825687149111
0.12815266375901013
0.31745244546710838
0.16678127564528711
0.52054824549685508
0.43301507592951743
0.928227534753714
0.42981619624447326
0.40193288121455639
0.12807064603640925
0.88677426189863362
0.32870080331007712
0.32965774683252969
0.96299516910340988
0.51998345244365285
0.21236270288701567
0.3690294904962545
0.73819093418508086
0.41170864288251308
0.92145928140812872
0.2993405124687879
0.95167718340874219
0.59074913404637475
0.29096725781285115
0.83044921649381509
0.42040135872021828
0.84032902715290447
0.76907925953634704
0.63718645748620939
0.35292494366852623
0.89662496370670652
0.28472205507895831
0.52677666347819563
0.77621318827590269
0.43809820561479784
0.11645998936042186
0.87580689884312313
0.65735450304392018
0.25060531105148171
0.60995207126960604
0.067334374635618671
0.58605484398980856
0.49648998340740758
0.40481114630797643
0.94663751837897847
0.87034456644369507
