0.337029
0.724553
0.173831
0.282844
0.042028
0.847644
0.034494
0.323000
0.161315
0.883197
0.050649
0.288267
0.650711
0.680923
0.742441
0.964100
0.748960
0.151022
0.803911
0.605230
0.692841
0.652372
0.105362
0.090688
0.695902
0.296019
0.191245
0.295858
0.234089
0.735312
0.474238
0.240232
0.567948
0.473479
0.473262
0.562487
0.628176
0.978820
0.374312
0.425196
0.511541
0.256644
0.566087
0.867391
0.026247
0.553343
0.788882
0.410203
0.125510
0.531438
0.346309
0.940064
0.421928
0.281054
0.422336
0.850086
0.401339
0.801339
0.474346
0.439974
0.845384
0.923486
0.025359
0.145127
0.456195
0.888845
0.925557
0.011426
0.272302
0.434050
0.574123
0.805512
0.670867
0.132692
0.501708
0.660201
0.491958
0.662928
0.707876
0.613024
0.450049
0.675838
0.818071
0.701662
0.282923
0.937954
0.226221
0.554845
0.055398
0.361938
0.563880
0.761101
0.451846
0.419182
0.294007
0.857415
0.715241
0.497487
0.322142
0.470882
