0.20765103219190442
0.30334543512686524
0.69319440458250292
0.96362185632978459
0.65984504451365145
0.83682514722578483
0.062084291148244777
0.17240155948855726
0.75362804289375462
0.61751809068754437
0.76638965876527498
0.1538292651421404
0.099757747255044646
0.18975511884843443
0.94176172247783108
0.6467959062318851
0.74884626218857608
0.91859188585183826
0.62000318848405778
0.11997858070223906
0.86083575227637088
0.38705001665018346
0.50137427019913605
0.90422449911306646
0.69189859882235549
0.29160522863279709
0.6113697509637761
0.9461005103064446
0.93341769609810543
0.36734174585975277
0.58652390815123512
0.53531483861611384
0.78262769999241133
0.71430733326988705
0.51053166457923638
0.110302541462014
0.050080170305022154
0.16478970516546418
0.66980083957209668
0.91925813672994872
0.062733123436752136
0.92254844209749243
0.77687904174337974
0.37364915289519407
0.26080497891707483
0.4186746788632047
0.14142506759273199
0.1070337545566913
0.61196058670190356
0.25599197962170034
0.94489668350758116
0.01284483898930811
0.87435999086762317
0.95048589409334472
0.98488339939272895
0.61432469837712356
0.76818357559287931
0.17409678673646459
0.48733456042095713
0.25563013712721699
0.089304071085233971
0.028442576783419299
0.61870133030591168
0.46937056608496042
0.26501667739868967
0.28012270777409404
0.9776192543468164
0.91285812467877325
0.45015480493687066
0.16026970322042902
0.39278611339263031
0.81187792591546915
0.81973814381066279
0.96611285825077897
0.45163449607716322
0.54367249500275483
0.7204847270409358
0.36360911105305904
0.75635144287127021
0.45693985224371581
0.25267775574109003
0.99134243120585497
0.82388439677805636
0.04953472657407617
0.50650270176650936
0.03350582756638313
0.92211369366464302
0.49837460745403772
0.42437797295732804
0.3177069829575882
0.91642663804390145
0.80912774885817451
0.67228765572049898
0.1307178032829773
0.58464815295032935
0.47445454651509633
0.039075130450316985
0.22879816765305286
0.66055653513607893
0.62853111752953028
