0.138812
0.061848
0.601928
0.759181
0.999355
0.014680
0.835819
0.534402
0.780200
0.161465
0.984572
0.662335
0.718040
0.645847
0.767063
0.564112
0.759633
0.979576
0.501374
0.713607
0.380887
0.487005
0.375925
0.188389
0.769079
0.586407
0.280278
0.348475
0.781525
0.694136
0.117521
0.873543
0.494056
0.364540
0.776435
0.311136
0.013215
0.797140
0.361752
0.816503
0.815455
0.042925
0.981134
0.368654
0.601692
0.224124
0.728147
0.216079
0.887467
0.571441
0.935147
0.348565
0.287398
0.410304
0.369593
0.363423
0.908119
0.539431
0.411106
0.293205
0.094733
0.344691
0.157363
0.679032
0.075079
0.945741
0.674655
0.910698
0.470126
0.023146
0.661505
0.157510
0.567134
0.825842
0.038503
0.939238
0.578795
0.767175
0.186017
0.283157
0.950714
0.687064
0.593452
0.582657
0.998073
0.033923
0.552189
0.108303
0.670511
0.746334
0.270787
0.442376
0.463885
0.785597
0.160270
0.285429
0.016555
0.943002
0.453647
0.633510
