0.497044
0.674418
0.732427
0.231532
0.783068
0.628531
0.441017
0.504493
0.852609
0.427041
0.777212
0.294730
0.452375
0.905105
0.897455
0.474888
0.729537
0.089963
0.751467
0.756805
0.633036
0.675720
0.656168
0.211488
0.070144
0.115933
0.601457
0.601221
0.918369
0.553112
0.079676
0.986010
0.329484
0.123073
0.255630
0.873906
0.912935
0.682578
0.508292
0.230262
0.288426
0.961773
0.248122
0.579614
0.668735
0.665180
0.314831
0.391128
0.356218
0.855404
0.940191
0.383287
0.875175
0.750556
0.807642
0.848036
0.043589
0.660557
0.323171
0.647389
0.245587
0.260878
0.729999
0.162366
0.861308
0.263903
0.497709
0.271544
0.453117
0.513562
0.289694
0.410604
0.022584
0.316097
0.631732
0.468292
0.316944
0.019842
0.145996
0.648576
0.608063
0.818488
0.021386
0.899927
0.428068
0.295535
0.844793
0.358241
0.983553
0.451423
0.168949
0.533147
0.384250
0.633036
0.597334
0.269505
0.950885
0.161215
0.413822
0.074240
