0.991957
0.267928
0.307637
0.990841
0.394351
0.306560
0.964385
0.701427
0.816084
0.935015
0.663639
0.289694
0.272074
0.568646
0.994311
0.386180
0.075772
0.019189
0.328093
0.832990
0.794759
0.605112
0.158344
0.114140
0.092891
0.250249
0.847154
0.637068
0.129099
0.321286
0.008061
0.528253
0.844398
0.626280
0.743816
0.102526
0.196710
0.916502
0.244606
0.363051
0.513000
0.011325
0.286372
0.156097
0.270410
0.642762
0.171349
0.772988
0.005241
0.771538
0.436954
0.034009
0.872633
0.120250
0.547235
0.808810
0.625213
0.246500
0.152111
0.296342
0.606056
0.595451
0.772542
0.193381
0.341291
0.127948
0.787569
0.350105
0.689777
0.144671
0.384732
0.345319
0.926547
0.638966
0.118860
0.209934
0.694254
0.683168
0.772653
0.395723
0.308302
0.209501
0.944350
0.507285
0.848818
0.982369
0.416345
0.070868
0.984140
0.399067
0.127907
0.961773
0.497598
0.257225
0.593805
0.682223
0.144035
0.240163
0.018916
0.372798
