0.467323
0.500485
0.061356
0.497044
0.101954
0.124707
0.173512
0.638254
0.711854
0.049081
0.590984
0.019319
0.031504
0.380025
0.533375
0.453647
0.178830
0.612906
0.356310
0.820882
0.862157
0.140135
0.235647
0.190098
0.500929
0.820882
0.720601
0.089933
0.373838
0.534174
0.930163
0.902046
0.211239
0.518742
0.738766
0.659845
0.707174
0.316013
0.789537
0.149658
0.562139
0.027668
0.081117
0.169520
0.740605
0.624029
0.591454
0.466355
0.196592
0.057933
0.830143
0.106369
0.975056
0.750670
0.642050
0.722113
0.628650
0.388600
0.064560
0.127212
0.396213
0.820466
0.240232
0.663165
0.291286
0.413016
0.400548
0.490635
0.593569
0.749417
0.136370
0.017298
0.981932
0.577159
0.062127
0.417965
0.985440
0.883548
0.921021
0.723391
0.850280
0.528139
0.891070
0.665773
0.626280
0.718389
0.332978
0.712439
0.396705
0.930026
0.981900
0.002151
0.365379
0.754650
0.337559
0.146134
0.433325
0.719204
0.809128
0.550459
