0.043201491739698512
0.99193870273023788
0.66589108449204393
0.56434464470417955
0.34057783234682887
0.46217015230444647
0.026207979721515898
0.97036411786671384
0.3907384816014941
0.81377437121156126
0.30714004903728487
0.22113640410131019
0.015769399312385416
0.089933322218074804
0.78240734286199809
0.071919111377954592
0.36734174585975271
0.59039678658747707
0.67216925932975458
0.4890934384332577
0.80561900185482394
0.13392242956593306
0.36743537840775348
0.95223881785402242
0.41553659353004291
0.88108021312059981
0.91970079230977198
0.47651734760472952
0.53018585148471753
0.95133845365003278
0.43560442232517027
0.98468548835873315
0.47282908657363065
0.29877151005034902
0.13533481099460057
0.66743154747994371
0.40223006175677556
0.2986902878476565
0.9113948912090527
0.23639482612980528
0.7925880132755152
0.89124014368481408
0.25217631125303203
0.44657196159873336
0.860173175636892
0.62722757282654218
0.96424236071472025
0.50683793688846168
0.85173759078277411
0.88634063053724055
0.42868429788940804
0.8468593627704154
0.74301400835929887
0.74827569909329372
0.31432495225735341
0.61846466162624225
0.34120154313288603
0.92850570959433298
0.45800478125428767
0.11480921976332667
0.80838515032147407
0.59815810453813389
0.78822600486475358
0.76166483490487358
0.79269672988770279
0.72907365539586755
0.88978899972196401
0.86739117531286936
0.78866336466355169
0.41442637412329847
0.77920542112147828
0.17623525975220106
0.0075738866276917356
0.69178077133187132
0.68623808554780119
0.62450270506084005
0.060362849855960507
0.37792409128457205
0.047575568350984192
0.4138215298059435
0.83440654491138999
0.13046764376329775
0.46560219644525835
0.99221729029716688
0.38155806303157502
0.89811687313621535
0.14299500853762456
0.38850340281384976
0.4307435393023592
0.099264518832436074
0.71325636468381159
0.1393841307817465
0.44101746764258598
0.67122200216225303
0.69790161971019682
0.45981808590021411
0.17176939772536151
0.89918812987369334
0.12922302884345185
0.8913252353410096
