0.35741251562619175
0.84479261642707715
0.83561745149831235
0.067845935062951473
0.58499975467068177
0.44772945277262177
0.40610539067136375
0.587579603705779
0.80753535268797727
0.1774747093628819
0.22906376112294374
0.62000318848405778
0.73830597104288953
0.44899398779855482
0.76874347836663981
0.11943724695343498
0.69307662676022996
0.27772826674813522
0.74461774343686804
0.55080518459363392
0.98924779460954326
0.98448595295024821
0.11668669066151956
0.91400493881015721
0.37954710333375957
0.97293218193457753
0.70682220281694408
0.045347937918721458
0.60074945991379725
0.37868731396682731
0.49693314061441796
0.89192003501660666
0.40351936802625443
0.77521344154855309
0.45693985224371603
0.041773242567072821
0.44846686817013026
0.55276618685487455
0.0088475433003987209
0.6902486144162252
0.64477889079948347
0.60322485419487437
0.93743692192459238
0.91544691460858685
0.5056092003246464
0.40690307188176722
0.60735423522349752
0.04446829633907172
0.75906802329678036
0.94082191086587175
0.18935572441677773
0.91054236347408957
0.31728283353694836
0.35183166762796619
0.92940594971513157
0.43861872666506929
0.98587571947350616
0.029767230445805613
0.74267008893908715
0.11683803851915525
0.49372423616743943
0.74393067610910346
0.59309921773256258
0.76919115975907615
0.54804052069199893
0.08811634174924754
0.97002263502301489
0.2156355205512788
0.74393067610910335
0.929198722149435
0.80540570860966287
0.019239394469897343
0.31525246640716115
0.59215895676291497
0.80080251984767614
0.19794770247094931
0.09526910142021848
0.51626191104288566
0.83177201439614323
0.84676118392724264
0.04324780924247864
0.24376824591621218
0.88529692252539949
0.94331015123419815
0.072635610058116959
0.3091332608698652
0.682813797080144
0.66589108449204404
0.21773329426958937
0.21703223755424028
0.21677775411694011
0.83085662112802583
0.39906695325818181
0.22760599540361715
0.27389838783786269
0.63884707698830967
0.88099165851811434
0.9229097981583636
0.20026381531692319
0.72257795719059847
