0.035496668566359774
0.82584233402180163
0.83167039090172845
0.41604181029873932
0.49604700146041414
0.69989976519146269
0.99899421756318185
0.3752604940673645
0.82181534858846561
0.62035829257423702
0.040811323211846134
0.87426932300738658
0.27184671965731178
0.51221431574730236
0.30211536669460065
0.67737624403878893
0.50471636882127258
0.58230537366018753
0.22399357115215379
0.82191899566222526
0.39161523201525855
0.19216598067296325
0.18528750726007068
0.43934802361811476
0.3463090926439622
0.90999779429192662
0.050310543765612614
0.72466865039881845
0.10446657792390705
0.028779034409542738
0.83136538997460341
0.31974844840714889
0.56376404056659535
0.631257359139209
0.35110406971368452
0.41241223440780705
0.38637292703926812
0.63019047001932571
0.001220270142397511
0.84979356883953139
0.75793695592615129
0.21926912921939756
0.87006886075319834
0.92087527935150515
0.54746511898479522
0.095617682224256276
0.43115605053521266
0.27911672981350361
0.54459110966866675
0.1198624013363364
0.33747089017050891
0.14989264875222846
0.33271534828412969
0.89361131535973637
0.59686319251285702
0.86868667847601266
0.68529376558764632
0.51581154096418602
0.46259845637982366
0.49726562331181545
0.93455100023070103
0.2848789353211254
0.51232657354135247
0.45853772442188245
0.56666874994532934
0.85076680045373554
0.041489916644204775
0.86664853216516047
0.56074767723562435
0.87957089899733365
0.60452217160421673
0.0093766248660069936
0.61361533836773585
0.27481394517173391
0.038780877992918426
0.36696736995478141
0.50739687002204725
0.37564027535562033
0.4395565156197665
0.15997210896645669
0.52348902869338332
0.8701607897839323
0.20032349042128136
0.56097953784898202
0.61846466162624225
0.5692283266795557
0.50717326561587783
0.52043526761376668
0.13715086796115222
0.35676913940673188
0.69083799260118661
0.788335368680531
0.56283542988167556
0.0066012994062722855
0.90000859888355056
0.080407061067554783
0.60759033355702474
0.012692843844006284
0.41180911278929877
0.23851294790555425
