0.647745
0.071796
0.117750
0.872997
0.439035
0.876438
0.133030
0.372892
0.992561
0.131010
0.538172
0.958694
0.254908
0.981102
0.979269
0.141604
0.984140
0.981995
0.702953
0.991401
0.564112
0.867669
0.431569
0.481202
0.159181
0.877336
0.634933
0.154646
0.340311
0.986774
0.922186
0.592159
0.363423
0.637542
0.392103
0.038116
0.586055
0.000150
0.796708
0.842616
0.079245
0.993741
0.358149
0.260732
0.151069
0.587814
0.393959
0.288980
0.162165
0.443214
0.954121
0.922114
0.002144
0.810716
0.936003
0.053696
0.957077
0.285036
0.689187
0.522697
0.956335
0.069497
0.873179
0.312979
0.555538
0.367997
0.973013
0.248971
0.320944
0.723275
0.190785
0.617045
0.598276
0.601692
0.655694
0.416042
0.834305
0.106964
0.204658
0.772765
0.617281
0.086130
0.629242
0.028526
0.296988
0.879393
0.229197
0.398574
0.936722
0.547925
0.685884
0.577159
0.797464
0.439035
0.029377
0.806791
0.056831
0.303428
0.500262
0.614679
