0.138900
0.421826
0.750101
0.145904
0.232942
0.191820
0.292644
0.336057
0.744160
0.990718
0.896791
0.737501
0.863567
0.562371
0.231465
0.937761
0.091173
0.469694
0.511429
0.179320
0.054608
0.913700
0.790846
0.292884
0.488763
0.170250
0.745304
0.021813
0.040578
0.675365
0.012610
0.421928
0.967612
0.449627
0.266134
0.767063
0.371853
0.327139
0.583359
0.569228
0.159131
0.968897
0.499041
0.433946
0.251033
0.378592
0.511092
0.563416
0.944411
0.284487
0.487884
0.768296
0.606764
0.484921
0.476083
0.662216
0.142545
0.451952
0.661505
0.292964
0.326879
0.119630
0.120289
0.711504
0.234833
0.293445
0.894620
0.071821
0.004994
0.318216
0.062929
0.153542
0.808597
0.314831
0.109620
0.693901
0.477822
0.162868
0.108800
0.810504
0.789319
0.258755
0.617991
0.628057
0.933618
0.073334
0.715474
0.023345
0.150409
0.369781
0.473912
0.062451
0.434775
0.197181
0.213428
0.508963
0.524169
0.772542
0.817862
0.946518
