0.37725707096703437
0.18333599269784512
0.39484031670038638
0.17921115513333202
0.48898342333883449
0.047055295757151387
0.857128266555095
0.83772879734843508
0.28613626916430063
0.5136744527013194
0.91484122193371387
0.6951959150263054
0.93173264782445497
0.5558852153316709
0.77365599672623797
0.066459000877535007
0.19072794716600444
0.8701607897839323
0.87381556842435404
0.62663512425155421
0.39278611339263031
0.3802166794922619
0.35530143518302415
0.099691858570499406
0.86942459898729352
0.53155181669785589
0.22833396230157924
0.071404259393745742
0.46872348702034417
0.55519162733045979
0.029538905762060901
0.32800605188069643
0.2658353459955225
0.57412338192691581
0.93091605973881464
0.66245361310619433
0.71780647505567918
0.32420310827076665
0.93527889293293009
0.39956019582219521
0.026558788324524199
0.56608747238748536
0.011382350671943637
0.53280508545201166
0.76549144032569749
0.89470414250796082
0.93421873067436434
0.012933888562026001
0.98190048315741829
0.077071478585909181
0.10522407348396197
0.72466865039881845
0.00034489456188811654
0.72466865039881845
0.75135347246601236
0.2361906279101067
0.1659617995184163
0.31685908278450392
0.80870351851124977
0.40530864108437775
0.90155888487290825
0.34478043219795201
0.35990125880261647
0.860173175636892
0.36827876529203873
0.084836787578675396
0.64620266274369575
0.37782875696315527
0.42981619624447315
0.7733219000536915
0.35310737545581705
0.32774578231789703
0.73922591700380713
0.36082589329583431
0.34102326111761472
0.51693776217910492
0.49306148546752337
0.62272619461480627
0.065797912270114917
0.50004011717940133
0.89445240822278005
0.24216843871894411
0.25744325947515506
0.30268895151655384
0.34013279833246213
0.3500145535123303
0.29755485315220725
0.9862236318663522
0.012610221053309426
0.91408112961750398
0.69989976519146269
0.51423649546620043
0.21805255187926756
0.71699058227122947
0.48623674470764933
0.013693942375314416
0.2721499425655749
0.53737141859241744
0.45004921064423953
0.029065816621726567
