0.120756
0.075489
0.079892
0.575524
0.744847
0.498153
0.956759
0.162818
0.225367
0.085639
0.590397
0.008456
0.003868
0.121146
0.783839
0.863004
0.589692
0.985108
0.418370
0.327486
0.132354
0.692605
0.680096
0.608417
0.948698
0.563416
0.777323
0.403718
0.102797
0.906776
0.421114
0.241268
0.944289
0.123034
0.082054
0.174203
0.775102
0.884424
0.867854
0.888415
0.687890
0.086477
0.092768
0.603343
0.421521
0.581369
0.214814
0.060091
0.990108
0.304661
0.076784
0.309050
0.103782
0.324892
0.166115
0.656287
0.586876
0.860268
0.741638
0.728611
0.649762
0.093201
0.283469
0.982183
0.185288
0.192628
0.075927
0.633984
0.106126
0.597687
0.829939
0.662928
0.198362
0.316520
0.365566
0.657473
0.156000
0.557389
0.360918
0.411006
0.868225
0.761214
0.691899
0.733697
0.868687
0.042482
0.826356
0.363609
0.498264
0.607236
0.637186
0.004051
0.199252
0.666247
0.593217
0.480219
0.118170
0.235443
0.447624
0.313568
