0.85347881793576508
0.71629096478891197
0.33942156527599043
0.43198173414103741
0.037869422119110888
0.43280829774432517
0.91131755178059826
0.22178320995334797
0.46045895189555086
0.61337890880982493
0.73115595851348525
0.95439433533531637
0.44028666203611
0.29537392066281692
0.18799159481970343
0.7589549711152257
0.3193223859278343
0.98560434236227779
0.50126303181003296
0.61917469823273852
0.75793695592615129
0.092829520139847965
0.99116408242650167
0.38957136507028767
0.61479766369947919
0.40800140210360597
0.057169563797242959
0.12778394098672766
0.90422449911306646
0.40850122348402879
0.24189104423857047
0.71138662681430187
0.34992386241761164
0.74048982041476652
0.022050991811329811
0.2342238071473734
0.38695324443965118
0.16683260501066963
0.084694228051812481
0.035291456737454319
0.18008463036791136
0.92605294888174339
0.90598238930445163
0.06260286542657835
0.12823472684547024
0.64596536594346865
0.75567122467805259
0.40193288121455639
0.71967002459399754
0.4597113192580653
0.68269566391871617
0.33826796866080744
0.77887347549694208
0.37166478348749876
0.18918476617298691
0.82501885535955721
0.11563203418448773
0.41120650936601033
0.23046210738990427
0.34415230617518888
0.28433013294566162
0.36463311921818314
0.093418609892845783
0.26807777200212685
0.43757802288850411
0.98349354960881119
0.37916482267315466
0.072165455633090902
0.12052204654731226
0.29033030731920578
0.65082991774160681
0.32713904301968916
0.70928116442930211
0.64015195737053165
0.035100074321099357
0.57179102418764183
0.19384517705428631
0.13059267188901111
0.26464518527742981
0.4574721570102932
0.75612475068241169
0.47077408418157618
0.7124385646855661
0.72664079462889086
0.29489084885738143
0.73057782427233486
0.23496832966246528
0.3263600943721866
0.27466119387580523
0.49848556566778623
0.84192147178571719
0.98011506286294148
0.64750779963967953
0.49140636445084662
0.33844527117200546
0.66790547115345444
0.83420441668004552
0.89976278531722875
0.0129935814157821
0.68588399415908319
