0.362216
0.161265
0.912089
0.183114
0.055379
0.336057
0.997170
0.609480
0.756238
0.873906
0.073359
0.615034
0.882581
0.158737
0.387147
0.878232
0.747476
0.265984
0.099133
0.638847
0.221848
0.240922
0.430537
0.790192
0.926476
0.008201
0.620122
0.290489
0.408301
0.588284
0.016961
0.688834
0.945440
0.555192
0.714774
0.916802
0.183059
0.329571
0.011853
0.980182
0.047340
0.880548
0.617163
0.979166
0.345949
0.859984
0.767960
0.632324
0.564577
0.966799
0.415941
0.142141
0.683759
0.640508
0.579497
0.577276
0.371005
0.233954
0.036302
0.533375
0.763355
0.181346
0.573540
0.534630
0.153685
0.232471
0.806152
0.738191
0.452481
0.042345
0.386276
0.669682
0.462170
0.452905
0.821712
0.279194
0.277267
0.337825
0.115857
0.391713
0.227606
0.219976
0.031944
0.743587
0.864504
0.522583
0.489864
0.966663
0.945500
0.478040
0.088471
0.548386
0.780974
0.884424
0.993597
0.752832
0.970956
0.951790
0.337029
0.067543
