0.88451137857414242
0.041743334652279945
0.18731255655092127
0.93974706540452646
0.90382283149860876
0.14398942035144779
0.50427020526859878
0.81071594544649828
0.41745831369247483
0.6603193765538633
0.26620809828458059
0.37516558694646135
0.62900518550562268
0.69590200221345055
0.23639482612980528
0.89745503661552994
0.66944549906011352
0.37298694526986564
0.10543150019885081
0.1052931757934898
0.44867767662413327
0.83792936034096377
0.40830125144349116
0.87098692868874383
0.94556057516158265
0.83004146656394828
0.56701759611992752
0.17330043265483355
0.56992693843551556
0.84498989937695634
0.62391048186834319
0.48393507267201696
0.21067910111229896
0.97974545438176652
0.28339114263130971
0.85328574349481356
0.44018231501583238
0.30162434531228327
0.5007070005163754
0.48931350261070206
0.22576124177591891
0.052005516494153012
0.14751639220726254
0.81942586662098038
0.35676913940673199
0.68222309649335644
0.76851955731015931
0.63078317116094218
0.3802166794922619
0.6680239471208913
0.26065812715588332
0.89861195079207468
0.2990152724430154
0.78691240398577422
0.3946443957632666
0.81071594544649839
0.95499225885893946
0.81681657078185022
0.57961389383446593
0.048391614854456734
0.58289086558407122
0.75805011705091485
0.96017434969210935
0.42570825462685219
0.17602043712631935
0.97786986533750464
0.51581154096418624
0.82305776356935201
0.74278473894337138
0.6858839941590833
0.70318745435430896
0.74907441106422645
0.6890695387078245
0.093139154718819103
0.95905378563692012
0.041519656414976042
0.58793159403354944
0.41472898960088567
0.56852994705290116
0.22966223318737827
0.67477340033050637
0.63766090299220046
0.86757656893340362
0.85241568416279101
0.083448913847487163
0.27124103303516411
0.90196497353046434
0.50148551928452301
0.092243733345605775
0.99916471255968775
0.95223881785402242
0.65510078803802441
0.71512436768589083
0.14756267604432405
0.052575890744510453
0.53303306827224128
0.59827584951978352
0.079379584530093444
0.66541703373112449
0.018535456595381788
