0.755558
0.167656
0.837127
0.010729
0.992825
0.224909
0.270787
0.661149
0.320090
0.966021
0.559125
0.076810
0.064694
0.727568
0.886080
0.333154
0.339066
0.897123
0.667787
0.990573
0.911395
0.542296
0.767287
0.219269
0.029301
0.156680
0.047609
0.840628
0.618465
0.768296
0.875265
0.669327
0.182892
0.197181
0.955046
0.818697
0.853768
0.001069
0.337029
0.146134
0.807429
0.425606
0.163019
0.589340
0.643118
0.238993
0.074139
0.683050
0.679623
0.463563
0.131513
0.840229
0.402825
0.897538
0.496712
0.101920
0.296019
0.579731
0.522018
0.497155
0.277036
0.098643
0.088946
0.540003
0.003307
0.023432
0.131471
0.130718
0.200025
0.889446
0.127579
0.618110
0.677731
0.403321
0.737155
0.764255
0.660201
0.538172
0.200861
0.274967
0.024839
0.970576
0.548731
0.421419
0.088590
0.018683
0.503044
0.117483
0.951452
0.925060
0.322914
0.890131
0.478584
0.728726
0.078125
0.565390
0.895708
0.249326
0.848525
0.127743
