0.354203
0.155854
0.948989
0.178667
0.034821
0.414326
0.576925
0.231934
0.138636
0.825637
0.096863
0.382710
0.627939
0.623792
0.592864
0.209563
0.134606
0.395723
0.323000
0.050240
0.655813
0.569112
0.248192
0.941637
0.392688
0.247274
0.214498
0.118744
0.108764
0.607472
0.066872
0.380600
0.144125
0.503601
0.394351
0.907093
0.530983
0.014974
0.130176
0.607236
0.829123
0.432188
0.436746
0.172824
0.968633
0.812089
0.940064
0.009553
0.959820
0.939493
0.108126
0.949683
0.013409
0.012835
0.265686
0.721764
0.844891
0.800480
0.888931
0.154357
0.043155
0.683641
0.255341
0.760988
0.487335
0.692016
0.048067
0.146501
0.978506
0.082442
0.488324
0.331140
0.150174
0.729305
0.288188
0.127416
0.247345
0.395036
0.951055
0.665180
0.836524
0.974125
0.294730
0.538172
0.961871
0.122047
0.713957
0.727916
0.453117
0.719437
0.908982
0.148537
0.114251
0.199489
0.198184
0.692959
0.607118
0.823471
0.058074
0.534516
