0.10055141782055109
0.53737141859241722
0.96652566809139162
0.75249132598820889
0.029625692632365551
0.18272616509344192
0.68918746517823826
0.27275714780010663
0.55449830681035372
0.34146908453370628
0.54195150922894531
0.52609581924766546
0.92138639955382118
0.014065521134464909
0.78636440096492977
0.19407772651748303
0.93685219157279753
0.66589108449204404
0.4800012633888715
0.16458657169635318
0.39503629704325521
0.52779855392906128
0.26397749121968767
0.94361714318774959
0.54597000676903129
0.12996856272333598
0.55218919194991112
0.72095010457551667
0.8023048499109916
0.58207121521998262
0.58101777561338919
0.61243331159172387
0.063147235653135639
0.20758960106753693
0.80273344985293404
0.95712922709842285
0.77343327959424801
0.45470767332508222
0.78306823223500133
0.87208501276128347
0.32317128779490883
0.74930251613828269
0.52258348649407171
0.46753832572025489
0.75997200128304976
0.30080725373919603
0.4075019433142727
0.065390589290199225
0.4635628750195061
0.97971164542481648
0.45237529911050156
0.18964093586170974
0.097023337112493724
0.694018720109431
0.10626480809118974
0.57015986029238186
0.49615773049636591
0.28779270529934919
0.9073301645626799
0.0045101750452838226
0.65533803520150524
0.2301952398018931
0.094167467289894113
0.15790193615503384
0.78603541131062737
0.23700824753114674
0.048977423383582207
0.0017731689579456066
0.43945226287715899
0.23200131405847008
0.23666730473227457
0.72582902187248721
0.85299594612298568
0.63042754589139138
0.43074353930235937
0.52961708306676691
0.049342499004297935
0.64655860863690806
0.15445369573460413
0.40950195260336153
0.83541585605659385
0.9288526490960487
0.85492370767129688
0.26950531962315921
0.80069507848404575
0.18748212725000474
0.84062805983144118
0.89141029695166463
0.41020332358750905
0.070143694035228799
0.34703003546461592
0.29626104429771549
0.52677666347819585
0.94094768431720821
0.0018055841305295599
0.21601573049401329
0.049517222920115296
0.44888853761346503
0.48535931794956921
0.46420638444159634
