0.48338780675396609
0.28676646437273001
0.98908844064572821
0.60652800203682067
0.56783180136047395
0.87071179379731156
0.15682659448256125
0.7795372342927489
0.74656238866308966
0.78975564607319959
0.60239952999454327
0.46110027343057614
0.5929816687269519
0.15893418596917133
0.46131414833752216
0.41594073839632772
0.74014523774962404
0.49937362146314535
0.75328714799335383
0.45068297245202704
0.021281951667017872
0.15201623195058364
0.88196418159885903
0.0046050137418585041
0.52904854166263848
0.18506361623129416
0.30540353350467875
0.1576080468323762
0.28237648772756707
0.39386130645752149
0.53155181669785589
0.54321338412489872
0.34892729587474947
0.22120101727852975
0.23551096169410354
0.19004082247268977
0.28747665217713159
0.19871731269603457
0.08037987002387581
0.54263968065321033
0.75691796590948335
0.33685182610901326
0.30913326086986531
0.94465418633823617
0.68198679208368151
0.72304277765009572
0.79324006556100923
0.52280981515862823
0.2944887277977965
0.10570862865090687
0.052372846116282963
0.1697802669549536
0.11740711796228334
0.6240289223388733
0.39005740174221182
0.90952975373129719
0.58090075455802093
0.49815272359789298
0.015913865734419601
0.40780157505722731
0.53155181669785589
0.77710087770391922
0.44342331080984787
0.87508433495462201
0.64252466004946995
0.37251439955594384
0.5458550542463172
0.21049269656513966
0.053282886439178313
0.025378074319716837
0.42407132074935888
0.16755260328897292
0.68718215859731546
0.83207675423843552
0.26509102306224092
0.72606099816029301
0.30408520078790607
0.3558513561115535
0.74896034209468643
0.7120879784290397
0.67619330223001062
0.96122744155105733
0.41553659353004274
0.22321146127084257
0.016794664245681525
0.11774972366854053
0.24741533903301266
0.83420441668004552
0.36314427225265705
0.51041956916943354
0.32922253422339604
0.023703555145771601
0.75872883028387172
0.011421961671414535
0.18629777280526674
0.34883679308164073
0.55392074525965751
0.76695062039895234
0.49350327482031819
0.89579181523846507
