0.48382559629519462
0.76762333998513754
0.40720244223060603
0.19806594629807903
0.60522999080174977
0.39591894321251675
0.9583314697086398
0.50952317370214883
0.30805246280617993
0.37507069510969876
0.22576124177591891
0.62296303473472925
0.62936075393067847
0.49770908633412225
0.25411466402799748
0.42693830141453964
0.72199675554087783
0.3005624376233389
0.49992900760756354
0.55530720680145929
0.25606439502017764
0.060699400309417943
0.28913877467895815
0.76739915294374039
0.53257713817000329
0.66624660377925637
0.13298789674906195
0.25512421404587965
0.26988193753948159
0.21449809396198766
0.038878732866356222
0.89968078510693528
0.37687625180654694
0.57295689415374407
0.36696736995478124
0.89844704886567595
0.37402789418092275
0.86055194554128933
0.76986227835104726
0.68257752726711929
0.098057095918259035
0.57984781767314164
0.91544691460858685
0.19966785613533011
0.7934572841155465
0.93547666846124733
0.78691240398577422
0.84410138415990454
0.40800140210360597
0.75623810268957303
0.6883618930759221
0.36706094078475521
0.63054608613024465
0.2441171106363863
0.71056808460101939
0.20538780303914939
0.39513430948580186
0.26168740834831922
0.077019135741433625
0.62343674113526371
0.033117952139900937
0.90212718885998433
0.78658364920514423
0.787678947768372
0.40610539067136375
0.59180643664621191
0.56144334339119184
0.14677752735783739
0.3641674287484149
0.70506415752913676
0.81419495749857917
0.74690524387853974
0.57926305074806028
0.51232657354135247
0.34316681067713212
0.26747840392245831
0.51333734722221669
0.48470173141798945
0.95585406949058371
0.47749597040185776
0.71442407325982726
0.050863831817231135
0.70822765883395977
0.55403624256851702
0.22379784072279185
0.22873180716431746
0.70553310054994867
0.91702675150847257
0.41020332358750888
0.32809284018889578
0.68529376558764632
0.044373294777303014
0.60664602470188289
0.29184473077461998
0.97600439314578025
0.99642236669298079
0.48887341958128538
0.29025076024129409
0.52077423012540347
0.98337425061994677
