0.43934802361811442
0.94669700513985955
0.87948185928511191
0.50315553507093624
0.25231950319251772
0.22886454329183459
0.44258569320772734
0.12331124388350449
0.74393067610910335
0.79454238017940704
0.18079691508195711
0.49549352104738431
0.32154226115243134
0.55392074525965718
0.38050386848813733
0.40094323334295978
0.49261987420473141
0.49915154258195871
0.58511696581619654
0.2067923261125266
0.27619155931451328
0.89208970682076738
0.0040375494136347606
0.19158970807056988
0.74599075055445496
0.89811687313621524
0.90342037140887199
0.86149706351518351
0.68316817550130426
0.71372353016664025
0.61361533836773607
0.7208337716253399
0.90414422905041958
0.30581635084174852
0.4580047812542879
0.021659205726673673
0.61621683415325412
0.0051950462708289322
0.082109104800055219
0.67903186520483794
0.35778050207040157
0.8804597300201481
0.40600574599587108
0.98843583631967946
0.52904854166263826
0.24911274354581636
0.20326525199508294
0.084495004607498994
0.55831485514083412
0.74701950759269509
0.84911086144448666
0.47358729649297293
0.79378298760931254
0.1377608460944304
0.91285812467877336
0.82378113984247436
0.99996141245757142
0.071233383593437186
0.5669013074443825
0.45971131925806552
0.43115605053521266
0.83379989511277586
0.18890011663707754
0.4989295069577846
0.64845698898962767
0.32748565580948635
0.52859387257173007
0.54309862695018418
0.5703928076731033
0.58957481320495608
0.79605870303493176
0.2995846101191465
0.49096542423103784
0.60287112056222059
0.77176112669962649
0.28315675295605597
0.854923707671297
0.39719599602774402
0.64928752384088395
0.75589801124748501
0.43924379784645295
0.29017122910316701
0.66683909921052775
0.13550687492640687
0.45513241313678721
0.28190909178370055
0.079567966174482113
0.34693986257899512
0.17677326695266915
0.23092971038395621
0.69813677325263734
0.32437530119350971
0.34424199121281102
0.7091641334186054
0.62983486788315346
0.41331788705854611
0.3186415148069256
0.82264395302238813
0.90661779066625636
0.82840703194362875
