0.41070473614643277
0.93166479087468479
0.26673061346171295
0.81240533853079988
0.41462810346315149
0.12200796465722488
0.28700305031080103
0.54309862695018418
0.50204192494767219
0.76773541364870934
0.2721499425655749
0.4870050955602967
0.290807924539984
0.31121930234371459
0.022199627108719106
0.1913595946611511
0.55982051733899918
0.055146598840901583
0.83682514722578483
0.58593759092574993
0.8299394752347844
0.77843067595659798
0.64015195737053165
0.55924127328807571
0.19565338740705449
0.94312552465787614
0.18250482428031989
0.30996648010525074
0.063872396791353939
0.46388457344761602
0.19355480971571182
0.22740777665848255
0.1729298378001794
0.73358169486732761
0.71173733235480729
0.63351005903490054
0.028959290355098942
0.03019564961767952
0.156631742573212
0.83682514722578483
0.54792542450103587
0.1286045725969546
0.39591894321251669
0.25433073854540056
0.23247136541440624
0.65723589442562202
0.51401164835356261
0.035573908974914518
0.67335311247442919
0.045251202324447258
0.5040471867115216
0.74267008893908693
0.49438738634768253
0.94616032246747173
0.56271938451949488
0.65367724571490626
0.97248667195128891
0.14599593425316418
0.097635961422202114
0.62900518550562257
0.011893921271503911
0.1814014320382126
0.058889839497826169
0.88346031929111091
0.46915482394798547
0.76885541882600217
0.64952481794509964
0.18579207597588279
0.72060108284481583
0.10947724228033955
0.62367360725139642
0.61751809068754437
0.46517249156344409
0.22517079802645867
0.65818473583580539
0.58008176418838908
0.53748575511363916
0.60039597573252634
0.94531966516527632
0.19629830128469361
0.82160799328063683
0.36119618210990567
0.90590282013446033
0.0676827850416407
0.22701174735175858
0.59333432969539568
0.59568645684418853
0.46077955578169061
0.65237225448282721
0.1437176341141766
0.81113874911188877
0.91874017649050232
0.9234861985146865
0.78130465168131014
0.98233840660283622
0.52201783125585521
0.61314249127382037
0.75793695592615129
0.057771406970954238
0.2677779617428182
