0.51378684124132867
0.36323720902483642
0.23775967002241841
0.63173157044396855
0.066872356789794266
0.48810371117251428
0.43105290205037516
0.14398942035144785
0.14485296873434989
0.33526350842682534
0.93560834230363332
0.37840099130004567
0.26323710379975768
0.34829410604101418
0.63362863539028669
0.38050386848813733
0.72803145673846625
0.64881293340854518
0.81240533853079988
0.50583251300016496
0.12583286597149532
0.71489096401464902
0.11492111989526237
0.21939750329508481
0.0091635963573444019
0.059798776506859018
0.53360318043164812
0.94398434649510954
0.11536967311314412
0.030708376460025499
0.4918474841086321
0.95537045283415711
0.55553838800212141
0.94471486470325416
0.02815120319270159
0.17807003568947077
0.23012856085914482
0.82769024884158382
0.9583314697086398
0.67690310197396775
0.69095585526578152
0.99977728846003522
0.076862299043954155
0.47207147002910099
0.85482755615400641
0.13628348842472229
0.41979147509464027
0.25620927272472604
0.77209580659247556
0.91131755178059826
0.77654617970041484
0.64928752384088417
0.10071746608677813
0.39161523201525855
0.16837863438367637
0.81597898399889868
0.28739767871625255
0.86924028076278481
0.91747543659877606
0.97412512244032501
0.42837588926167602
0.15682659448256125
0.44667712207203658
0.82347124512415348
0.56911191390621185
0.37792409128457188
0.39093321043381629
0.0013633431432579794
0.17855834889014341
0.33694021636247362
0.28276642157136
0.090204207930762531
0.60381448702005369
0.23769128224399816
0.69331217781449039
0.24432661485591931
0.52711721059935279
0.49162690187235047
0.012943819192387044
0.46937056608496053
0.28097601658275734
0.81377437121156126
0.27973547555120565
0.47695217189561656
0.67406330335496167
0.114995772873018
0.91620104632424737
0.1285634331914185
0.044754429332201855
0.97187213745904399
0.84930604180980862
0.91339422596344733
0.95941225169386302
0.28253241356402753
0.96082816829071072
0.73796083154422021
0.62225254094636129
0.65343997961637978
0.82243692466091056
0.68493958323151893
