0.713023
0.776102
0.836423
0.894704
0.054723
0.138988
0.058849
0.704126
0.994503
0.508292
0.198007
0.308800
0.848329
0.237076
0.408201
0.154309
0.740949
0.031024
0.701544
0.377352
0.601692
0.413016
0.325842
0.217160
0.964621
0.217223
0.685766
0.008279
0.542640
0.729537
0.524622
0.917997
0.112995
0.358149
0.990739
0.499263
0.886427
0.568763
0.928714
0.916727
0.964715
0.703305
0.007400
0.811033
0.394938
0.549422
0.614088
0.092922
0.473696
0.784278
0.097120
0.063850
0.191762
0.556116
0.260732
0.260878
0.391128
0.518291
0.394449
0.173512
0.386566
0.833395
0.181456
0.914538
0.143491
0.123908
0.014211
0.657829
0.116460
0.018237
0.955046
0.061420
0.933685
0.204901
0.945741
0.235307
0.178721
0.291127
0.687300
0.950429
0.489534
0.128399
0.766390
0.249610
0.579263
0.685058
0.683168
0.656168
0.021410
0.065730
0.390933
0.621779
0.432292
0.656880
0.308717
0.470558
0.292724
0.975854
0.661268
0.278268
