0.40900140710233079
0.77920542112147828
0.081501491934804535
0.077097662006921044
0.60818064025214458
0.94101051739111474
0.35897817907056451
0.037924090523527375
0.52450848638499137
0.58417942499418007
0.97236441352717029
0.964004436706419
0.78811662516208347
0.090204207930762489
0.99886619507078878
0.23789649158205356
0.67276121686792467
0.29280417454593616
0.48065584507823333
0.68812597842555367
0.11484650923233969
0.759294091121687
0.54884641507013154
0.68305005288365228
0.71967002459399754
0.7140738326200804
0.43239490605762892
0.58664118712298574
0.98205765095781483
0.24293254555600158
0.41533460678574335
0.67489174051548062
0.8029476430476441
0.27950332680197648
0.34289837016105557
0.31230798687546568
0.48568826675904253
0.93737209372467689
0.15804905383933759
0.32965774683252969
0.9658360093951982
0.81744393353447919
0.17844973924680479
0.43768203234519643
0.22327655442965494
0.57657497924345102
0.44091302653319597
0.65367724571490649
0.49151662755695413
0.17082477253543077
0.047440799445081561
0.00062434694383703253
0.70717364954925443
0.085667871330889059
0.42858148114607775
0.80753535268797727
0.12450650206634643
0.35402047286930804
0.24600765822102713
0.93724233091140041
0.97517122536649203
0.28542851748273523
0.43394625618882554
0.43446405757261686
0.99736117999172913
0.15459809884950501
0.97811875398617298
0.20368833940844619
0.48975376676560578
0.76267918842948756
0.92534441445417959
0.95617483468805697
0.7558980112474849
0.29723101788242096
0.42396913137367803
0.31071774242304684
0.22023339116178547
0.056870796029580305
0.36931126655468655
0.67773106971330599
0.26792783531448194
0.16022007188342013
0.87308812451439977
0.41503173384899589
0.59380460916904454
0.89285173626303704
0.22458157485150393
0.17462937574875081
0.30277095607829058
0.7519225404363632
0.77499111898641659
0.9928077494549542
0.025181485304290319
0.22556429150579832
0.46786140362661777
0.48898342333883427
0.8350123980494919
0.63102026219204765
0.95558575927962575
0.76324227700344971
