0.8990236625898399
0.30244303364106884
0.88346031929111091
0.70494690706528362
0.76526675568459024
0.12749779064788072
0.89918812987369334
0.32809284018889578
0.13180661023773219
0.78964649008811949
0.84901323498360148
0.53474406649189921
0.0011961506327951748
0.58394509303556508
0.83319245168490674
0.33000620280308912
0.28487893532112529
0.48426357129693065
0.63600040998073304
0.42335628963524102
0.21811644808850386
0.26561188370825961
0.81156124979118349
0.42253995361790492
0.3022791682316977
0.65735450304392018
0.10784287592762039
0.088027832461158043
0.83278704999254127
0.27298511086993871
0.49926257661835582
0.55357429846204598
0.92498886103266043
0.79951206943384268
0.37402789418092275
9.7805687545235578e-05
0.24078393120107569
0.63801674642052042
0.48601731907064161
0.28890089843565214
0.72490078967569782
0.97240520234153305
0.45354070333448526
0.096734336571332249
0.71197110303334776
0.12967819315165188
0.93949266137474807
0.67086674207233687
0.12672388692723793
0.22301627192813295
0.52882118885906215
0.21198764106368717
0.12876924389987857
0.031619510061973735
0.064160139029758714
0.30400294072830869
0.74918846908336856
0.84891558435546033
0.11820788572755805
0.16988447743138377
0.07717626028913542
0.7399154665591634
0.68009587293986473
0.30457909649103715
0.27703596326868624
0.59804036380961523
0.62284461357617849
0.80785416557006129
0.88651417126982524
0.88416149034303304
0.57062578051042945
0.4989295069577846
0.3035097157149701
0.14340110312582036
0.60759033355702474
0.32800605188069654
0.74896034209468643
0.74198197562855417
0.20894446577863793
0.073308481247088775
0.79735577072597308
0.89268260785342157
0.7974637489616957
0.27857616085996295
0.64916887649405264
0.98205765095781472
0.16611519429815183
0.047021910498942034
0.34757140287351729
0.51795220215298388
0.93200372607076609
0.89420039974419507
0.95290796631941554
0.66174224997969167
0.67489174051548029
0.48032850131494198
0.43539696053150478
0.18057750330370451
0.47684344793146249
0.12025004672602335
