0.433636
0.788882
0.725829
0.097604
0.456727
0.044342
0.063784
0.662216
0.762792
0.783509
0.225893
0.877157
0.108728
0.585000
0.011036
0.146317
0.591336
0.385214
0.439035
0.994604
0.222821
0.178341
0.808279
0.826151
0.868317
0.102729
0.611370
0.863755
0.899599
0.707876
0.303263
0.977113
0.341915
0.098545
0.086072
0.669090
0.999173
0.836322
0.581369
0.062777
0.473804
0.146180
0.145629
0.851155
0.564461
0.696255
0.453965
0.140623
0.180852
0.478584
0.261246
0.769191
0.751923
0.270636
0.160419
0.452799
0.807216
0.080461
0.670275
0.157559
0.601103
0.576341
0.008128
0.218180
0.325151
0.458325
0.731849
0.469802
0.539889
0.916351
0.867947
0.218244
0.201041
0.849404
0.320602
0.097927
0.379069
0.917774
0.132819
0.113400
0.323687
0.950714
0.862440
0.990321
0.453011
0.837829
0.186917
0.263311
0.726177
0.115820
0.122994
0.439244
0.635407
0.284487
0.056554
0.582891
0.359163
0.549307
0.972364
0.314409
