0.015163
0.959921
0.192224
0.067381
0.959921
0.496047
0.234901
0.020958
0.446887
0.356585
0.151542
0.634696
0.591806
0.468616
0.352743
0.632680
0.781746
0.956228
0.088412
0.067636
0.649999
0.981995
0.264571
0.937502
0.892936
0.555770
0.845975
0.853768
0.677731
0.199549
0.680332
0.344960
0.209130
0.589223
0.231599
0.289297
0.176504
0.604050
0.832280
0.266507
0.071674
0.765267
0.857128
0.837829
0.277267
0.302361
0.572607
0.478476
0.901315
0.884336
0.211239
0.834002
0.863661
0.820466
0.002638
0.862816
0.921386
0.816084
0.695549
0.249681
0.757031
0.258098
0.988269
0.794759
0.036619
0.511204
0.854828
0.558083
0.366500
0.241337
0.289615
0.165197
0.822230
0.788226
0.075901
0.721997
0.973810
0.078763
0.953627
0.907014
0.918814
0.528594
0.547580
0.686120
0.710100
0.399659
0.812616
0.605230
0.120289
0.052373
0.449416
0.945380
0.154887
0.786145
0.989935
0.819738
0.051386
0.190212
0.478149
0.690013
