0.96466832026644955
0.28339114263130971
0.11156889156191481
0.041060900938509136
0.86300385600199458
0.73231156382095564
0.41685089891507621
0.98331439929129072
0.75827640313984468
0.78647403291415907
0.39249319171973152
0.30039930671214654
0.78075274316447363
0.63967744548556604
0.28503587921932916
0.288583953186616
0.69060225426228072
0.41482989004645809
0.68918746517823815
0.21614258589352478
0.47207147002910121
0.820466086178125
0.49030435112844717
0.56911191390621152
0.96629669417442798
0.2896149574229635
0.10536231802588099
0.50616756041539279
0.89869435523258712
0.067519990675877536
0.63339148393613098
0.38098282032966152
0.92857516676751606
0.57447344745804352
0.072809520739971462
0.33473520939617085
0.23435903744663364
0.85931943934776733
0.5558852153316709
0.36734174585975271
0.30482625992218887
0.38261409133031049
0.67808586856272857
0.11604536768242349
0.59733400928043801
0.64133828140461979
0.81198344656917465
0.074747487073750424
0.50616756041539301
0.23591857785819317
0.51581154096418591
0.1912446226732625
0.70330479133886348
0.45226943111010731
0.95515456134929999
0.22806903520992008
0.53052722114066253
0.92269308651042581
0.40342010278215656
0.18663553146459311
0.8277927101399517
0.56981048709952598
0.16724371537957164
0.69236986413092405
0.47391242482560481
0.13658653450849267
0.067264887965714809
0.52507518069461634
0.0020959330078626319
0.093418609892845825
0.99648749810001558
0.045010196076329591
0.23226982349158937
0.85922445152298277
0.23408863790480092
0.31239184356943306
0.83136538997460341
0.85405744579463727
0.75396883424804084
0.024682523722705019
0.52179163587014077
0.45100002965199326
0.38482806411714066
0.38002529607356744
0.64632131129344383
0.69872456731012411
0.34712022407081672
0.90277479016291051
0.36156671936769746
0.93288086342451015
0.9838188515897176
0.80251918543584466
0.61408823323103068
0.53851516956562939
0.55011359727648657
0.78953731803026217
0.71115279025725164
0.28621498783838584
0.098642858458281413
0.73531191307331722
