0.96007321279417013
0.46517249156344409
0.79084631877444189
0.8614970635151834
0.13017631272618016
0.20962455717373568
0.70893005244465868
0.088767838364649701
0.82522485029828474
0.80551236432126405
0.5699269384355159
0.069021693130999942
0.032686601125733426
0.93494856141549187
0.35990125880261647
0.84676118392724264
0.85386466919386339
0.59110152504048541
0.61680827371392932
0.080216896957323286
0.43986935471070443
0.56353184671158285
0.39278611339263031
0.59674549918834685
0.083505161587696983
0.74861806962194477
0.99645503390236889
0.32446142152749385
0.94651843634960375
0.0085219426387995525
0.37659079756163433
0.78416849574348313
0.45555735895661809
0.3079694362621086
0.65616837551801965
0.6520163369830998
0.10626480809118972
0.58711035446582738
0.079460270427015048
0.60794450718944337
0.78174590880313277
0.29481039273534432
0.15918079516495648
0.19553631577380462
0.30490867967029944
0.36584572426510681
0.073333510075270517
0.82160799328063683
0.19291725002044044
0.5254153095948555
0.47034201231037576
0.60263531749279742
0.10095034041552199
0.6112515932981939
0.97754733450777653
0.74163778247821577
0.98097204571529395
0.042863229084462738
0.79182653693674099
0.45715273577770521
0.32974483700337298
0.91642663804390145
0.17229606501976696
0.63327291010460895
0.22879816765305291
0.7463337652631622
0.83369870957270842
0.46324128928235708
0.1430851668972557
0.55588521533167146
0.53291907242337777
0.82686979645159298
0.9917493945888548
0.67228765572049931
0.30871724997355965
0.15173162341937538
0.19332277128930081
0.97641452969619513
0.18068718170569154
0.57120832353444806
0.88231696417037564
0.90558422389501569
0.65438902904862539
0.5978048951495728
0.91740073918027765
0.57004339616926636
0.16678127564528686
0.15663174257321205
0.58406225633916187
0.088946262890656602
0.55438277951459036
0.48568826675904253
0.49471911085969755
0.37849641697136976
0.37270337185052554
0.34504986527712445
0.10272900601235951
0.37119331173468495
0.14640927659592665
0.87499388916634602
