0.15643709485568316
0.58453096297870377
0.40183385036993891
0.23032864322963972
0.79811125870008603
0.024300886246386374
0.45598251050617211
0.15315918928617372
0.59745172429288917
0.2676281512808974
0.80026513783910291
0.056297222520970039
0.6381353626103603
0.27965807675383902
0.083730492038011306
0.85655444815918391
0.65545665763849248
0.92598224994504774
0.11178725358504153
0.45163449607716322
0.56725019328161885
0.03515101491798537
0.39278611339263031
0.31609733618967994
0.0016654885969209958
0.25649921579213469
0.13628348842472249
0.7182725394587437
0.27557865237659435
0.32480606200315004
0.28519288677704407
0.84082729999743444
0.96485668513739153
0.49881850538171857
0.62201572756192647
0.19553631577380468
0.64015195737053165
0.31516806716775347
0.18804827232098006
0.32248468113294571
0.12506771589446322
0.81208894817185673
0.96894054183646439
0.49295106594177629
0.73346627365490846
0.14115741837492224
0.86960880910454563
0.0098858837667930213
0.94580090752585244
0.74060466148301407
0.42499165543744777
0.81545485499672221
0.44646681434110802
0.29553507225004455
0.43456765885335491
0.42734876278396167
0.94019089883232587
0.90772480313557224
0.51998345244365307
0.046705837664779877
0.33491124570679603
0.02453647810321324
0.14599593425316418
7.0506258678035446e-05
0.21862815427913262
0.044642953951139701
0.95184605643163234
0.39886975942861519
0.3903492033585092
0.43903538678054732
0.73807588768098431
0.37945151036845359
0.8678544585679121
0.55715748239253848
0.70083954187027442
0.16489135059106688
0.8358189577493973
0.77387865783153864
0.81493023793309827
0.72362362575437489
0.60039597573252634
0.74117871755811771
0.40153684588126298
0.29033030731920578
0.66162368454081555
0.63517023751817092
0.86403589904069134
0.76504201925633741
0.59674549918834685
0.16002167572132445
0.69142726226798534
0.20900621895125454
0.68965912926763195
0.71734029404557931
0.75442306099955947
0.75078412381130755
0.3070571981378587
0.98557702465956942
0.53200742581483929
0.60322485419487437
