0.476626
0.010519
0.092768
0.002451
0.477605
0.971333
0.956865
0.951452
0.540003
0.667076
0.647626
0.554498
0.416244
0.511204
0.795084
0.252463
0.318727
0.112225
0.490415
0.542869
0.060974
0.001273
0.139164
0.766502
0.108409
0.519532
0.257807
0.915824
0.421215
0.238856
0.751126
0.068880
0.530413
0.984285
0.044659
0.193671
0.647982
0.889960
0.854250
0.175377
0.398574
0.001202
0.117521
0.516600
0.201880
0.943002
0.969419
0.365846
0.517839
0.409202
0.844793
0.658185
0.789428
0.117597
0.525642
0.972037
0.424889
0.468400
0.241752
0.813985
0.019480
0.918962
0.567367
0.468400
0.617163
0.759068
0.398574
0.209810
0.870161
0.452481
0.534174
0.761214
0.570509
0.725945
0.672051
0.538172
0.674300
0.090265
0.273594
0.031654
0.154550
0.061506
0.363423
0.971291
0.375450
0.810081
0.616335
0.973253
0.212175
0.234697
0.043171
0.215509
0.168482
0.916276
0.681869
0.827178
0.755558
0.969333
0.309883
0.563996
