0.073760
0.290171
0.691192
0.668498
0.370252
0.056891
0.019407
0.520548
0.065053
0.512327
0.053942
0.052410
0.273137
0.486346
0.087469
0.273137
0.651660
0.898034
0.575057
0.110627
0.038323
0.502153
0.050009
0.192108
0.560864
0.873270
0.726641
0.064471
0.081805
0.356035
0.980874
0.958383
0.733466
0.893105
0.260071
0.488324
0.429919
0.802090
0.410604
0.669327
0.760762
0.668379
0.888501
0.086448
0.399462
0.805406
0.087763
0.058115
0.203205
0.141380
0.263015
0.714424
0.029248
0.312057
0.365846
0.677968
0.765267
0.358333
0.335881
0.333241
0.613615
0.111025
0.937825
0.205753
0.759633
0.748390
0.992436
0.942260
0.014781
0.565623
0.767623
0.681869
0.247415
0.670156
0.300155
0.471098
0.413318
0.600278
0.540003
0.467754
0.851544
0.016423
0.589223
0.140979
0.958020
0.413419
0.568530
0.409802
0.323515
0.162366
0.484702
0.680923
0.514686
0.128481
0.399067
0.066367
0.420300
0.728726
0.942879
0.579497
