0.459711
0.324203
0.110231
0.283939
0.465602
0.504493
0.656287
0.007106
0.019976
0.312057
0.171507
0.110844
0.397393
0.943740
0.362401
0.683286
0.410504
0.928506
0.685884
0.582188
0.598511
0.919184
0.436227
0.032544
0.404811
0.031149
0.368279
0.888243
0.847938
0.185232
0.629124
0.427451
0.852125
0.837829
0.670275
0.470882
0.807748
0.339510
0.558431
0.324375
0.531210
0.747134
0.067034
0.472180
0.667195
0.069330
0.552305
0.592394
0.140401
0.833699
0.342451
0.456408
0.299259
0.626635
0.700605
0.631020
0.660438
0.809658
0.715474
0.898117
0.124387
0.233279
0.927530
0.894956
0.641101
0.747933
0.946459
0.082109
0.999052
0.916577
0.406105
0.067242
0.657710
0.541378
0.249894
0.082387
0.179320
0.951508
0.327052
0.528821
0.908512
0.864784
0.013460
0.418168
0.744618
0.814615
0.944167
0.188332
0.138154
0.734735
0.183503
0.753628
0.996119
0.567134
0.317029
0.398673
0.228003
0.746791
0.492841
0.425708
