0.907172
0.500040
0.673471
0.063410
0.047239
0.846859
0.965278
0.104741
0.324289
0.451106
0.638373
0.444576
0.423969
0.097249
0.050918
0.976042
0.622963
0.321457
0.183225
0.470126
0.362123
0.060321
0.959002
0.824504
0.138768
0.691427
0.980842
0.730693
0.091052
0.291047
0.248758
0.067450
0.699430
0.815979
0.445206
0.671814
0.269731
0.785048
0.229862
0.649643
0.539545
0.845581
0.667669
0.020014
0.741867
0.938341
0.340400
0.138549
0.533717
0.137456
0.166371
0.890473
0.926758
0.538515
0.380695
0.096606
0.902370
0.809340
0.098675
0.488434
0.044452
0.941449
0.219333
0.723507
0.387922
0.432498
0.357873
0.892767
0.738306
0.452481
0.849794
0.202241
0.316351
0.467323
0.065413
0.714307
0.305486
0.448783
0.594863
0.741523
0.516037
0.456302
0.070796
0.071380
0.209253
0.743931
0.872815
0.221589
0.065504
0.611252
0.904465
0.677140
0.006508
0.308302
0.939874
0.494830
0.537714
0.338623
0.323687
0.272378
