0.73127155895601148
0.60652800203682067
0.49494031577142705
0.82861163563933948
0.95031439957583808
0.073208442994122283
0.38213385131429289
0.76638965876527498
0.86140266812683353
0.45939109546234869
0.96747740347470568
0.26770304862353067
0.46570965375904561
0.79171768905246165
0.32939657161563757
0.017096243858827478
0.75918106330359847
0.98442864393157592
0.53965977319173875
0.35456908174424812
0.72129905750684498
0.069282823134124774
0.47120635130016542
0.23659916211592488
0.65557527929716741
0.026072732871718803
0.66719457392541115
0.88477348905069486
0.73254257785760002
0.87336112286298095
0.021425693412560242
0.025472194241593422
0.41261338999193981
0.62177892325330009
0.75021449620518033
0.17377788116365689
0.72594501412448498
0.41695209912051795
0.51457384102408232
0.39749105574454907
0.9275296771592082
0.5466598906030431
0.1558058982831968
0.43094976734758905
0.10450090512227836
0.015769399312385416
0.5189674338313448
0.5097472111796848
0.67536507421379488
0.30490867967029944
0.42448021837586286
0.55230457569579117
0.63860983565071106
0.40770168329655071
0.2350361051751908
0.89004571216318662
0.68753612104667172
0.83288843330793749
0.54447625428145563
0.3246337099383288
0.035845484092712217
0.91896236086911975
0.78207669372581756
0.22100722266682507
0.43467127379355064
0.018902105666454994
0.10061780809496676
0.15196876583012764
0.1237483451913826
0.59556880759668474
0.73738540684691922
0.27443218574850126
0.61113343881632431
0.81187792591546915
0.82820234305312213
0.79410854155380883
0.27849900022169249
0.13828553333660643
0.42223405959693844
0.47597408591695223
0.50907522182478149
0.46270556381694605
0.67003772236286574
0.47142255797965382
0.28945616609659697
0.93084778393038525
0.69437192827370842
0.48909343843325748
0.91062002894416927
0.86309780900141542
0.10837345276824267
0.72315896309037131
0.44667712207203658
0.72872633256012831
0.57599102611174779
0.80721637375488653
0.38290241694793087
0.27268119176268368
0.80026513783910291
0.94337162153739151
