0.849404
0.908904
0.807216
0.020347
0.257371
0.596275
0.532235
0.657473
0.392396
0.234494
0.194485
0.148770
0.175859
0.262572
0.341112
0.255920
0.654982
0.130426
0.772319
0.995345
0.588284
0.193845
0.719437
0.054915
0.798866
0.883197
0.041194
0.119824
0.371570
0.266581
0.244327
0.372987
0.707291
0.690131
0.862628
0.086855
0.125591
0.968236
0.865345
0.293926
0.969593
0.994023
0.484702
0.139649
0.679268
0.370911
0.115370
0.353199
0.850280
0.567367
0.029109
0.778098
0.886948
0.816817
0.801661
0.805299
0.142051
0.207344
0.782518
0.557389
0.975438
0.173831
0.321371
0.963766
0.788007
0.035240
0.038977
0.222886
0.069473
0.054436
0.760085
0.266581
0.947762
0.079784
0.304250
0.603343
0.109835
0.472396
0.286924
0.983701
0.176235
0.579731
0.341469
0.917923
0.132649
0.736579
0.933485
0.227408
0.713490
0.664943
0.719786
0.292884
0.273365
0.975854
0.303592
0.929060
0.908040
0.492068
0.307057
0.359347
