0.380504
0.036421
0.433636
0.482622
0.386760
0.200503
0.926335
0.287082
0.134820
0.698842
0.563300
0.591454
0.514012
0.358149
0.460993
0.078497
0.755104
0.841424
0.681396
0.452481
0.798543
0.798435
0.911163
0.855404
0.627939
0.292244
0.786145
0.869977
0.243559
0.895959
0.116083
0.355118
0.396213
0.930506
0.597334
0.146271
0.990882
0.307637
0.685412
0.511541
0.723275
0.387244
0.627109
0.730231
0.143401
0.851253
0.216206
0.773211
0.369969
0.088887
0.021514
0.899599
0.192224
0.788882
0.213365
0.294810
0.474888
0.299503
0.521000
0.834811
0.281676
0.559473
0.495383
0.110735
0.746791
0.503490
0.919995
0.963574
0.219719
0.887034
0.910231
0.584648
0.228201
0.601574
0.325842
0.921313
0.501708
0.175806
0.617636
0.698254
0.658185
0.306064
0.596275
0.686828
0.228997
0.759407
0.789974
0.372514
0.539660
0.783839
0.650711
0.448889
0.388503
0.076316
0.468077
0.361381
0.825019
0.324117
0.058460
0.271923
