0.12502755666578291
0.25096169501269877
0.70119186920131038
0.82584233402180163
0.35787253763289406
0.79605870303493176
0.44730836221353532
0.5699269384355159
0.15977397102461302
0.52882118885906193
0.96390901108797422
0.84498989937695623
0.8016614178360344
0.1664223395614455
0.8660904306152698
0.58136887223290801
0.14182735423324785
0.46893913091360906
0.60263531749279742
0.61349712209101226
0.49284065755230277
0.35456908174424812
0.23639482612980528
0.11153253421603204
0.26065812715588332
0.94852313475239414
0.79918906490859176
0.24161389632653726
0.40960210509810474
0.031389387780915781
0.44552108439598159
0.36128879313635426
0.59251151942500435
0.24300210236367689
0.56376404056659557
0.54884641507013154
0.038613658471719686
0.058379032942318533
0.67051146139753748
0.49151662755695436
0.34451114083426987
0.18924173820684642
0.67891362639461539
0.097894931249803793
0.82676714486465908
0.51637452825769392
0.71185422100426488
0.95417581237228222
0.72408816122467146
0.49074502152201172
0.88953201874150278
0.13925190588489766
0.16843037399367464
0.38088699961915379
0.3250647094432132
0.66861629666444422
0.0053631750613970562
0.41100575682213591
0.49759820422888945
0.60499403624063108
0.78559654008937074
0.69189859882235549
0.43934802361811476
0.38540693563994527
0.57004339616926636
0.9416368797310164
0.28097601658275734
0.8560755723740221
0.57365671322537903
0.51053166457923638
0.88028219190666301
0.76907925953634693
0.97854142050144255
0.59521588664537006
0.77975836929866216
0.78306823223500133
0.047155582649167187
0.57891225907721044
0.4217245177723532
0.56202325774364781
0.48437309398560735
0.9256991107240311
0.081007355616020585
0.29747387039247175
0.042832599712594351
0.58090075455802093
0.28214271821578352
0.74232607790547833
0.04976279249475736
0.59298166872695168
0.29033030731920578
0.61751809068754415
0.14398942035144785
0.34075595649056251
0.26815276401638583
0.13042599065935426
0.46581712350077453
0.82171168112319748
0.94483611329203054
0.78328840711899128
