0.978751
0.813880
0.750556
0.003126
0.096542
0.558431
0.793892
0.929199
0.889789
0.315928
0.705416
0.310133
0.583945
0.991084
0.054915
0.221072
0.593334
0.382134
0.648457
0.892683
0.446887
0.777766
0.517952
0.453435
0.479456
0.041223
0.965604
0.548271
0.265984
0.587580
0.394155
0.798219
0.400548
0.494387
0.034108
0.780200
0.930437
0.515361
0.288109
0.051441
0.061144
0.813564
0.053003
0.644186
0.379069
0.050703
0.500485
0.164891
0.043217
0.525642
0.087645
0.802948
0.066826
0.901803
0.011762
0.990943
0.611133
0.422540
0.129595
0.260732
0.534630
0.699547
0.349289
0.424071
0.318471
0.973413
0.143401
0.873634
0.399659
0.243838
0.920582
0.584179
0.326533
0.685648
0.607354
0.814720
0.299097
0.990108
0.056573
0.000829
0.595686
0.741523
0.238033
0.877336
0.573890
0.867391
0.476191
0.084609
0.883723
0.964763
0.224778
0.598982
0.646203
0.063740
0.343615
0.136890
0.867484
0.676312
0.878501
0.011626
