0.59784160994178226
0.93196873178737971
0.64147211309365548
0.88258909462221413
0.57136637936296841
0.48999479940398349
0.37389383874454452
0.99672014566657474
0.68454139721720364
0.10308822130884168
0.57647387238429348
0.70306132004119681
0.57480540646932676
0.95247926106966296
0.82728366921428553
0.5993926273963569
0.40989115329640036
0.96607911640714705
0.46899065999804557
0.44147537416205096
0.017410446754455161
0.47217126363273221
0.0048171959316244068
0.75196657953481172
0.9874804527807064
0.97838954459806382
0.50176220725161469
0.8607644893458708
0.20027791204661691
0.59822950356449334
0.20771963763688758
0.27883814744456986
0.072305910889128147
0.87478272780951793
0.5505350081630549
0.76740217526422194
0.0023419821651630914
0.95066262699636694
0.42166296471271969
0.6104950324210745
0.090749466494474476
0.3453075549690578
0.81649154050121564
0.061476805376772282
0.25916910741302102
0.078245742171392421
0.98486562098153196
0.3035511452472634
0.81902840633356
0.81060150719165447
0.29115500622357876
0.13843947759716366
0.42176057591109178
0.50116372555852973
0.18161090512361927
0.074188289833756554
0.67645960813601369
0.11354511851811137
0.23222584800685142
0.62494090675114489
0.39100623220081476
0.72124638940658481
0.70670602513625613
0.91189483347775024
0.93768084082487368
0.61768988647099321
0.39282604755385658
0.23063848048008159
0.23871352234478371
0.23146919062801277
0.011421295172685496
0.7252047117628142
0.25206492019624388
0.96253870206323322
0.11724339011585172
0.24017735232101958
0.9538249575646397
0.66929780121504556
0.99918327241837501
0.79491592789706411
0.70288725723732792
0.30861111418609188
0.32124464647793383
0.66747492010804632
0.71444682899736722
0.25628288948604766
0.62084341385402519
0.59415207313591556
0.19036491539941408
0.9062944825461352
0.48212292034352344
0.610879703388576
0.36412007956862025
0.34173614226812715
0.61587078360642966
0.90017147120577468
0.49607704800520552
0.93286512181484604
0.27800406447757309
0.74295703174330763
