0.080427781059266526
0.008078961405036892
0.6205265583897539
0.83813888513152779
0.14284736537418846
0.88589913954755195
0.47341976250878948
0.39154316214814316
0.61616172671912284
0.36182538965664363
0.06780701797684037
0.31917020535545865
0.82946261110544772
0.93032644644255591
0.69462820615990983
0.35109494115880402
0.3471848484002234
0.60866331439321941
0.49409699912232602
0.69062721652902181
0.61886863875530262
0.87529604470074995
0.90985095711145714
0.48109549430326343
0.52571866960354807
0.37742358265295467
0.26748829262561929
0.090882489284714749
0.61226975790654015
0.14484618532198135
0.99708797081182687
0.32674408352094853
0.3929059073529948
0.75661605240098861
0.33121992883320606
0.08738061998867401
0.32606285805241914
0.43306562509866492
0.29700170751687455
0.19785784761524086
0.14862971567355351
0.041230715925709538
0.91754636613572493
0.69307175467420623
0.49237507352557069
0.048227011306199712
0.12081849429845545
0.76439684151388998
0.70196252472010534
0.44936903449848858
0.57937687965148976
0.76181779227215674
0.078289519733422547
0.23859814004244143
0.93782163073461733
0.30476598410626166
0.78588785105718761
0.14083205034156027
0.95629005504328091
0.51168906140718917
0.99385611535142249
0.16582897296675375
0.75026179151156547
0.21084433528785118
0.76267498247953469
0.79655252656252618
0.37801213490426827
0.46703558548995522
0.19919058013244814
0.81075087443900595
0.48092227546466121
0.73722614969412192
0.36967178077399288
0.022481958357186523
0.06856298711024808
0.79936286530375145
0.80946993749614671
0.64248973607705584
0.11534724080297666
0.39579670738224548
0.98295160908111989
0.58739599235789197
0.86227848016742836
0.031755108340915092
0.93527947161522929
0.96524758072401384
0.7164402921702494
0.51436180748557092
0.081154485953292901
0.92797860342349758
0.54592731598222588
0.676019295501189
0.81586436584651623
0.20072463793070405
0.37715387583837179
0.42813656904295067
0.59296085346698701
0.072868314321535649
0.81796156802624087
0.16325433894791311
