1.3188122674659164e-220
5.4035231663644633e-266
0
0
5.232417419711928e-94
2.843016242796009e-227
1.432805997066433e-240
6.5872497027029176e-263
0
0
1.8259015298074732e-90
2.2392192095541865e-228
1.2895672488504212e-240
3.4940904014461244e-276
0
0
2.2465254097070175e-107
5.6580441304414417e-241
8.1414342511801447e-231
4.3703065553287149e-269
0
0
3.3484581383553738e-100
5.0359493900471899e-245
1.5554207866857673e-240
7.7092739648077767e-291
0
0
1.2958479721579561e-96
3.7379804685113511e-244
3.7179919039933765e-232
7.3331265994418775e-259
0
0
1.5543483599427373e-89
6.2530888911104381e-243
5.3617253267881854e-248
1.6510969498663682e-271
0
0
3.2821176380262336e-105
1.7297160845687561e-231
8.4276152841235086e-254
7.4827574028695857e-263
0
0
1.981780985987802e-98
1.306468103306128e-236
1.075055978231787e-234
1.9813206202401309e-266
0
0
1.330125577254303e-99
1.4661183191573847e-239
5.4985896153194319e-245
1.9146117872668258e-273
0
0
7.6125178816705636e-113
5.5196127480632224e-239
2.2585232225284012e-236
4.0720094146995647e-272
0
0
2.0751797461308994e-106
9.2150141569087171e-243
3.4427811854990763e-238
2.3100316144571081e-259
0
0
2.9111634240040649e-107
9.833543093611216e-243
1.3886977983595215e-245
9.9580217782185027e-259
0
0
4.5575492711806065e-101
4.9923573106230236e-222
5.2919960080638574e-251
8.9844204522905576e-267
0
0
9.310591875221227e-107
1.4434823267671636e-243
3.4893860914889704e-246
2.0048846515884402e-275
0
0
4.4425643689216957e-104
1.1082801828461233e-225
2.4752732416276544e-243
9.418347130526191e-252
0
0
4.2206218688085733e-90
2.6705932300017645e-243
3.8729798738458809e-220
1.4411905503179323e-272
0
0
