0.53852742752533933
0.7757865666573841
0.92607719150712497
0.10635658322685035
0.096562245791914622
0.68641497746933267
0.03084144374315459
0.78855107715695061
0.30660005795120454
0.86852197091544925
0.36001186867813872
0.20914207038905197
0.57863113809576583
0.66692729922936123
0.14662479827488636
0.11245689060305372
0.93601081230108196
0.46660667190048377
0.53126733086664613
0.8281216832487619
0.46789783665232038
0.086593775732884834
0.45510461399559121
0.34981480746624255
0.99595333580288004
0.64372011656877992
0.35517812226059819
0.91599828970768749
0.90189334645787134
0.34338270443614527
0.77954098789626791
0.45154291393944573
0.80341166089139504
0.2728605798759301
0.27253039871824769
0.46829519570174782
0.56841456919602185
0.60171633529831214
0.25612304474998021
0.51313289013576502
0.19327232699390942
0.17153658484171161
0.46759984111438996
0.47843886835686106
0.24584746812583774
0.15185315614034603
0.11440204337444544
0.70627319900078223
0.90923006880850643
0.90620959894866027
0.31406137408646745
0.7402708603471706
0.10567891527441371
0.94911149450640386
0.62930922336453676
0.1396989962535648
0.65857973259017055
0.81936058009754598
0.88452311946066198
0.12217374232270875
0.77669087792177505
0.59764762852458575
0.96898597362476135
0.51333233841888748
0.85980877719874171
0.34935387300089848
0.94929751932054474
0.41241385689527588
0.99446007327811448
0.76485377597683613
0.20828791471198393
0.8414852739232519
0.096267312477875441
0.86781936341264798
0.93839498274030597
0.54389070556953523
0.92145692766620102
0.85264617325742376
0.91866646042871769
0.21750607599043328
0.67356611937849331
0.22242488957876616
0.37379944861487741
0.75538101193799956
0.4016715811710696
0.084436851998631574
0.34705263508308898
0.40061109612898765
0.81271330937395414
0.55429778015760234
0.88633712273606391
0.06950242912125848
0.1973747412870922
0.38584776340521126
0.14994287623960539
0.44591233307876421
0.83176568085225167
0.49099169974614171
0.49906910325954346
0.914778534462791
