0.49800708081781353
0.70867996953707135
0.53642393882527495
0.17524073404548157
0.56816159321064297
0.98457300985085916
0.99424315943024033
0.71729265813526411
0.14076207908890012
0.7748914234944988
0.61523442201747947
0.68719884682452181
0.75909919941714954
0.57634498012589463
0.71448247724806935
0.74216671184753435
0.88342739531061287
0.77643888270709227
0.80416319112525758
0.63843211341960804
0.2287493162425554
0.15645476476189912
0.071937549915296217
0.2125987048230962
0.2701900842010348
0.086102347581327537
0.44100712007657916
0.63436019195197635
0.5962159611014628
0.47823985982780559
0.60925554396658255
0.55459019409624921
0.5686517644020217
0.30240246957488637
0.29085975745821502
0.54614144657742392
0.76877696958277586
0.66055693750378541
0.76736062957489304
0.50033024906835677
0.74852062758637028
0.81149675170707558
0.061824926288261049
0.18666096546134833
0.14465052125059802
0.27103206793268497
0.47105593825722758
0.11139384040434665
0.15971218225824155
0.80684773166734736
0.38338959663214828
0.94229646504880005
0.93189307219002049
0.039970161982053665
0.45196916422553102
0.10642532554814234
0.36357202298947744
0.87627762202405279
0.95687157055191396
0.4350487254968628
0.11239167447919596
0.93429782815399942
0.10313261266916299
0.81859447279795572
0.34435879201781017
0.94668947067099773
0.056155231087273605
0.38297609542673683
0.7551165802640637
0.48914822209775111
0.97935672401651941
0.82340037315421455
0.38687571462568016
0.3354055288483398
0.90024614850028639
0.58036412798053427
0.50456939397200817
0.8373451723659564
0.69727841102445698
0.68214143108671599
0.83031430849995191
0.13141207118116227
0.26123014533199268
0.20496342539827581
0.39278409644819273
0.86470739655954942
0.78595582704632638
0.66620770559355624
0.43622395252184398
0.6671421085446414
0.041365932359255515
0.55400835195598019
0.9970465606822051
0.12764354450132689
0.9823397289178214
0.4791068908283288
0.19043967846775686
0.50268155786023883
0.15037329781018205
0.77705456697800146
