0.000000
0.000000
0.533514
0.635816
0.000000
0.919140
0.000000
0.601450
0.461001
0.318418
0.000000
0.000000
0.543436
0.000000
0.000000
0.189876
0.000000
0.060035
0.672058
0.061899
0.167930
0.000000
0.048640
0.000000
0.000000
0.000000
0.818869
0.991751
0.248434
0.615457
0.529524
0.918028
0.000000
0.599704
0.000000
0.000000
0.246472
0.581554
0.393911
0.191054
0.000000
0.000000
0.000000
0.000000
0.099534
0.932764
0.518501
0.106417
0.128207
0.566233
0.338220
0.000000
0.000000
0.000000
0.708561
0.000000
0.766469
0.724048
0.827000
0.319333
0.291674
0.000000
0.348042
0.065014
0.602638
0.000000
0.000000
0.073024
0.394670
0.912084
0.000000
0.241683
0.000000
0.000000
0.590460
0.991747
0.000000
0.289809
0.140191
0.000000
0.982528
0.000000
0.927422
0.465684
0.704183
0.772554
0.980900
0.000000
0.000000
0.345897
0.000000
0.972472
0.573847
0.263614
0.000000
0.237318
0.306170
0.622756
0.495569
0.000000
