0
0
0.65569307347629813
0.77055928789781791
0
0.96642469133893438
0
0.062406979992464813
0.15120325378379815
0.42422903042326621
0
0
0.69344112065832619
0
0
0.48207872441204214
0
0.35039645461550062
0.18058030756087362
0.64615269137696851
0.1943836733543835
0
0.29518330823145839
0
0
0
0.38906783710076603
0.22340695280409806
0.43615944228380432
0.44269112480468875
0.29223862724026373
0.66827398323724085
0
0.50732804040666446
0
0
0.91273733065693086
0.12111919010380169
0.97583494479461319
0.94772041081937786
0
0
0
0
0.80649455304848505
0.97278281092594787
0.5997062727061595
0.70698738790051607
0.83675365391199619
0.28281106007587453
0.7415993307110359
0
0
0
0.69773269199196897
0
0.12559327678950413
0.097594688325695289
0.055439245679110023
0.91828134870736067
0.85373024683222543
0
0.43738510237023387
0.7481473392323128
0.7563737073843938
0
0
0.48500569744341182
0.67450117669028375
0.14084722714649855
0
0.16027895815570553
0
0
0.28139199114365537
0.60496555015147757
0
0.065218044636758218
0.92006525676183593
0
0.32216826219961964
0
0.64622786766196472
0.85059962873567874
0.26588464202765316
0.959359985282353
0.50354572786531582
0
0
0.32499048893263593
0
0.59386035245958746
0.28136617874360981
0.99745334731235613
0
0.56469328829411736
0.031415132797584344
0.6451920320997282
0.73856843226409019
0
