0.000000
0.000000
0.857133
0.510692
0.000000
0.644590
0.000000
0.237491
0.917037
0.714558
0.000000
0.000000
0.129963
0.000000
0.000000
0.275146
0.000000
0.670074
0.081145
0.580400
0.350900
0.000000
0.943271
0.000000
0.000000
0.000000
0.415080
0.461727
0.316498
0.241189
0.921467
0.322873
0.000000
0.967193
0.000000
0.000000
0.799634
0.343808
0.771964
0.142690
0.000000
0.000000
0.000000
0.000000
0.505654
0.899090
0.563418
0.389023
0.428296
0.803148
0.410985
0.000000
0.000000
0.000000
0.189398
0.000000
0.064275
0.531156
0.916188
0.237849
0.585080
0.000000
0.855335
0.119441
0.422597
0.000000
0.000000
0.950080
0.438553
0.376381
0.000000
0.061692
0.000000
0.000000
0.076414
0.203324
0.000000
0.608260
0.414277
0.000000
0.756241
0.000000
0.993944
0.744901
0.318536
0.871451
0.803600
0.000000
0.000000
0.198560
0.000000
0.744857
0.312593
0.709416
0.000000
0.854262
0.663321
0.100945
0.537310
0.000000
