0
0
0.69231132893753577
0.43535606926022541
0
0.96695478510262811
0
0.34740777334720352
0.71571199086458392
0.90973707258883418
0
0
0.9839246946770176
0
0
0.74002717763113823
0
0.6245812596658159
0.92711671162070575
0.41849621981751906
0.54008905191436629
0
0.093831614112613315
0
0
0
0.26250244054288557
0.95681772690261724
0.84732138859621786
0.6816747728902518
0.10884987810627059
0.36373699645202312
0
0.86803587657529302
0
0
0.47156514832745944
0.22707850227907919
0.29036414991694875
0.058043799331803654
0
0
0
0
0.57860041329058964
0.48462383753077865
0.35886312166835943
0.099218898740562431
0.6635682205011979
0.8203404943936109
0.80581258809163259
0
0
0
0.23192348310002706
0
0.42315504603725074
0.84279629973251369
0.60741564480103671
0.88959751804071752
0.055333970775569397
0
0.61795971494035584
0.44347718738597552
0.35842557168603051
0
0
0.42000802465030207
0.29152331062510267
0.97766515368108931
0
0.21219859513393916
0
0
0.70225301593857015
0.47235847442932521
0
0.58889441015196309
0.64952829488007813
0
0.77195165323120674
0
0.58104214531380127
0.81264601162400041
0.54680726801854607
0.65512859324666528
0.97491628674659625
0
0
0.17361882104686488
0
0.54114036725614467
0.53934372798150865
0.75380751455874195
0
0.38306117882366914
0.91417951564236666
0.35903387908841172
0.48356935763055353
0
