0
0
0.36062815561623135
0.98050703812402318
0
0.63886085001464954
0
0.088370374569784652
0.11459939701351975
0.53366705024860028
0
0
0.65004167235040378
0
0
0.72695653777207991
0
0.28728313083551388
0.20327937931231113
0.57209897097278239
0.33992177928679151
0
0.4728067505175948
0
0
0
0.45554320055683495
0.49948812629331341
0.54679084199257555
0.083159777493367226
0.16453201210041327
0.90474220023000229
0
0.45536358022705647
0
0
0.065162962334337424
0.23816911491044204
0.91146167941676448
0.9308550322314898
0
0
0
0
0.19519200407535933
0.33112943437060527
0.071936289147091298
0.61323015848096918
0.62326771056073327
0.03060227950661468
0.28906443058446069
0
0
0
0.83843317564581255
0
0.55077315581429143
0.045906202658200244
0.05979046388904783
0.48056039373649295
0.74408401654281298
0
0.38838139811179545
0.86593715161369123
0.3353729009289394
0
0
0.42076198922243058
0.34600421185203994
0.33946495663510418
0
0.14615781371406855
0
0
0.5434904926082671
0.49122316247490816
0
0.56427835290391237
0.91072679840168935
0
0.14172392343771489
0
0.48977330909267136
0.92359505887509974
0.052714425720563118
0.81204976983723332
0.52279513573161052
0
0
0.41097331768744277
0
0.70190843386938773
0.78570497957634133
0.72214699040106778
0
0.68347812623293236
0.36728945516782169
0.095808230308563461
0.65363659979027067
0
