0
0
0.53532924625884992
0.92433602361426259
0
0.6690868612128501
0
0.004783900117485417
0.86407099766184547
0.67174514617468717
0
0
0.16183987214816206
0
0
0.72420328283910074
0
0.35352677350242229
0.63901592050080103
0.71396439525405275
0.0087656161946638739
0
0.048618181719793777
0
0
0
0.94893738158848384
0.67969174343101291
0.24520103432611848
0.29213067715380175
0.20609396856685092
0.30281985049977755
0
0.078052677233927434
0
0
0.87726426908611999
0.0089395756076193524
0.95017968014784882
0.28990021841949493
0
0
0
0
0.51035950762502735
0.015612859243129756
0.75556566969545602
0.8712911201464788
0.11363081314027436
0.12414346460070444
0.91413245708798918
0
0
0
0.3518933474129996
0
0.16531295741055421
0.045689086013142213
0.0036606169273950989
0.32719885523542502
0.92994680027450238
0
0.98053388699919397
0.76016368050845173
0.018669942371832678
0
0
0.5874260022639205
0.31871968874088402
0.31323392877070966
0
0.92868128346867207
0
0
0.983225913504431
0.88050326269609858
0
0.075224976596425172
0.021879768566756882
0
0.41732743436211772
0
0.58198754567627375
0.43232922157248099
0.0098036887827428077
0.49637211591603447
0.29380527823453201
0
0
0.083567292116039041
0
0.90170897086117285
0.07704722765345566
0.48014697417487295
0
0.2934634405754048
0.73948304312435287
0.25795416759897721
0.051029548228923187
0
