0.000000
0.000000
0.830186
0.514369
0.000000
0.968421
0.000000
0.062665
0.164848
0.967179
0.000000
0.000000
0.867565
0.000000
0.000000
0.565683
0.000000
0.229248
0.132039
0.004697
0.229507
0.000000
0.843033
0.000000
0.000000
0.000000
0.214290
0.544227
0.871407
0.793290
0.171030
0.049881
0.000000
0.842980
0.000000
0.000000
0.791303
0.327498
0.648275
0.360886
0.000000
0.000000
0.000000
0.000000
0.175825
0.785134
0.142236
0.865158
0.836243
0.822575
0.830677
0.000000
0.000000
0.000000
0.390205
0.000000
0.195396
0.423935
0.462659
0.500692
0.528063
0.000000
0.947420
0.633010
0.451494
0.000000
0.000000
0.208736
0.584772
0.836550
0.000000
0.794710
0.000000
0.000000
0.696009
0.155057
0.000000
0.452888
0.888049
0.000000
0.203408
0.000000
0.712421
0.326784
0.110142
0.039286
0.727400
0.000000
0.000000
0.106121
0.000000
0.348321
0.459383
0.543964
0.000000
0.682587
0.723659
0.117874
0.744569
0.000000
