0
0
0
0
0
0
0
0
0
0
0
0
0
0
0
0
0.54916208191806626
0.53532924625884992
0.36062815561623135
0.65569307347629813
0.83018593528531937
0.69231132893753577
0.53351413758220578
0.85713309434850948
0.006850369361460374
0.92433602361426259
0.98050703812402318
0.77055928789781791
0.51436891897502479
0.43535606926022541
0.63581614175666423
0.51069231033379903
0
0
0
0
0
0
0
0
0.73808443330572782
0.6690868612128501
0.63886085001464954
0.96642469133893438
0.9684205451713358
0.96695478510262811
0.91913994599568638
0.6445899047410435
0
0
0
0
0
0
0
0
0.088428714545056686
0.004783900117485417
0.088370374569784652
0.062406979992464813
0.062665474716619804
0.34740777334720352
0.60144976175605269
0.23749104169947347
0.28528661889110701
0.86407099766184547
0.11459939701351975
0.15120325378379815
0.16484800487720833
0.71571199086458392
0.46100138978886385
0.91703654075651508
0.39946952827577187
0.67174514617468717
0.53366705024860028
0.42422903042326621
0.96717853573039447
0.90973707258883418
0.31841817824241792
0.71455795124005517
0
0
0
0
0
0
0
0
0
0
0
0
0
0
0
0
0.74998813552425825
0.16183987214816206
0.65004167235040378
0.69344112065832619
0.86756533612246223
0.9839246946770176
0.54343596319710463
0.12996253570711952
0
0
0
0
0
0
0
0
0
0
0
0
0
0
0
0
0.31890061116454593
0.72420328283910074
0.72695653777207991
0.48207872441204214
0.56568271985025365
0.74002717763113823
0.1898759966179169
0.27514590852218956
0
0
0
0
0
0
0
0
0.18207734337253573
0.35352677350242229
0.28728313083551388
0.35039645461550062
0.22924834407714412
0.6245812596658159
0.060034785163997954
0.6700743905739226
0.56887850804631568
0.63901592050080103
0.20327937931231113
0.18058030756087362
0.13203884506305866
0.92711671162070575
0.67205817982116389
0.081144788175576132
0.20908933533851912
0.71396439525405275
0.57209897097278239
0.64615269137696851
0.0046967574302346467
0.41849621981751906
0.061898615651114826
0.58040028300985436
0.053830071651300389
0.0087656161946638739
0.33992177928679151
0.1943836733543835
0.2295067490497896
0.54008905191436629
0.16792978156777902
0.35089955513378895
0
0
0
0
0
0
0
0
0.72203582485203344
0.048618181719793777
0.4728067505175948
0.29518330823145839
0.84303328120930843
0.093831614112613315
0.048639731027995001
0.94327130616292698
0
0
0
0
0
0
0
0
0
0
0
0
0
0
0
0
0
0
0
0
0
0
0
0
0.33495724603499832
0.94893738158848384
0.45554320055683495
0.38906783710076603
0.21428951754186665
0.26250244054288557
0.81886945602195249
0.41508047770101486
0.61263438503144541
0.67969174343101291
0.49948812629331341
0.22340695280409806
0.54422688907869399
0.95681772690261724
0.99175129883349578
0.46172693279895238
0.86678594095373496
0.24520103432611848
0.54679084199257555
0.43615944228380432
0.87140705462178003
0.84732138859621786
0.24843404577555045
0.31649760315448683
0.42624530121067683
0.29213067715380175
0.083159777493367226
0.44269112480468875
0.79328994494289939
0.6816747728902518
0.61545682645305011
0.24118913845478723
0.27206180924541429
0.20609396856685092
0.16453201210041327
0.29223862724026373
0.17102987358138619
0.10884987810627059
0.52952379897204138
0.92146685888184388
0.23331731794787727
0.30281985049977755
0.90474220023000229
0.66827398323724085
0.049880850336997226
0.36373699645202312
0.91802778927544337
0.32287327781082065
0
0
0
0
0
0
0
0
0.01734836826613281
0.078052677233927434
0.45536358022705647
0.50732804040666446
0.84298037140277526
0.86803587657529302
0.59970364225288408
0.96719272501944686
0
0
0
0
0
0
0
0
0
0
0
0
0
0
0
0
0.23038720215800251
0.87726426908611999
0.065162962334337424
0.91273733065693086
0.79130260758893922
0.47156514832745944
0.24647152883178411
0.79963408537157832
0.085656166616570911
0.0089395756076193524
0.23816911491044204
0.12111919010380169
0.32749770642980081
0.22707850227907919
0.58155418497428646
0.3438083722253204
0.3593854626072015
0.95017968014784882
0.91146167941676448
0.97583494479461319
0.648274944635581
0.29036414991694875
0.39391069990240907
0.77196442161640488
0.80103342032134028
0.28990021841949493
0.9308550322314898
0.94772041081937786
0.36088592954830201
0.058043799331803654
0.19105423977176966
0.14269021540632448
0
0
0
0
0
0
0
0
0
0
0
0
0
0
0
0
0
0
0
0
0
0
0
0
0
0
0
0
0
0
0
0
0.47684484807815486
0.51035950762502735
0.19519200407535933
0.80649455304848505
0.17582527343417975
0.57860041329058964
0.099533609752413169
0.50565430483433549
0.52626969260954315
0.015612859243129756
0.33112943437060527
0.97278281092594787
0.7851341418382527
0.48462383753077865
0.9327640438027337
0.89909022054328991
0.18312196651536869
0.75556566969545602
0.071936289147091298
0.5997062727061595
0.14223607230269789
0.35886312166835943
0.51850082351702675
0.5634175677373664
0.84249039796405378
0.8712911201464788
0.61323015848096918
0.70698738790051607
0.86515847753143937
0.099218898740562431
0.10641738994494709
0.38902337348417099
0.34156849986330373
0.11363081314027436
0.62326771056073327
0.83675365391199619
0.8362425436372305
0.6635682205011979
0.12820677453558305
0.42829582599025795
0.10208722044084569
0.12414346460070444
0.03060227950661468
0.28281106007587453
0.82257483641950624
0.8203404943936109
0.56623270941078174
0.80314839819143025
0.9823365628855445
0.91413245708798918
0.28906443058446069
0.7415993307110359
0.83067677846133725
0.80581258809163259
0.33822034228609893
0.41098494510883332
0
0
0
0
0
0
0
0
0
0
0
0
0
0
0
0
0
0
0
0
0
0
0
0
0.98592566280641536
0.3518933474129996
0.83843317564581255
0.69773269199196897
0.39020523523537914
0.23192348310002706
0.70856098963722636
0.18939819017293949
0
0
0
0
0
0
0
0
0.16415849804679511
0.16531295741055421
0.55077315581429143
0.12559327678950413
0.19539567582667541
0.42315504603725074
0.76646875171678641
0.064275494156594878
0.0077083415024244871
0.045689086013142213
0.045906202658200244
0.097594688325695289
0.42393526694054162
0.84279629973251369
0.72404751263919143
0.53115632361738174
0.22794665048905369
0.0036606169273950989
0.05979046388904783
0.055439245679110023
0.46265933703951734
0.60741564480103671
0.82700027358775374
0.91618755514872396
0.51770360684015249
0.32719885523542502
0.48056039373649295
0.91828134870736067
0.50069205656356974
0.88959751804071752
0.31933327218343227
0.23784916467138809
0.54555021584210661
0.92994680027450238
0.74408401654281298
0.85373024683222543
0.52806334937995236
0.055333970775569397
0.29167352989125794
0.58508008705191272
0
0
0
0
0
0
0
0
0.82421627550064669
0.98053388699919397
0.38838139811179545
0.43738510237023387
0.94741981292688149
0.61795971494035584
0.34804196681529509
0.85533474664536113
0.78966603940187574
0.76016368050845173
0.86593715161369123
0.7481473392323128
0.63300968223597032
0.44347718738597552
0.065013647904494015
0.1194406425006527
0.13901733959732746
0.018669942371832678
0.3353729009289394
0.7563737073843938
0.45149442005072227
0.35842557168603051
0.60263751655879538
0.42259705249396295
0
0
0
0
0
0
0
0
0
0
0
0
0
0
0
0
0.94705248277648513
0.5874260022639205
0.42076198922243058
0.48500569744341182
0.20873602803069397
0.42000802465030207
0.073023742173878636
0.95008042193215103
0.68390971523575217
0.31871968874088402
0.34600421185203994
0.67450117669028375
0.58477242844757249
0.29152331062510267
0.39466986875240284
0.43855263721854498
0.89528115740164416
0.31323392877070966
0.33946495663510418
0.14084722714649855
0.83655022692190917
0.97766515368108931
0.91208370557415031
0.376381448432833
0
0
0
0
0
0
0
0
0.97531328754736435
0.92868128346867207
0.14615781371406855
0.16027895815570553
0.79471039071872407
0.21219859513393916
0.24168281688246984
0.061691952564458634
0
0
0
0
0
0
0
0
0
0
0
0
0
0
0
0
0.82761882948810273
0.983225913504431
0.5434904926082671
0.28139199114365537
0.69600939408561147
0.70225301593857015
0.59046014776249245
0.076414103160849692
0.7819069572929549
0.88050326269609858
0.49122316247490816
0.60496555015147757
0.15505692620061604
0.47235847442932521
0.99174681959412114
0.20332449540911204
0
0
0
0
0
0
0
0
0.36561558886440981
0.075224976596425172
0.56427835290391237
0.065218044636758218
0.45288798792673413
0.58889441015196309
0.28980887920296794
0.60826040965618788
0.64229153558308105
0.021879768566756882
0.91072679840168935
0.92006525676183593
0.8880489276024337
0.64952829488007813
0.1401906262861847
0.41427736922989683
0
0
0
0
0
0
0
0
0.58778491821855217
0.41732743436211772
0.14172392343771489
0.32216826219961964
0.20340763109468155
0.77195165323120674
0.98252769252633776
0.75624084808208347
0
0
0
0
0
0
0
0
0.81912386108385382
0.58198754567627375
0.48977330909267136
0.64622786766196472
0.7124214668795662
0.58104214531380127
0.92742190554880033
0.9939440398102336
0.20691130078481837
0.43232922157248099
0.92359505887509974
0.85059962873567874
0.32678403355637736
0.81264601162400041
0.46568386391562822
0.74490062472422913
0.14301166554000236
0.0098036887827428077
0.052714425720563118
0.26588464202765316
0.11014246902810343
0.54680726801854607
0.70418298265438661
0.31853574044496596
0.19011780405948805
0.49637211591603447
0.81204976983723332
0.959359985282353
0.039285818539661795
0.65512859324666528
0.7725539311583598
0.87145054335473704
0.058988873911779267
0.29380527823453201
0.52279513573161052
0.50354572786531582
0.72740047270606767
0.97491628674659625
0.98090041646517157
0.8036004807805881
0
0
0
0
0
0
0
0
0
0
0
0
0
0
0
0
0.58795830271988891
0.083567292116039041
0.41097331768744277
0.32499048893263593
0.10612135332106279
0.17361882104686488
0.34589711055141487
0.19855991122172578
0
0
0
0
0
0
0
0
0.84618413442742546
0.90170897086117285
0.70190843386938773
0.59386035245958746
0.34832069117556114
0.54114036725614467
0.9724719701979796
0.74485659060467158
0.18470356834398666
0.07704722765345566
0.78570497957634133
0.28136617874360981
0.45938303601740038
0.53934372798150865
0.57384687826147229
0.31259250349138146
0.50282095216724343
0.48014697417487295
0.72214699040106778
0.99745334731235613
0.54396409331365958
0.75380751455874195
0.26361436250585996
0.70941634811826781
0
0
0
0
0
0
0
0
0.275955199715199
0.2934634405754048
0.68347812623293236
0.56469328829411736
0.68258707331571777
0.38306117882366914
0.23731843831734095
0.85426186976188689
0.34641776352100617
0.73948304312435287
0.36728945516782169
0.031415132797584344
0.72365853547597014
0.91417951564236666
0.30616963704507461
0.66332113409244675
0.63768893837200502
0.25795416759897721
0.095808230308563461
0.6451920320997282
0.11787392060830804
0.35903387908841172
0.62275594863777672
0.10094523832170066
0.59566299634457687
0.051029548228923187
0.65363659979027067
0.73856843226409019
0.74456886604165851
0.48356935763055353
0.49556867225680135
0.53731028741681297
0
0
0
0
0
0
0
0
