0.83258421766147772
2.8108688908547381e-07
1.2324715059140721e-133
1.1145804403022962e-115
0.11153253421603204
2.8643639975729469e-14
0.55426725970380852
0.001319388502474948
7.2118380514298952e-141
9.5011437595091818e-100
0.64525347873248196
9.3717322283545633e-15
0.20152001993668986
0.00055488063872604168
2.6820119174063073e-132
1.4553649595085321e-109
0.71897141558130451
6.4071555499274084e-20
0.68871573441956957
1.2712101964105963e-07
1.9758508996017126e-144
4.8485054778803865e-102
0.81723489163891516
7.4092543278519336e-15
0.12811164922835711
9.6407045829082285e-12
2.5864359571547869e-142
8.5361602109800026e-118
0.61680827371392932
3.2798609631759025e-13
0.98993544034376557
9.8491234883554053e-09
3.3987385898194744e-146
1.0702632478272442e-124
0.0064364901741300095
4.6870984706407005e-15
0.6918985988223556
4.6288439664759818e-07
6.9178857876135201e-138
5.6439817068802367e-111
0.05825704285444297
3.1804000043544945e-14
0.52280981515862801
8.1185542335330236e-11
1.3495717731113496e-133
5.4932908398596922e-105
0.36295844520062243
2.0314970535121958e-21
0.16322089962486319
2.1818920120125069e-10
4.1419276673532407e-151
4.8526749147124878e-112
0.98913412459991978
1.0330908248943404e-16
0.13481974441068731
2.6068323352068592e-10
3.7787228887261393e-144
2.358331220472982e-103
0.22204235191027838
5.6640495246627378e-15
0.080624886690972813
1.126648750068983e-06
2.760396693101579e-142
3.248284515676956e-106
0.19536081523090723
2.0412098099193867e-16
0.081501491934804521
1.1778615693891333e-06
8.6416485040707386e-142
5.4265985077781095e-111
0.067079907906605951
1.6485615317790368e-15
0.31991898496209348
1.4875928568424586e-06
1.2475618669917838e-139
2.5951398647070212e-112
0.15595136798335346
3.5427127260438403e-17
0.55092047623182716
1.6389823255906633e-13
8.1031405187219312e-137
1.6375147853281076e-110
0.10498252953745353
3.5018899461030285e-15
0.42427574154451136
1.7384278314968075e-05
2.7389003666990419e-159
2.7942547539096087e-117
0.96810296779523231
2.5108702340786441e-14
0.99403800079945637
6.9020555456115086e-07
1.2693584309658995e-139
1.0317751176532102e-116
0.49250949925790111
4.9998537246863934e-15
0.047659977928118845
9.6034012220831244e-12
7.4252603096573438e-142
1.7542239118245965e-127
