3.1720149738833826e-43
1.6171199071269639e-10
2.8350504439053793e-140
3.5377373031956204e-78
4.8164104803706069e-74
3.5089372785832349e-29
2.6839496265642518e-33
2.9794660312156078e-09
2.5578400894181545e-126
1.5460472610863247e-71
9.5798140309772771e-65
3.0445180154042448e-23
1.1338842771203492e-39
7.177302150770338e-14
8.4250246496318666e-153
3.3490292835404431e-75
3.4532098065639613e-62
3.4630990445097867e-25
2.0638729408037358e-43
3.3182367822548487e-20
6.1466734964101993e-142
5.2972021666752975e-63
9.4826463967632139e-64
2.7292839319476928e-32
1.4898830888298974e-48
1.6328774549600451e-14
4.7910271705863044e-138
1.3451012408415159e-85
1.3908012345294307e-85
3.2707057529491989e-26
1.1577216177857123e-31
1.852308154139406e-09
7.9938712422384188e-129
1.8943829820551818e-73
6.2685412879220629e-62
1.8041648191030406e-22
2.7714069992048742e-44
1.3813569922894125e-08
7.9939162003409791e-153
9.9931035232392933e-73
1.5364444699673425e-72
6.8974529816524965e-21
9.4717959318337564e-35
2.4863067776003859e-14
1.2819632178687663e-123
3.7642657367326994e-79
3.2030064307176822e-96
2.9579394738555328e-34
1.5040775419151517e-37
1.7219768940380823e-14
1.0471696654888407e-125
2.0150197076858744e-70
8.1223549697313081e-73
4.15713282083692e-27
1.3451822080474947e-34
1.2611180883313179e-14
4.1632801969023247e-135
1.3773433300044395e-86
1.2975645098599947e-57
5.7594111706810093e-26
5.537335314036468e-34
1.1089702762181249e-11
3.4133881331003777e-147
2.164165899864081e-71
7.0327171717732313e-76
4.535411445964242e-29
1.5050461826141153e-44
2.1312017543517114e-12
8.0097745693115156e-131
2.5047020492214339e-67
4.6625361684523967e-68
1.2067256766092101e-32
2.3447521803074835e-37
3.2488595644921067e-15
1.8382149789119434e-135
3.3593985579700532e-70
1.8572652962739676e-65
2.2450333766388827e-29
8.2386847364281463e-48
5.5234248146369876e-15
9.9498729626820923e-140
5.3175144240381061e-74
1.7480960474019967e-70
1.2466161436338281e-24
2.4603816841662875e-43
5.5043973442102498e-15
2.1536510995656489e-126
8.8406730269546952e-75
7.4187490119794898e-87
4.4049620042483796e-47
2.3559891648404525e-35
2.0216137726342116e-10
2.7477522564265561e-136
1.1629204053166863e-83
1.0603844464327944e-58
9.6118399121788225e-25
1.2964649985770849e-38
4.2599237537644781e-14
7.39263755559032e-140
5.5913562430491e-88
