0.00039536073260584191
1.0779661455277839e-22
1.066582418851483e-102
2.9487904583511293e-86
0.4145272316362808
0.25010702681930347
1.2364692300968393e-06
1.8410621691618614e-26
1.3403952617714261e-106
1.222832738759678e-77
0.27665190541208018
0.81942586662098038
0.0014145721911277109
1.2881300848481433e-28
4.400573040763816e-108
3.5565875275231009e-93
0.029931329527147998
0.10951301196002505
0.0010124440521870981
1.232782625025115e-27
1.0623256035840646e-119
2.1989348900253781e-86
0.022659664119005631
0.06456049638685403
9.502770132315459e-05
2.3158678283732202e-34
2.6753900603195462e-104
2.0313270176164812e-73
0.016554529558112065
0.96532503918018842
4.3412864414198583e-05
4.9278202460159056e-29
4.3529638762937422e-110
1.0668170228769219e-84
0.43446405757261686
0.036871171031660925
0.0042709688774408882
2.332410103390381e-31
1.044057776941015e-104
3.8615809042880682e-78
0.14909697918783588
0.10405542526536164
5.7964092547178792e-05
1.3748887288919053e-23
1.2774063910334156e-100
4.2012475029635652e-87
0.45481383894955618
0.49173718739144223
1.9812086479464129e-05
2.2492620828493413e-34
2.051891006731921e-104
1.8319551520550075e-89
0.9718308801240616
0.0036056973738927325
0.034145171787863811
7.8073176998992247e-36
6.7941757820921613e-98
1.3926628712358194e-82
0.023641951123161115
0.14811904531235651
0.029151301713487825
8.0647546610089157e-28
7.2765495002571609e-107
3.0812854698347119e-82
0.43487854463765474
0.13101017847685426
0.00037228920782271817
1.6475002655357263e-31
1.4523976764319322e-101
4.6302656928757356e-85
0.0057975528383225972
0.5313240658829339
9.5166468959611559e-07
5.9286389096907067e-31
1.779808303374596e-108
1.3367909804824308e-91
0.92456106684893147
0.2369400283380001
0.020492136560238839
4.2247310992520852e-24
1.2820634087896816e-91
6.5985699916870845e-80
0.15406917779280366
0.0056498718991482158
5.4593342518822498e-08
1.7800186773574533e-27
1.3359324647540385e-98
2.39452170763297e-84
0.0076366023650801893
0.075592185547874891
0.0033044765710897612
4.6809940368901663e-35
2.5227900116520827e-113
4.8003972881642644e-92
0.38772784298928981
0.53943078460328253
4.3712695502567262e-06
3.1269941798479472e-38
3.1050953085193676e-111
4.8539087975399162e-91
