0.000000
0.000545
0.000000
0.000000
0.000000
0.000002
0.001308
0.025378
0.000000
0.000000
0.000000
0.002449
0.013810
0.000194
0.000000
0.000000
0.000000
0.000000
0.037651
0.028621
0.000000
0.000000
0.000007
0.000000
0.003913
0.002577
0.000000
0.000000
0.000000
0.000000
0.000000
0.159923
0.000000
0.003186
0.000000
0.000004
0.077386
0.000671
0.000000
0.000000
0.000000
0.000000
0.036924
0.048925
0.000000
0.000000
0.000006
0.000057
0.000000
0.379547
0.000000
0.000000
0.001003
0.000093
0.000009
0.003512
0.000000
0.000090
0.000019
0.000003
0.000002
0.001260
0.000000
0.000006
0.000254
0.000755
0.002649
0.037842
0.000000
0.000000
0.000011
0.001605
0.001194
0.001576
0.000000
0.000000
0.000000
0.000002
0.000262
0.000407
0.000000
0.000000
0.000011
0.000000
0.000019
0.156680
0.000000
0.000000
0.000037
0.000000
0.087528
0.047005
0.000000
0.000000
0.000134
0.000000
0.000001
0.290330
0.000000
0.000000
