0.10894192525944332
1.1813869974955755e-20
1.3658763801478879e-70
2.3463116119801165e-68
5.2417418915328527e-23
5.1939236343840965e-33
0.0016470388118904346
7.0654730532536001e-32
1.5577679696699877e-88
6.7953088339574933e-67
4.1710170581252669e-23
2.2304565288700161e-32
2.5854257943718004e-05
2.6075609003805495e-18
3.0624423748772213e-68
4.0484549486630101e-71
3.2328539876450471e-20
5.9296784781031717e-28
0.00044806781131333272
6.4276840926729711e-29
3.580840517447713e-87
4.5932256158141433e-72
9.5658165963629792e-23
6.577622318388975e-28
2.3989032491253218e-06
1.3411754741018272e-17
1.0606542553829135e-87
2.5001534531062256e-75
3.750928161268694e-16
1.1017189418201398e-26
0.0012126822841543028
7.4125945524085036e-20
1.0365653741898941e-77
8.3219573543756321e-76
1.9610457802206665e-25
5.3562047956230526e-36
0.043682325209470269
2.7799115970840279e-21
1.478007990567499e-89
1.7946205829956605e-65
1.5675636876213491e-22
5.7267734055481459e-24
0.0091743155280887192
5.0435655027352856e-32
1.5385595357372438e-86
1.6364483321078618e-73
1.8435399818224598e-23
2.9922199685618274e-30
0.032084490084847921
2.3266606032520144e-14
2.8888802562994411e-89
5.681638742078403e-71
1.7402795741186172e-33
1.5198586751578334e-27
0.0046438573656126057
2.7554836691582681e-26
3.6257415126292572e-83
7.2279901593018907e-73
1.6273554892005898e-16
2.3210765304035848e-33
0.00051392425880906405
2.7742710530892285e-25
1.6071671959861073e-75
1.1153377107603944e-73
8.1115308174535396e-18
3.3019496597503824e-38
0.0037615614521677252
1.1451780406147348e-22
2.3158562416325875e-84
3.1189977871978292e-71
4.5869748858381101e-20
7.3939064436178071e-39
0.01878149114418097
5.5800185480086085e-23
2.5903294098792298e-75
8.8812238986466924e-58
1.668948376419429e-21
6.8359971711132844e-29
0.00029717722443675426
7.5436853869266887e-20
2.9588894546329163e-92
4.7383374675087869e-68
3.0699455314413708e-25
3.3326468837241811e-34
0.0011199968753778571
6.4004051344872215e-23
2.759306055217787e-81
4.8401003532902077e-73
6.2136482583452337e-19
4.7100613786146446e-30
5.2720397857665448e-06
1.9478145955681174e-23
3.0824763096257318e-87
1.630482813131636e-66
5.6529028867841812e-20
3.6985903110505833e-33
1.619966757919332e-05
1.1999095515404502e-20
2.3090016240476585e-82
8.609403287074243e-74
