3.924226091678722e-176
3.5002542631413413e-07
9.1187015282632447e-154
7.8755479890905842e-43
1.4490584318674973e-22
9.9795645533798044e-23
2.8609427735232814e-177
0.0003368816552989409
4.5706624970979545e-147
5.9328599292919632e-21
3.4234369845479247e-26
2.6802547243555028e-19
4.9034658575173015e-167
3.2415694487244027e-07
1.521989140481757e-126
5.6451206784296193e-23
7.4084407642842622e-29
3.7419418330691379e-14
4.9192674075521856e-175
0.001573908401402694
4.7319739964548071e-140
7.7490015466253793e-15
9.5649046660399424e-29
9.8857344629196634e-10
4.1903475384684205e-167
0.031458259636624443
5.6840047375199946e-114
6.8236996436879851e-23
5.2062084188576061e-19
1.8906632121493351e-14
2.4208860802674389e-182
1.3404818971201034e-07
4.9857900453580255e-122
1.4434379910887522e-31
5.9863917528327006e-31
3.1869339281247833e-15
4.0097813328670349e-177
0.032532128171559503
3.0855610354897229e-144
7.2583550346615809e-37
1.6307152437051032e-23
1.9187656943491145e-14
1.306305918441043e-136
0.018739095460879745
2.9016903059277025e-117
4.4198688391292742e-28
6.9129741416718348e-29
8.5417624828788409e-19
4.6056971782337708e-189
0.25339543000288395
5.6608911326056626e-127
5.7557811405352592e-24
2.6309434909959476e-33
3.6537516917453399e-16
6.380542519445666e-187
0.22734173398416063
2.6383729633604999e-139
1.2160973276533466e-24
5.7616002820206387e-24
2.1095342406433863e-12
5.346924236739314e-162
0.0095981231024945372
4.7047312716900703e-120
4.8091045271418467e-28
1.6820284935635734e-25
2.5709869087922322e-13
3.994312927625373e-162
0.024728330374323208
7.0777465366907225e-104
1.9571899394982361e-40
1.6735296590488796e-25
1.1598799963422147e-14
5.0263520717995037e-158
0.030273153311226632
8.0107917017898003e-140
2.6196178013353117e-29
2.9636919599126984e-19
1.154721960999656e-08
1.0090089720935007e-182
0.045074348279750438
3.3999079727134369e-137
2.2120601734616075e-24
6.4526426295754325e-31
2.5541439267363132e-08
2.4539966408920685e-164
1.8673485359874882e-08
6.8079877739457942e-103
1.5018953554721672e-23
8.9166479934627113e-19
2.0258504541229466e-11
1.2775819691231987e-184
7.0290126404119166e-05
2.7244883589704397e-115
3.6232678580340297e-39
3.8672743067798546e-21
8.7484666793486748e-17
4.6631902829438163e-170
0.003140175356554707
2.6259866336275498e-111
3.0283072689618682e-39
