0.000000
0.000000
0.000000
0.000000
0.000729
0.000000
0.000000
0.000000
0.000000
0.000000
0.030129
0.000000
0.000000
0.000000
0.000000
0.000000
0.001366
0.000000
0.000000
0.000000
0.000000
0.000000
0.000010
0.000000
0.000000
0.000000
0.000000
0.000000
0.020677
0.000000
0.000000
0.000000
0.000000
0.000000
0.000010
0.000000
0.000000
0.000000
0.000000
0.000000
0.000264
0.000000
0.000000
0.000000
0.000000
0.000000
0.003456
0.000000
0.000000
0.000000
0.000000
0.000000
0.035151
0.000000
0.000000
0.000000
0.000000
0.000000
0.011967
0.000000
0.000000
0.000000
0.000000
0.000000
0.000237
0.000000
0.000000
0.000000
0.000000
0.000000
0.000628
0.000000
0.000000
0.000000
0.000000
0.000000
0.006622
0.000000
0.000000
0.000000
0.000000
0.000000
0.001960
0.000000
0.000000
0.000000
0.000000
0.000000
0.024783
0.000000
0.000000
0.000000
0.000000
0.000000
0.002499
0.000000
0.000000
0.000000
0.000000
0.000000
