0.099791
0.007214
0.000000
0.000000
0.000000
0.000000
0.000339
0.007917
0.000000
0.000000
0.000000
0.000000
0.110051
0.003266
0.000000
0.000000
0.000000
0.000000
0.290967
0.217414
0.000000
0.000000
0.000000
0.000000
0.164080
0.000014
0.000000
0.000000
0.000000
0.000000
0.083900
0.000064
0.000000
0.000000
0.000000
0.000000
0.046096
0.489093
0.000000
0.000000
0.000000
0.000000
0.000444
0.210928
0.000000
0.000000
0.000000
0.000000
0.118399
0.099791
0.000000
0.000000
0.000000
0.000000
0.001956
0.000410
0.000000
0.000000
0.000000
0.000000
0.011816
0.366967
0.000000
0.000000
0.000000
0.000000
0.046573
0.010361
0.000000
0.000000
0.000000
0.000000
0.005281
0.014546
0.000000
0.000000
0.000000
0.000000
0.050882
0.315084
0.000000
0.000000
0.000000
0.000000
0.010198
0.000097
0.000000
0.000000
0.000000
0.000000
0.184226
0.002342
0.000000
0.000000
0.000000
0.000000
0.054303
0.002866
0.000000
0.000000
