0.000000
0.000000
0.000000
0.000000
0.000000
0.292564
0.000000
0.000000
0.000000
0.000000
0.000000
0.118514
0.000000
0.000000
0.000000
0.000000
0.000000
0.117445
0.000000
0.000000
0.000000
0.000000
0.000000
0.046524
0.000000
0.000000
0.000000
0.000000
0.000000
0.120367
0.000000
0.000000
0.000000
0.000000
0.000000
0.070529
0.000000
0.000000
0.000000
0.000000
0.000000
0.048033
0.000000
0.000000
0.000000
0.000000
0.000000
0.137107
0.000000
0.000000
0.000000
0.000000
0.000000
0.002838
0.000000
0.000000
0.000000
0.000000
0.000000
0.189242
0.000000
0.000000
0.000000
0.000000
0.000000
0.046194
0.000000
0.000000
0.000000
0.000000
0.000000
0.038006
0.000000
0.000000
0.000000
0.000000
0.000000
0.103339
0.000000
0.000000
0.000000
0.000000
0.000000
0.115745
0.000000
0.000000
0.000000
0.000000
0.000000
0.158295
0.000000
0.000000
0.000000
0.000000
0.000000
0.144944
0.000000
0.000000
0.000000
0.000000
