0.015902
0.001031
0.000000
0.000000
0.636356
0.725713
0.207835
0.000000
0.000000
0.000008
0.172296
0.225105
0.072462
0.000012
0.000000
0.000000
0.701662
0.360271
0.604758
0.000002
0.000000
0.000000
0.101351
0.411006
0.003410
0.000002
0.000000
0.000000
0.630783
0.075824
0.003951
0.000043
0.000000
0.000000
0.012004
0.778873
0.001139
0.000325
0.000000
0.000001
0.202361
0.372231
0.000770
0.014894
0.000000
0.000117
0.385890
0.336057
0.004215
0.000000
0.000000
0.000001
0.224255
0.607708
0.022677
0.000000
0.000000
0.000002
0.628057
0.067729
0.000031
0.012275
0.000000
0.000848
0.000232
0.457259
0.017515
0.000156
0.000000
0.000022
0.502265
0.011182
0.046145
0.000000
0.000000
0.002643
0.077229
0.127743
0.049099
0.000890
0.000000
0.000000
0.151589
0.829735
0.042013
0.000009
0.000000
0.000000
0.956121
0.486017
0.087323
0.000499
0.000000
0.000007
0.269054
0.797572
0.040811
0.018760
0.000000
0.000000
