0
2.3521948503191882e-32
9.194238514117514e-61
8.8343335563135911e-43
0.00043548139594015711
0.55819908526158746
0
1.6719534088712404e-17
1.132313797950656e-73
1.25948579817139e-31
0.16957200585456902
0.0054081708616697212
0
1.4145822498664425e-20
2.0108173557078719e-75
2.2060003304118287e-51
0.00071212978494951471
0.4927302603047421
0
6.9445515881045581e-31
2.0561254749524997e-89
8.8215977065940772e-41
0.00075597580239580126
0.010173991514615201
0
4.7372220426812333e-33
1.6573598769180594e-93
8.875237718848868e-37
0.036433939723115587
0.017802077654248929
7.3027278362487358e-305
9.5609956996270224e-23
8.280795964695939e-88
3.0774722831311819e-32
0.052005516494152894
0.0026423406138899675
0
6.7723564616339277e-25
1.6041915595249297e-82
3.3303990599911377e-41
6.126543369103319e-05
0.14691582433274655
0
2.2988543965538514e-22
1.0754020714150492e-73
2.995145774969004e-37
2.4108271348947055e-10
0.56190726092301646
2.2008887528229417e-310
1.1508566517823001e-35
1.302504611419689e-86
4.4066455345312505e-43
9.7939563572110998e-06
0.29771686655723206
0
7.4444491414774615e-22
5.6433512604706011e-68
1.4132042338779843e-42
0.0042521664340725591
0.0034034446935285647
0
1.1147404060325338e-25
5.4527150847082291e-71
3.1611926642202781e-53
0.0014573841733784973
0.015644013506631423
0
2.8914932914564157e-26
9.8428701750373891e-89
1.6717042303696886e-51
0.00073188246084731376
0.12656147839436918
0
1.8137945073097107e-27
2.2442583211586543e-70
1.3919377890056719e-53
1.74646695430588e-07
0.34415230617518933
0
3.8955067585840731e-18
9.8898546848205438e-95
7.6587360264593576e-67
0.00032430063530773439
0.59674549918834685
1.9777166994487856e-308
5.5941070711207681e-23
8.5861964496152323e-60
6.405087401439273e-47
2.9530893568265147e-08
0.002747617839567949
0
3.8945909986466382e-24
3.7758560595267078e-69
1.2247458536815764e-32
8.7252165121713934e-06
0.45513241313678721
1.0713723995047915e-310
1.0418425256900275e-34
1.3060286553828573e-72
1.8461017655394984e-38
