0.93220666753892689
9.9094704974444012e-05
2.4048151872804327e-29
4.9099585696313064e-12
0.074366352850151113
0.00026833922281986833
0.61574373222787271
1.8743927254364307e-08
1.1596576152257663e-26
1.7230570553091307e-09
0.23079603357015235
3.2436211211462855e-10
0.34847493891048076
6.4395261330994035e-09
2.4796035123090672e-26
1.9026410530579517e-19
0.010883407251021575
1.0594854773144495e-12
0.57914611446663322
6.8971899516948782e-08
4.3489544206851167e-22
4.2513737913048646e-10
0.058480869476006038
0.00016280069807184913
0.69225205452674698
1.7573305324981503e-11
6.3872157510602966e-34
4.6824781404162305e-15
0.15590286535483158
1.7974013336871828e-06
0.15092768217968702
1.0166038391294008e-05
6.6671769771901983e-19
3.3581510949300529e-12
0.84793775188466158
5.3597332826279376e-05
0.083112139059101725
4.119012390948573e-05
6.1682922163180414e-24
0.0013498410441671197
0.23721299703189122
4.0006294778994269e-10
0.24720379175461532
8.2387060725379633e-07
5.6885197938204204e-29
1.7515478563355057e-08
0.00065016367443227212
7.7438721152558131e-09
0.17377788116365689
1.8238546403303611e-06
1.6809285758226724e-24
3.8195434335644955e-15
0.37393318589605468
4.9044667040976718e-08
0.71640758557186501
0.00021244065173389254
1.1961150891614475e-26
4.4743401910279433e-08
0.91799738304375078
2.7449108244147057e-06
0.97178958671750582
1.3102591451703736e-07
6.5662554311670541e-21
3.432404107053242e-12
0.37516558694646135
2.2769525165508357e-09
0.035715922860553889
0.038683251765838804
2.0166135095615475e-31
9.6220348768006776e-12
0.85415379679064951
3.2883923357326544e-07
0.67299798262569155
4.1807484638979325e-10
7.2624316320309425e-18
3.3350122524152078e-10
0.057049884948530818
1.5316847050939277e-10
0.78394856545235481
1.0810016225789841e-07
1.5076535647296562e-20
9.5523439954591867e-12
0.79410854155380894
9.465495774692191e-05
0.70459512057835194
9.7381370213952961e-09
2.3228634518114387e-28
4.5118047830196572e-14
0.1959463160492104
9.1193870703369804e-09
0.017356944512960791
2.7744730567132867e-10
1.570890183659921e-27
3.3030149489115809e-05
0.3594395245039394
3.9985777642739728e-09
0.017370077956463364
1.4639699411192781e-06
2.193127873163932e-24
1.7011157267478292e-13
