4.6523088945220058e-273
5.7090902140262011e-62
4.4325560343021629e-33
1.5787792784754966e-74
9.362505854862126e-15
1.6048834181133312e-06
1.4799262447135592e-274
9.3994081551418224e-34
5.3566361164105025e-22
1.2244974477888793e-63
1.9194672381216252e-05
2.1589822171270101e-10
3.3191780952883379e-271
3.8789022671546267e-54
1.1502802398368379e-26
5.4971293388943812e-72
5.4593342518822392e-08
5.6147560248939495e-08
8.835053472988398e-283
6.249783008539942e-49
1.2558070320214604e-32
2.4101396355035711e-70
4.3713525423730824e-07
6.1739608062613117e-09
2.6284655817943894e-282
2.7876913892298273e-42
2.0777782407659141e-19
8.2274333981408212e-61
5.7132751004700509e-14
1.8295239248438434e-10
9.7700657503789001e-281
1.6510579473645953e-42
6.0063764091107199e-23
2.617612587117841e-77
4.3774552819709932e-18
2.0247676710350625e-08
6.1951792917337677e-288
2.2271645266046168e-44
6.003348178252431e-23
1.6216663515330572e-68
3.4503869359822257e-10
3.3574538199646027e-10
8.9039112116829517e-255
1.3415466212485031e-44
2.1557575989979917e-27
7.1558607069848393e-74
2.4470579772336154e-13
7.0638321425912811e-11
3.0057155916078845e-276
2.5957402146551694e-44
1.5307250923851186e-31
6.9336199824465346e-88
8.8395771332545995e-12
3.0809094212963011e-13
6.0523397371394623e-284
2.9397701705645732e-56
4.6570800750960541e-29
9.0017889665902132e-71
2.1348300398343074e-13
4.4640477313343407e-10
4.098764287432263e-280
1.4145617228162561e-45
2.3221331405897119e-21
3.434567242143066e-63
7.9886775578947762e-13
1.9148902530821463e-10
2.3015048814052527e-279
4.5694577362007873e-47
1.8203350824069569e-25
2.4108243366913539e-92
1.8409777886313442e-10
2.3751156183822608e-13
6.9961267464159655e-270
6.8041901302023674e-54
3.8885808736260881e-30
5.2807159918750198e-63
1.4342774838253814e-18
1.5694210237286406e-07
1.0163029473091509e-275
8.6549109528585828e-37
1.6236340931128301e-27
4.9086435789752831e-73
1.2830095123658211e-11
1.0492332401374613e-08
4.379677572111703e-271
1.3896899218154074e-52
1.2788169944163952e-22
3.6676585174640366e-62
3.3307044197590002e-11
6.9624951067323515e-11
1.2571473713853972e-292
7.4922849282692962e-54
3.0507290011777671e-31
3.5977331323848244e-66
2.9801616257831936e-13
1.6445272445305042e-09
1.0332634524712026e-282
6.4791067252591874e-58
1.1228724026133122e-23
1.3080950467534606e-71
