2.5169088634732273e-11
1.7073029456467801e-10
1.7648769286810702e-193
5.1387281773964749e-136
4.5509971023336804e-17
5.3096588112763761e-13
1.0609327003211247e-19
9.8675785099747838e-12
5.9710760303455156e-195
7.5053605951392676e-131
6.0191771382372922e-27
1.3411754741018171e-17
3.7440459766307117e-24
5.9823866691864337e-12
1.1686551561467314e-199
1.5479152431956373e-139
2.8396576664025231e-17
9.9337290286160844e-17
2.55556678394155e-17
2.4307171288743366e-14
2.8721126368165197e-196
2.9380817818236735e-139
4.2970222614128005e-19
8.1649342982010362e-21
1.0151688560448692e-15
3.6190682171622657e-11
5.4251651199844714e-194
1.3868261480148415e-135
3.2436340213036091e-21
5.2370000366681043e-25
2.3731676190510828e-16
3.3193864151849872e-17
1.9736727919376073e-205
2.8721220493328863e-138
8.6020608708960305e-17
3.747832487470509e-24
7.1033034256869999e-12
2.0997082807160155e-16
5.0431335828610796e-195
9.8562032882872097e-132
1.184021959457216e-25
1.9823246900685189e-19
6.8639890585939865e-13
3.503618133637432e-15
2.7970177314638157e-188
4.0849209959953021e-132
2.4400298979284413e-24
4.2388596452630261e-17
1.4156569700992831e-16
9.5243685301341762e-16
5.8727360187314407e-206
1.7320494601873073e-151
1.9272643329548512e-18
1.7469405968633827e-16
6.2760527264914046e-19
4.0429852573786753e-10
1.7194355541368705e-205
1.5098420228209547e-131
2.9127139495053814e-20
2.5451855608819795e-23
1.9643855162616733e-17
3.8496967648632123e-11
1.3215946639099341e-197
2.5445693285659966e-131
3.3191986799808013e-32
2.49491734078031e-24
7.8428134442171307e-25
3.7669104863776585e-20
3.9808286342497216e-193
1.4787194454161938e-126
1.5107523768555259e-14
7.908156039345195e-16
3.1063330761585006e-19
2.1494446291265538e-17
1.3017108533393099e-189
7.1458064744929081e-132
3.2864831342425066e-33
6.6776035317371794e-15
9.2805809341175285e-27
9.7771704399065218e-15
3.5966890871268229e-203
3.9243937028482682e-149
8.6375491747604602e-28
2.2481415972875099e-24
3.5384833879178633e-23
1.2862735484961658e-12
1.9632723458856353e-196
2.1082157200666239e-128
4.8276809846466997e-24
9.9557053556967982e-20
2.594591383299459e-16
1.6485615317790486e-15
4.5857098190446541e-191
2.8967225563259667e-140
8.2399130673333334e-29
4.6100193074004472e-20
2.1941665626793396e-29
5.1431220017259603e-10
1.6304391259205415e-201
2.7170700752718191e-139
