0.022702
0.000271
0.000000
0.003453
0.338711
0.000000
0.019582
0.000085
0.000000
0.161215
0.006042
0.000000
0.371476
0.000000
0.000000
0.182394
0.033800
0.000000
0.640626
0.035613
0.000000
0.347391
0.062538
0.000000
0.666958
0.000000
0.000000
0.223081
0.272985
0.000000
0.030877
0.001616
0.000000
0.091295
0.031138
0.000000
0.229662
0.000006
0.000000
0.092336
0.072462
0.000000
0.364726
0.000001
0.000000
0.242030
0.003801
0.000000
0.625213
0.000000
0.000000
0.016890
0.011325
0.000000
0.016011
0.000000
0.000000
0.021797
0.003905
0.000000
0.385697
0.000000
0.000000
0.053753
0.756578
0.000000
0.034207
0.000006
0.000000
0.227408
0.098382
0.000000
0.890046
0.000000
0.000000
0.083000
0.012644
0.000000
0.026247
0.000000
0.000000
0.084041
0.000102
0.000000
0.116725
0.000044
0.000000
0.080489
0.020911
0.000000
0.186974
0.000001
0.000000
0.004770
0.298609
0.000000
0.394938
0.000518
0.000000
0.353838
