1.9996165315472228e-23
8.8789566005006465e-11
0
6.4905229663987154e-78
0.001909463653882653
4.6930436512170943e-77
7.8132789181688969e-08
1.1003619278585185e-14
0
9.8086615080703958e-66
0.0054948859268455436
2.3968524906600925e-52
0.0011564994478445497
4.6163248094887623e-12
0
8.4970561825823011e-50
0.015094277416055851
3.6610173375271704e-55
1.370333317229391e-11
5.5459124454767972e-17
4.6925975950961048e-302
2.349979687279508e-72
0.078816840405436475
2.6818006022902304e-61
6.8447521452175592e-09
5.2186957941944375e-16
1.1723818318791861e-302
1.2854313110172261e-39
0.21569885177461087
2.0641569211740399e-63
1.1020202775131859e-08
5.7304854930342386e-19
0
3.9708805592244366e-67
0.00035994529331339606
3.0329501017695082e-43
0.00014665522012821704
1.3586417909702253e-09
0
3.7633292574471168e-50
0.00043529618879410806
6.7771509877463359e-46
3.1706394084673515e-11
6.3981729546127972e-13
0
1.8595533131249859e-59
0.00068333080668266522
1.1390116825363597e-55
1.4143624251862347e-13
2.9601175452725078e-16
0
1.7657097977308107e-57
6.0654516702321792e-10
6.8311218409747457e-58
2.4997868498187301e-14
6.3966794322417452e-12
0
9.8730101658934476e-65
0.042058358748041112
2.2874697732077238e-42
1.9627454858975108e-05
2.1530912363625967e-12
0
1.2344418578103234e-51
0.022075699022914303
1.6099085499165948e-42
1.096036445715583e-14
1.3292373740897016e-06
0
1.2343540155856142e-81
1.0575741622662817e-06
8.8990963385566911e-41
2.2049830717029884e-06
8.8524407682733073e-12
0
4.6422314023539257e-59
0.019648702225401053
2.5454238062360644e-59
4.3949813028288008e-16
1.0834674458899061e-13
0
4.7007461668667434e-54
2.0238153315191417e-08
5.4255901579192316e-46
2.1585271176296661e-08
1.0542896208048303e-10
0
3.9589774108743664e-57
0.046177928665027311
1.0884936889876856e-49
1.8481611910639407e-06
9.2426293330958789e-08
0
9.963550904322572e-48
0.50181933065896334
1.0411178765631487e-41
9.1636191990896209e-06
3.7779317382686106e-08
0
2.0945735065288286e-46
