0.000000
0.000000
0.000000
0.000000
0.000000
0.004330
0.000000
0.000000
0.000000
0.000000
0.000000
0.000158
0.000000
0.000000
0.000000
0.000000
0.000000
0.023845
0.000000
0.000000
0.000000
0.000000
0.000000
0.012830
0.000000
0.000000
0.000000
0.000000
0.000000
0.000039
0.000000
0.000000
0.000000
0.000000
0.000000
0.000097
0.000000
0.000000
0.000000
0.000000
0.000000
0.001433
0.000000
0.000000
0.000000
0.000000
0.000000
0.000910
0.000000
0.000000
0.000000
0.000000
0.000000
0.013455
0.000000
0.000000
0.000000
0.000000
0.000000
0.000155
0.000000
0.000000
0.000000
0.000000
0.000000
0.000001
0.000000
0.000000
0.000000
0.000000
0.000000
0.000871
0.000000
0.000000
0.000045
0.000000
0.000000
0.021370
0.000000
0.000000
0.000000
0.000000
0.000000
0.000289
0.000000
0.000000
0.000000
0.000000
0.000000
0.000100
0.000000
0.000000
0.000000
0.000000
0.000000
0.000511
0.000000
0.000000
0.000136
0.000000
