0.0091957899106262751
0.082916249528422234
6.2232220469492868e-11
0.27207411310982282
0.070650325972576561
0.40960210509810474
1.1385885336045448e-06
0.060446827623276314
3.2145981045606114e-09
0.1198624013363364
0.00027439552522988577
0.017324152067317414
5.4790073419964148e-05
0.0054927018083081912
1.1406740464245218e-13
0.34974252728619948
0.00064742642777179216
0.3241170356829447
1.9696802286978353e-07
0.52518854764871614
6.1142332683571839e-13
0.1885021967065032
1.9280467574178636e-05
0.24904183984218956
3.6994295265893941e-05
0.24741533903301258
1.9309633130546845e-16
0.080027136536919771
4.2548067385941781e-09
0.67583836407041109
1.7713326246412845e-05
0.032096195987734312
1.2691510826799003e-09
0.75305982738619082
0.048925473082402048
0.0051027195975199956
3.2684002876399552e-06
0.042163854815452775
1.5989786268806855e-09
0.16201495689895457
4.4030504252065596e-05
0.46184905633308282
1.4016900710792173e-08
0.21792480415290846
1.9381785158864839e-17
0.26190836908865134
1.0285445689593427e-05
0.49992900760756342
5.2884974299764841e-09
0.22635290719256243
1.0821018158071704e-06
0.087939402474053879
0.00029514664516611859
0.16126504665239869
2.4939928599548702e-05
0.33942156527599082
5.9250427987718489e-10
0.62260777786087917
5.6781494242064549e-08
0.32722567237034889
1.2061557432028068e-05
0.3181315310086345
3.315887384087475e-07
0.60016033996443741
0.024391245545484597
0.5175012419184648
1.576931071694079e-08
0.15590286535483153
1.3512289166900218e-11
0.071722583151147448
0.00082154716974741778
0.044866161707104953
7.0103669505718233e-10
0.15987301418434313
2.3472867773591413e-09
0.28354748194117535
2.3133866268210824e-05
0.82717762463630051
1.4249298008361124e-09
0.059239514637671506
7.7518505063900947e-11
0.15795096256153671
0.00085030241389788086
0.50527430983514354
9.7105854183780774e-09
0.49008408353281818
7.6941650496470195e-13
0.0089621971520632872
2.4951019476792174e-05
0.68836189307592233
4.9195072621872137e-07
0.076679686129754343
8.5898387097414513e-08
0.56376404056659524
8.2257174814349972e-06
0.29424764661642872
3.3223098042783373e-08
0.86064657358873564
2.9652109466871794e-12
0.083674108468873507
