2.3401359959412884e-136
7.4614912103565945e-81
2.4702766165484888e-296
1.2285402261858939e-203
0.007193684724981211
2.9482723453397097e-22
3.6648527038815873e-152
3.433847615891393e-75
8.456840735773951e-290
2.9517588803559139e-208
0.0016696157891889307
4.1268144536880968e-31
1.2620509232545844e-139
1.5893150279377848e-89
6.8463616029690581e-300
4.7511948773879798e-214
0.49726562331181567
2.1030172257226029e-25
4.2726624487122993e-144
5.4481922631784373e-70
2.7948040960111311e-275
2.6917281106175286e-218
0.08108952464577282
1.5232772741838002e-23
1.2638623723575213e-151
5.8661471575970971e-90
1.1832483280386419e-279
2.4480182554270419e-217
0.064694452423220319
2.4033070473476362e-27
2.0090885006011969e-178
9.2390202090798406e-92
6.1875456872667833e-295
5.4728640510581652e-223
0.0083340862472624806
1.2694648727718264e-23
3.8333376642362398e-141
3.6845702254157626e-78
9.5797265525772383e-284
2.0879201325489154e-225
0.38540693563994527
5.6816206612512324e-25
1.5467189083278721e-131
8.6626562615436593e-96
8.3638233633328769e-291
2.7017414442885327e-194
0.062127355848687435
5.8173652634860158e-29
1.0618186560255272e-138
8.2888468426055727e-89
1.7221224753083134e-284
5.456843360247779e-221
0.12856343319141864
4.2183708970430231e-31
3.8737928894019313e-141
4.2716486305027517e-84
7.2099069553455824e-295
1.3290148751112311e-206
0.038047362566461948
1.794546609717784e-27
2.1393993441115058e-154
2.0366518999744442e-96
1.4772852612643847e-279
1.5683579407326615e-219
0.13828553333660643
2.0000831524228829e-21
5.1588466983402196e-144
1.3074541283884726e-82
2.6933396944307051e-289
5.2249683173470381e-217
0.00030965183266127162
2.1854031321163894e-26
2.9039512719649748e-138
1.893372399720006e-83
1.4224358604163655e-285
3.6963021302876675e-216
0.0025816953844782107
2.5158141429566629e-23
5.3981420174918311e-161
2.2796909412031782e-93
1.2422144067843713e-295
2.0244263202195401e-207
0.23206841858551988
4.0085800662019444e-19
4.4763065544534331e-136
1.8736046358196141e-76
1.8153963871681115e-282
1.2693651660023792e-223
0.041267496358005973
5.1913410722950038e-20
3.1476211356391413e-149
2.5353233924853792e-80
2.6871892035259634e-297
5.8913118062418589e-206
0.56213926152314109
1.6663390135755813e-28
5.1233918820689807e-156
2.1660287221618889e-95
5.7628270048557155e-287
5.3033651367138853e-218
