4.5147773649469084e-23
1.0094987453418412e-183
0
6.0747172210089518e-284
2.9609736438897024e-91
9.0536641889237124e-108
1.3492159751932129e-30
9.9689148211213597e-177
0
2.4480341167409915e-288
2.9993246483043371e-107
3.6485552269582548e-118
1.2421853273612171e-20
3.4049344630999247e-185
0
8.8109395834753138e-281
6.0094597801045077e-95
1.0247876382435413e-122
1.368827952862063e-19
1.6892110383690313e-177
0
7.294197374380855e-284
6.0575836690951376e-91
6.4629772140099847e-125
5.720166975919836e-15
3.2382035846897418e-196
1.2303299443838807e-308
3.6383702916329346e-286
1.6144169145505127e-89
1.467537959366846e-122
7.0183017078634979e-26
2.0539550267486348e-178
0
1.1039928388100904e-275
5.8332827351669639e-84
1.1593467961083796e-126
8.6091466417852071e-24
8.7207425528683217e-181
0
3.9405475888102792e-273
1.1454708052057035e-92
1.3619082679986383e-119
1.01114671863555e-27
1.310179231855795e-170
0
5.0770721821035158e-272
5.7397086470350295e-92
1.3213749871708184e-103
1.2885327551869419e-20
7.2044628143217826e-198
0
1.2957064372445914e-278
2.7158718342985964e-79
9.7448955917322311e-123
3.9786331793342366e-19
6.7718080818901189e-169
0
3.8767945019504494e-268
1.1328148537778398e-101
2.3965564572796226e-117
2.9567083455519948e-23
1.642464024281623e-185
0
2.9399169637098129e-281
5.5058478957329706e-86
3.7888149907200028e-111
4.7785465650889082e-14
1.189490495747612e-177
0
3.8721032433614831e-272
1.2740264094849163e-87
8.9401710433807671e-122
5.2762227115521501e-23
4.6464215790676621e-191
0
2.6096952262818538e-275
1.8252953464398974e-79
7.7456089968323076e-123
4.815720683509761e-19
8.261099790926908e-179
0
6.5767949393145583e-272
8.9033484816761724e-98
4.3601410311759853e-118
1.5381353605764583e-19
6.0704355556746255e-184
0
1.6804613430991364e-275
9.4066479207736966e-83
2.145600685616548e-120
9.6221022105965533e-22
8.4523513142165827e-186
0
2.1392603172570421e-274
3.2299132220176855e-96
8.0058670563136736e-124
1.4740195923892077e-21
2.118784932451045e-180
0
1.7862249194937751e-273
