0.137151
0.000000
0.000014
0.022216
0.000000
0.000000
0.083561
0.000000
0.000000
0.000001
0.000000
0.000000
0.244466
0.000002
0.000000
0.011109
0.000000
0.000000
0.179702
0.000001
0.000001
0.001756
0.000000
0.000000
0.034771
0.000002
0.000000
0.000057
0.000000
0.000000
0.001840
0.000005
0.000000
0.000927
0.000000
0.000000
0.000031
0.000000
0.000000
0.000044
0.000000
0.000000
0.000079
0.000000
0.000000
0.132523
0.000000
0.000000
0.001186
0.000000
0.000000
0.008128
0.000000
0.000000
0.000330
0.000000
0.000000
0.000021
0.000000
0.000000
0.062214
0.000000
0.000000
0.000000
0.000000
0.000000
0.010313
0.002419
0.000000
0.014458
0.000000
0.000000
0.018059
0.000000
0.000000
0.003307
0.000000
0.000000
0.004370
0.000000
0.000000
0.003794
0.000000
0.000000
0.012149
0.000000
0.000000
0.000003
0.000000
0.000000
0.000132
0.000000
0.000000
0.043078
0.000000
0.000000
0.004023
0.000000
0.000000
0.000004
