0.035613
0.000000
0.000000
0.000000
0.051008
0.123987
0.005471
0.000000
0.000000
0.000000
0.019894
0.056238
0.098350
0.000000
0.000000
0.000000
0.646559
0.240094
0.204962
0.000000
0.000000
0.000000
0.002233
0.152206
0.117179
0.000000
0.000000
0.000000
0.189299
0.664350
0.008295
0.000000
0.000000
0.000000
0.001014
0.001990
0.050542
0.000000
0.000000
0.000000
0.061955
0.227144
0.446572
0.000000
0.000000
0.000000
0.570859
0.016373
0.094356
0.000000
0.000000
0.000000
0.015408
0.308967
0.023432
0.000000
0.000000
0.000000
0.259705
0.016788
0.014496
0.000000
0.000000
0.000000
0.039713
0.081117
0.051134
0.000000
0.000000
0.000000
0.001144
0.147655
0.012299
0.000000
0.000000
0.000000
0.000443
0.849111
0.000536
0.000000
0.000000
0.000000
0.220427
0.003871
0.178395
0.000000
0.000000
0.000000
0.261687
0.193207
0.383287
0.000000
0.000000
0.000000
0.001382
0.000010
0.015602
0.000000
0.000000
0.000000
