1.0490692249630923e-31
2.0594312133653877e-11
5.9906537180350585e-167
1.4995805554960157e-131
0.0077361642027390567
0.00092733773293498167
1.2447783287523151e-33
4.298611483377377e-06
8.65358802946356e-178
1.9120701185337978e-117
0.035381100630801861
1.2785040017864391e-06
2.6052644150938144e-34
6.1107661488943649e-08
7.1688669633619483e-172
5.3847590916738476e-128
0.0017206343271557038
2.9070266532159622e-05
6.6085012155023962e-27
4.8192017609446343e-10
1.6485426764340622e-170
1.2715398806239166e-121
0.019450340182262143
9.4057112726694201e-06
6.8209892447145119e-33
4.2890982757336989e-11
4.4930289669444807e-174
1.2984753186793256e-130
0.023685938594548924
1.3668718295985213e-06
1.3510303911331658e-32
1.172513625593385e-10
1.0254149430748616e-174
5.8204353203560174e-127
0.0094793747264257221
0.0066431316671775919
3.3381413506322683e-29
5.4595105230836313e-13
3.013015218163178e-174
1.2656762743788949e-120
0.00046672559107296767
0.16967610976829672
4.9490441766000954e-38
2.1520645765954818e-11
6.4525552425460565e-173
5.8511241821520874e-121
8.6544177561060354e-05
0.00024976341344323951
3.2083691902765012e-37
7.5023250539566375e-10
5.5154014135892599e-187
9.3748378206455098e-131
0.0027881365495427855
7.2969158614892109e-06
3.3077877265456719e-36
4.2973124171279207e-07
1.7841775832718232e-168
2.7053245221893859e-138
0.002327483071918335
0.00013248995420287924
2.1606770677805024e-33
1.1438768008621243e-08
4.8768967349493579e-168
2.5485769344315081e-131
0.026854491012633895
6.0921836883713342e-06
3.5575990601051089e-33
4.4016648526484749e-13
1.4385637776704639e-172
2.1255502662620009e-143
6.4446137759292275e-07
7.3364866107135519e-06
3.1811144128724318e-31
2.0707410895985354e-14
2.1970093419931596e-188
3.2503096092310778e-127
0.0066274147773212411
2.8859223947843218e-08
4.11000114020755e-31
2.3659325171832277e-11
8.2272402953691955e-182
3.0565460980898577e-129
0.030866032361487879
0.023094258235174643
4.2680958685099764e-43
1.2270173387753926e-07
1.4154406353138954e-170
1.0891721960557153e-125
0.02807879814660549
9.0024298770817137e-07
1.1865590473103482e-41
1.9567009836740132e-10
1.7986749000466301e-179
3.0086369809860704e-120
0.00013003751261213536
0.00050936854973812357
8.2522609013125997e-40
1.6425656324584405e-07
4.1446946321955402e-166
1.6281774795189505e-123
