0.000000
0.000000
0.000000
0.000000
0.105813
0.000000
0.000000
0.000000
0.000000
0.000000
0.045753
0.000000
0.000000
0.000000
0.000000
0.000000
0.000029
0.000000
0.000000
0.035432
0.000000
0.000000
0.000000
0.000000
0.000000
0.000000
0.000000
0.000000
0.223081
0.000000
0.000000
0.000000
0.000000
0.000000
0.000042
0.000000
0.000000
0.000001
0.000000
0.000000
0.019864
0.000000
0.000000
0.000000
0.000000
0.000000
0.000015
0.000000
0.000000
0.000268
0.000000
0.000000
0.004598
0.000000
0.000000
0.000001
0.000000
0.000000
0.023310
0.000000
0.000000
0.000019
0.000000
0.000000
0.101184
0.000000
0.000000
0.000000
0.000000
0.000000
0.040665
0.000000
0.000000
0.001038
0.000000
0.000000
0.696608
0.000000
0.000000
0.000002
0.000000
0.000000
0.000009
0.000000
0.000000
0.000000
0.000000
0.000000
0.022838
0.000000
0.000000
0.000067
0.000000
0.000000
0.048649
0.000000
0.000000
0.000003
0.000000
0.000000
