0.000000
0.000000
0.000000
0.000000
0.008653
0.064094
0.000000
0.000000
0.000000
0.000000
0.044946
0.000010
0.000000
0.000000
0.000000
0.000000
0.000003
0.219077
0.000000
0.000000
0.000000
0.000000
0.117103
0.030934
0.000000
0.000000
0.000000
0.000000
0.157412
0.000201
0.000000
0.000000
0.000000
0.000000
0.027213
0.017103
0.000000
0.000000
0.000000
0.000000
0.011238
0.000000
0.000000
0.000000
0.000000
0.000000
0.008549
0.001728
0.000000
0.000000
0.000000
0.000000
0.019297
0.470450
0.000000
0.000000
0.000000
0.000000
0.075876
0.000017
0.000000
0.000000
0.000000
0.000000
0.036871
0.000086
0.000000
0.000000
0.000000
0.000000
0.204658
0.013049
0.000000
0.000000
0.000000
0.000000
0.003629
0.462706
0.000000
0.000000
0.000000
0.000000
0.449416
0.019465
0.000000
0.000000
0.000000
0.000000
0.624858
0.001874
0.000000
0.000000
0.000000
0.000000
0.031735
0.000001
0.000000
0.000000
0.000000
0.000000
