2.2847729536545885e-06
4.5056496006329431e-104
3.6430267735296356e-110
6.713636833845704e-145
4.7000367525975228e-53
3.1822227957157778e-40
1.7536213150516749e-06
2.4871111191137497e-105
5.3384745311152126e-102
1.8528307591188021e-132
5.4445410163114274e-53
8.187830887177575e-51
0.0015830372571689929
1.0156049878427597e-113
2.5749271954904065e-117
3.5691413082200797e-138
1.496574742157047e-50
5.2425973636234929e-49
4.9575173846060495e-06
4.8001311128549483e-108
4.8848757917410069e-117
3.8323002333541546e-142
1.3162146049231609e-55
2.0913520747079775e-50
2.5972155606734642e-11
2.4582650602432296e-107
1.2043971205241728e-114
3.9548507811744343e-151
5.387685104682061e-47
5.8971671250772154e-42
1.9024212413722143e-05
1.7708266684120265e-106
5.934985694282748e-111
2.5260533992705898e-142
5.4640812943308655e-71
3.3656808427143236e-56
2.4437740356598118e-08
6.6374690136339153e-112
3.6941945279205001e-119
2.5030386921193172e-141
2.0826428038477401e-60
4.0364726207160062e-52
0.00015408598725393313
1.765885313691821e-108
3.9438943433350088e-125
3.865074403752726e-143
4.1070223702465862e-50
3.8521437446231083e-43
8.4777018054382745e-10
8.3752303459360322e-95
1.2665178729416119e-114
1.9748278390283525e-146
1.812955988498967e-66
7.0408460802192806e-52
4.291364019804605e-07
8.7551888664776725e-109
1.1787502578731855e-108
4.2682373002970248e-143
1.4752087411279002e-65
6.0447986984668564e-53
2.5286020996185881e-05
6.32506428879537e-114
7.2145450489818605e-118
1.8399971061559084e-154
1.7963672540100372e-51
1.1531447447700444e-50
0.0083406099378124272
7.8122428553455074e-98
1.3641508106549257e-108
3.1101405022745472e-146
1.2536561636427502e-52
6.3638473797172079e-45
0.011995138949923502
1.8327857337213806e-113
4.3444160324615893e-100
2.7504280846457951e-144
4.0201630335168691e-60
7.2276521998689972e-47
0.003985954426372923
1.4768163380563626e-111
3.1696131033333596e-116
2.1707429106847444e-147
1.6208989877084951e-57
5.4751442445095791e-48
9.6406839081126668e-05
2.1500436201920407e-110
1.7762246985566803e-123
2.6905584506166037e-146
5.2641023609937803e-50
2.6493765925586761e-48
4.0041541633030397e-05
7.6195270514496604e-102
1.0497708264606176e-116
1.96935335797745e-138
9.8498520377490412e-63
1.3757188804865334e-54
1.6648528283080783e-07
1.2736959757702538e-107
2.270115349345318e-130
4.5315672046788682e-134
