0.000000
0.000004
0.017350
0.903581
0.000074
0.102932
0.000000
0.000005
0.345499
0.022949
0.002464
0.266581
0.000000
0.000000
0.045493
0.002333
0.000069
0.000006
0.000000
0.000000
0.757371
0.488324
0.000000
0.000379
0.000000
0.000020
0.004700
0.068927
0.001141
0.068880
0.000000
0.000001
0.072018
0.030030
0.000059
0.004119
0.000000
0.000000
0.161815
0.032308
0.000140
0.024355
0.000000
0.000000
0.033603
0.219077
0.000002
0.229662
0.000000
0.000011
0.028495
0.856554
0.000000
0.292564
0.000000
0.000000
0.000332
0.098545
0.000000
0.001767
0.000000
0.000002
0.000684
0.786584
0.000004
0.072437
0.000000
0.000000
0.272453
0.002951
0.008616
0.004013
0.000000
0.000001
0.002065
0.350287
0.000002
0.088501
0.000000
0.003812
0.091295
0.003460
0.000002
0.086245
0.000000
0.000000
0.505274
0.372137
0.000000
0.001476
0.000000
0.000000
0.095649
0.135292
0.019392
0.000010
0.000000
0.000004
0.510868
0.007724
