0.000000
0.000000
0.006239
0.001060
0.001667
0.000000
0.000000
0.000000
0.574240
0.012214
0.005645
0.000009
0.000000
0.000001
0.278962
0.044691
0.004091
0.000000
0.000000
0.000000
0.149518
0.273670
0.000000
0.000026
0.000000
0.000000
0.999875
0.010166
0.095967
0.000000
0.000000
0.000000
0.283157
0.093201
0.000033
0.000000
0.000000
0.000000
0.051695
0.002441
0.008502
0.007029
0.000000
0.000000
0.509187
0.491076
0.002005
0.000000
0.000000
0.000002
0.045380
0.000017
0.001444
0.000003
0.000000
0.000000
0.450472
0.002276
0.001898
0.000200
0.000000
0.000001
0.371099
0.063564
0.033665
0.000884
0.000000
0.000000
0.378592
0.000640
0.016423
0.000000
0.000000
0.000000
0.393959
0.008347
0.000497
0.000075
0.000000
0.000000
0.207590
0.165604
0.000056
0.000004
0.000000
0.000000
0.931733
0.019671
0.006310
0.000064
0.000000
0.000000
0.010217
0.001521
0.001974
0.000039
0.000000
0.000000
0.142590
0.269054
