6.3299106347565842e-126
4.1833159214249503e-73
9.549209295853184e-282
9.4281289722440621e-196
0.011921444982153442
1.3735164829723489e-30
8.2066401216362789e-153
5.432307874708542e-74
1.6030673445051589e-279
4.9483343331996764e-207
1.0290065883980413e-05
1.3428843148208549e-22
2.0625963664603657e-116
3.0472423251257558e-69
1.584525933646819e-282
1.1268642263370335e-207
6.2382333204922912e-11
1.7446745488634994e-26
5.0842185798977922e-124
9.7218434745261065e-78
1.8272357417930677e-285
3.6320388465325547e-208
9.6388335713634417e-08
1.2259750308290635e-16
4.3222583146475374e-131
1.2869607503583632e-81
5.3172783746251077e-292
3.2363439336916394e-197
6.1206938138426595e-07
4.0907410126026177e-25
2.9112308177085438e-125
2.1413259860138491e-74
1.3936116500494151e-274
3.3198321059582e-205
7.4744011246061033e-12
1.3051168400115127e-21
5.707319358982122e-119
4.7923153289776918e-76
2.7333519603158745e-278
3.2553081926770469e-206
5.2694210269215692e-07
5.4308019715702666e-20
9.8786506157956103e-117
8.3097815929825008e-74
2.1370105179160076e-268
5.4670426913160068e-206
1.504402681369664e-07
1.2826251705245089e-27
3.1828386659017759e-127
6.690812521696831e-81
2.7479331159720703e-274
1.7917423708769314e-203
1.0722237592429962e-06
3.4355866520901886e-18
5.8507331038970014e-142
2.8085328597463578e-73
1.0837211431049483e-281
1.2472555107203588e-210
5.5911302630926052e-06
1.9929280522533829e-17
4.4055031016705034e-119
2.6099666717904609e-76
1.135715865630603e-278
1.4909059395336312e-212
2.0545128363910738e-14
6.135874247711811e-21
8.2136131647290986e-108
2.0512307765483595e-67
7.6484882454653962e-282
1.7474722349161285e-187
3.0519189548051522e-17
1.2440726910453104e-17
7.1157215864993215e-109
4.695735898017882e-69
1.088909683783901e-283
6.5950096806685411e-204
2.3522500504696847e-11
1.669698957037425e-19
1.6278812599927332e-128
1.9511692896785818e-71
6.4732463164428655e-266
2.905925776980312e-205
1.1323207634518589e-13
1.4354867829800407e-19
1.4788701439344023e-120
1.5632284122214997e-74
2.4514514381987321e-280
2.0260523227206973e-194
2.2130024820079566e-08
6.3838836762211687e-24
7.8641285285595294e-109
2.2775413003137824e-83
4.7147062501963998e-275
2.2494901671118658e-198
4.3625733860584449e-08
2.1795878118691794e-17
2.635178016998918e-125
2.1001974695433125e-80
2.5239351833263448e-279
8.3939813792628154e-207
