0.151069
0.000000
0.000000
0.000000
0.000000
0.000000
0.025088
0.000000
0.000000
0.000000
0.000000
0.000000
0.000659
0.000347
0.000000
0.000000
0.000000
0.000000
0.006030
0.000000
0.000000
0.000000
0.000000
0.000000
0.548731
0.000000
0.000000
0.000000
0.000000
0.000000
0.121263
0.000000
0.000000
0.000000
0.000000
0.000000
0.670275
0.000000
0.000000
0.000000
0.000000
0.000000
0.628413
0.000000
0.000000
0.000000
0.000000
0.000000
0.739226
0.000000
0.000000
0.000000
0.000000
0.000000
0.168897
0.000000
0.000000
0.000000
0.000000
0.000000
0.183225
0.000001
0.000000
0.000000
0.000000
0.000000
0.001527
0.000396
0.000000
0.000000
0.000000
0.000000
0.001454
0.000000
0.000000
0.000000
0.000000
0.000000
0.498042
0.000012
0.000000
0.000000
0.000000
0.000000
0.283001
0.001911
0.000000
0.000000
0.000000
0.000000
0.254691
0.000000
0.000000
0.000000
0.000000
0.000000
0.167192
0.000000
0.000000
0.000000
