5.2404989358827397e-172
3.430857885026314e-56
2.9937458419056351e-30
1.2665796319087391e-31
2.4445537879100217e-22
0.0089902056672081579
5.9950386326565707e-178
1.3026430784790381e-36
7.6730190438788095e-38
9.1418456487948067e-39
3.1414103414127684e-22
0.019678251345006205
3.6563247589469179e-179
5.8709024727928477e-49
5.5724366489811951e-42
2.0214277960565513e-29
4.2175641354909645e-23
0.4695863572859601
4.7118158047287584e-166
1.2593468913692103e-49
1.8497412888606656e-37
3.5211057221996936e-27
1.5885274774492843e-28
0.0014628236387312882
5.5094046050904641e-168
5.6745682305622618e-44
2.4766084802381347e-38
4.4313111705823829e-35
3.4126228039212749e-25
0.00042270164528772505
9.9322889720889107e-177
8.2413609229711321e-55
1.1600024112496258e-37
6.1756368118134567e-31
1.7187509960033441e-24
0.00035038996264428524
2.1763622687537329e-175
7.4885780587567499e-42
2.6290792418600749e-37
2.5161294632839657e-34
1.3151715253457601e-26
0.023730003100057354
4.9530429530907749e-169
1.9767160547611575e-50
2.8643866680309985e-44
3.3382693101165738e-27
7.1107467920843021e-20
0.0049741321897146034
3.0843264790879333e-180
2.0850302592157103e-51
1.121747744143407e-40
7.0791099110869741e-36
2.1106131706437214e-21
0.37583025765672645
1.5063327209914849e-181
1.701875834856688e-57
2.8336489934495137e-37
2.1492458205328642e-30
2.8410893307691629e-25
0.00019538581934718018
3.9642750634846244e-188
4.9188681703834182e-52
2.7036578648301612e-44
2.7282381539633825e-33
3.3998478281886551e-22
0.0030313786196467184
2.5522388622878734e-175
6.6393693797338976e-49
4.7533780200780528e-43
7.1118469225233206e-36
4.6844683094049267e-18
0.012586017964219563
6.3762674471563993e-168
5.9035299097945461e-64
3.3912142968938733e-37
6.2502927679711088e-39
9.3041612376024309e-27
0.0070812941262565401
1.9699838820270351e-191
3.4172019738776131e-55
7.4394589423838857e-34
4.8444479728908548e-35
3.6930299734199626e-19
0.10061780809496662
6.6989251947787788e-177
2.7418444083211637e-49
4.3424102783656749e-44
1.2841102844525838e-39
1.9853994363639541e-22
0.29424764661642916
6.3414994293120162e-175
2.9278850148715765e-49
7.7354328280535937e-44
3.2921729418386834e-35
2.1125851521005219e-24
0.0023274830719183254
2.5973440735077152e-169
1.8108172770416699e-46
8.9312050327534693e-41
7.9456482029025675e-38
