0.000000
0.000552
0.746791
0.153016
0.000000
0.007465
0.000000
0.002178
0.507509
0.023362
0.000000
0.004876
0.000000
0.023651
0.679032
0.000812
0.000000
0.078099
0.000000
0.024292
0.004901
0.035279
0.000000
0.043403
0.000000
0.045251
0.071919
0.641220
0.000000
0.003765
0.000000
0.203145
0.111025
0.854731
0.000000
0.000080
0.000000
0.376876
0.066551
0.001204
0.000000
0.012954
0.000000
0.046047
0.413519
0.030923
0.000000
0.380695
0.000000
0.061741
0.595804
0.007613
0.000000
0.173937
0.000000
0.461207
0.026775
0.246781
0.000000
0.002327
0.000000
0.034922
0.097604
0.983523
0.000000
0.098285
0.000000
0.000132
0.084751
0.120367
0.000000
0.000557
0.000000
0.000033
0.492509
0.504047
0.000000
0.000022
0.000000
0.053395
0.130801
0.151164
0.000000
0.000795
0.000000
0.000438
0.163120
0.846761
0.000000
0.094827
0.000000
0.008413
0.409802
0.099824
0.000000
0.000000
0.000000
0.047105
0.395134
0.146593
