4.6291566146346265e-45
1.2665977008341571e-123
0
3.4572990552929311e-227
6.436251976681151e-08
9.075793228738236e-53
1.0917548955194215e-42
3.5814991802714124e-136
1.6058458472395957e-307
3.3039021723807586e-232
5.6825170666790292e-13
8.9738312340176379e-58
2.4430321331911582e-37
8.249670901195464e-130
0
1.9361668925338377e-239
1.6251928335106552e-08
2.2091789786024639e-53
5.5244695322053525e-44
7.6413148599518202e-129
0
1.4832895034092494e-229
6.3350625825098791e-10
9.8166969559738178e-47
1.0849975985411669e-47
4.877344603228563e-130
0
1.5023243143893084e-214
9.051538405342006e-11
8.942501200218186e-52
7.6979779680621542e-45
1.0235652043258842e-133
0
3.3718681504471431e-233
1.0548263905768388e-09
1.9083726595501057e-49
2.067850846672342e-26
3.5456376976111103e-129
0
2.5732153702386029e-229
3.1372331102141782e-12
2.742994147110893e-43
4.1106469511792938e-41
3.8176245663107708e-132
0
2.1379571407509522e-235
7.2319263946586276e-12
3.0230747928458097e-47
6.6714714514867756e-63
5.0456416238372745e-131
0
2.3146814667858499e-240
2.3889563880587557e-07
3.2987035647315699e-43
3.7765654571255067e-46
1.868646976246164e-128
0
2.7566951831949898e-227
9.2779323841059449e-10
6.0404539436773052e-51
5.6221551338987263e-44
1.4516037749522577e-135
6.7477571650339083e-307
4.011177753873603e-242
1.8594839149179533e-07
5.1347690322934339e-52
2.0693457751100846e-29
6.3753872735664103e-122
0
1.879761342839031e-231
7.4737168893362838e-10
3.297177546859286e-55
1.6249384559217487e-36
1.3005202690608245e-130
0
6.0108225551206207e-228
2.6660800354990375e-09
2.3732040871013967e-59
4.5836370603855372e-47
1.7759601781939392e-128
0
4.3973812568914548e-226
9.5761110707636677e-08
1.3263819021712095e-39
8.3908209004381856e-49
6.8291278132844818e-131
0
2.5017843119420234e-236
5.451519434239764e-13
1.6206552399349172e-50
6.2579789208761282e-47
5.5031334757605155e-123
0
7.9098724684562474e-245
2.4151882522714484e-09
3.4050801121071581e-51
1.3422528156682024e-42
1.8298425536201575e-138
0
8.9638347115391629e-232
