0.000000
0.000000
0.000000
0.001445
0.000000
0.000002
0.000004
0.000001
0.000000
0.014044
0.000000
0.000001
0.000000
0.000000
0.000000
0.006313
0.000000
0.000000
0.000000
0.000217
0.000000
0.025359
0.000000
0.000412
0.000000
0.000000
0.000000
0.000008
0.000000
0.004342
0.000001
0.000000
0.000000
0.000008
0.000000
0.000002
0.000001
0.000000
0.000000
0.000256
0.000000
0.000002
0.001719
0.000001
0.000000
0.000000
0.000000
0.000000
0.000000
0.000000
0.000000
0.000114
0.000000
0.000151
0.000000
0.000000
0.000000
0.000031
0.000000
0.000205
0.000001
0.000000
0.000000
0.000533
0.000000
0.000306
0.000000
0.000000
0.000000
0.000000
0.000000
0.013731
0.000000
0.000000
0.000000
0.000001
0.000000
0.000629
0.000003
0.000006
0.000000
0.000000
0.000000
0.000002
0.000000
0.000000
0.000000
0.000000
0.000000
0.000649
0.000000
0.000000
0.000000
0.000001
0.000000
0.011506
0.000000
0.000927
0.000000
0.000079
