0.000063
0.000000
0.000000
0.000000
0.028917
0.000000
0.000088
0.000000
0.000000
0.000000
0.041120
0.000000
0.000000
0.000000
0.000000
0.000000
0.192224
0.000000
0.000000
0.000000
0.000000
0.000000
0.000389
0.000005
0.000000
0.000000
0.000000
0.000000
0.003391
0.000002
0.000000
0.000000
0.000000
0.000000
0.002420
0.000000
0.000000
0.000000
0.000000
0.000000
0.012884
0.000000
0.000000
0.000000
0.000000
0.000000
0.000016
0.000000
0.000000
0.000000
0.000000
0.000000
0.002105
0.000000
0.000000
0.000000
0.000000
0.000000
0.151732
0.000005
0.000000
0.000000
0.000000
0.000000
0.029833
0.000000
0.000000
0.000000
0.000000
0.000000
0.014991
0.190270
0.000000
0.000000
0.000000
0.000000
0.000996
0.000000
0.000000
0.000000
0.000000
0.000000
0.023371
0.000122
0.000000
0.000000
0.000000
0.000000
0.063038
0.000000
0.000000
0.000000
0.000000
0.000000
0.001898
0.000040
0.000000
0.000000
0.000000
0.000000
