1.6616052898025312e-205
0.092675046089364735
1.3080950467534236e-71
5.9461044032734674e-35
0.0022333044678458495
0.92218623660530852
1.2925127719396193e-198
0.037692254974833847
8.4149583659513742e-62
1.3451822080475144e-34
0.05773110470589455
0.43446405757261708
4.3921443507085097e-201
0.53371722939701649
1.5381802352511494e-57
2.113672305699865e-33
0.0034463350599141184
0.0026704602876402072
1.4324034247383378e-190
0.096926918747769028
9.3243577927472353e-65
4.4706363226558294e-40
2.0114659603408643e-05
0.31004988983799414
4.9279579938435245e-212
0.00099151398926121685
1.463787561686689e-70
7.3604467075150707e-38
0.0063254879673933116
0.099461550942200827
1.1939885601154818e-194
0.013113755481983716
6.5026253048451969e-64
1.0690492365312553e-32
0.00040044750027003076
0.78207669372581767
5.1136259113029974e-201
0.17812423810023401
4.7220513853992173e-66
7.1886372952264309e-38
0.0094830642290532566
0.36267982087572365
4.089242301780147e-188
0.17785336248679781
2.2467016982434119e-67
9.607274473665858e-33
0.013113755481983716
0.45832450891955034
1.0969792262367953e-197
0.044674777866373666
1.7409094183276107e-78
8.6787395217926775e-40
0.059404722324104389
0.33570419320081568
6.0779264277285402e-202
0.0073915984512523064
8.7514351640483382e-65
9.6466432770019426e-33
0.066550656928719309
0.32403097901144368
3.2231903080496707e-201
0.5127757056086033
7.8873501585378378e-75
6.7515990795085399e-33
0.0046755337253527821
0.38338326214584212
1.9521674155622208e-199
0.051586011683615499
9.4875751102265144e-64
1.3895474801311442e-32
0.0079608530526057725
0.80933975209998243
5.1417629369855109e-198
0.29296430511707716
1.5799332333757633e-59
5.17272115855899e-33
0.18691738081028569
0.75419597077315947
3.7505525167124475e-208
0.012619914706263818
4.3485516720264293e-57
6.9633942359479588e-38
0.020066232392660616
0.45396487519577611
6.2597192273799845e-202
0.38976573482216403
1.0726122441043393e-75
1.0672237585492836e-34
0.0095237396002296575
0.21519261731462658
3.2645532973623227e-202
9.0292827867569686e-05
1.3591656892009081e-64
6.7622136294575543e-37
9.8190648814701882e-05
0.016948026424941743
7.4989027341153086e-195
0.1328185857478798
4.3833747466269214e-79
6.6193089906089084e-36
