3.6032567166616814e-262
2.7227760338357127e-25
0.00019454416056380382
1.0155109477552804e-43
1.2999327046054403e-07
3.3790917849410291e-78
2.9241351378730631e-265
2.9935090852794408e-29
4.7268795506087979e-09
7.2920351589844379e-39
2.8198235009588108e-16
2.0049496140494648e-76
4.1459265872094365e-258
2.0762594091532425e-26
0.0018175138291499635
6.0335837928029621e-44
3.9508517391996967e-07
7.1655332002526096e-88
7.6002078635914e-253
2.6126539982041675e-16
2.8699999039432588e-14
8.510246573683706e-50
5.3791607585169524e-12
5.5707336371144393e-94
4.9232715095702541e-256
2.2504139388995782e-34
6.9722735906244423e-07
2.6294172416199439e-44
7.1053521110758601e-15
1.0890425598434241e-71
4.0713154422995058e-255
1.3163229857883015e-21
4.6939611618429756e-05
1.2656574304504794e-34
4.5217894690397269e-19
2.0525381461919429e-79
4.5731986017083754e-253
2.2861993893184302e-20
6.6827230956548497e-06
2.2366304962260346e-34
1.1736739305216491e-12
1.1478677603066947e-92
7.7829838581700282e-249
6.2389769313479682e-31
8.4585695590704346e-08
1.7632128442067986e-32
9.8934084888781067e-15
1.4615116906602704e-71
1.8767465081352273e-272
7.4701291878892261e-31
2.6795134611688128e-06
1.1866532384929832e-49
4.2383005597825384e-25
9.6480576894580925e-79
2.5207124100988143e-246
2.206994608392817e-30
9.0489642497159812e-06
1.251892349158065e-47
2.5550316171050798e-07
8.1507810844773654e-70
7.1061960146559487e-266
1.2408744374513868e-29
5.1794320450471783e-09
1.7267881907840909e-37
3.055392625050205e-09
1.5876883885272998e-72
1.0217729004590171e-259
1.4915534479160055e-27
1.099698878295489e-05
4.9778673244943249e-51
1.5843768879342488e-08
1.6629930824618965e-90
1.1544874066233116e-258
1.4482801370221069e-32
0.0015570906336802382
3.4341558339296145e-50
3.8661857272440373e-09
2.1591169037341588e-86
5.6807501600729523e-265
3.6802862299037738e-30
7.6027638142834821e-05
1.788384906421516e-43
6.4702780626317333e-15
6.1279809174824598e-73
1.7875737242402593e-257
1.8608263363077381e-28
2.0003811391684511e-10
4.6510573448456179e-42
1.1266749669306907e-14
2.0288774001445252e-65
7.1102200634863068e-257
5.1331994250734358e-33
1.9576403701120879e-10
4.1785998850231182e-46
2.6736899769540125e-09
9.955784048355814e-75
4.4646155472658912e-255
1.6752259859727923e-25
6.3401324779626368e-05
7.7509460744521597e-33
