0.000119
0.000000
0.000000
0.000000
0.028307
0.000000
0.000895
0.000000
0.000000
0.000000
0.000233
0.000000
0.000007
0.000000
0.000000
0.000000
0.003996
0.000000
0.004532
0.000000
0.000000
0.000000
0.092675
0.000000
0.002435
0.000000
0.000000
0.000000
0.052189
0.000000
0.000001
0.000000
0.000000
0.000000
0.000511
0.000000
0.000000
0.000000
0.000000
0.000000
0.001432
0.000000
0.000000
0.000000
0.000000
0.000000
0.000000
0.000000
0.000029
0.000000
0.000000
0.000000
0.042512
0.000000
0.002705
0.000000
0.000000
0.000000
0.014458
0.000000
0.002417
0.000000
0.000000
0.000000
0.035794
0.000000
0.000005
0.000000
0.000000
0.000000
0.010490
0.000000
0.000508
0.000000
0.000000
0.000000
0.008442
0.000000
0.000001
0.000000
0.000000
0.000000
0.003843
0.000000
0.000036
0.000000
0.000000
0.000000
0.049255
0.000000
0.000369
0.000000
0.000000
0.000000
0.293766
0.000000
0.000001
0.000000
0.000000
0.000000
