1.4669965744890761e-54
3.87310582940058e-81
5.4732214019253337e-275
9.7172634773175898e-236
7.4166520801207693e-34
4.5230859889279488e-09
2.0149070454732728e-50
3.3510093793812919e-83
6.2901173948503122e-278
7.7361150909622774e-214
1.186925372070496e-24
2.2951789931793155e-15
5.7445139623454906e-58
7.2293779590723218e-90
2.4788469999795419e-269
1.2868641061386826e-223
6.534221286056608e-26
5.7165138566778254e-17
5.5704553996996041e-56
3.569593525093992e-104
4.9352944469086798e-284
1.685646524409533e-227
6.7348222723892696e-23
9.6687768905718573e-12
6.8157324018810369e-46
1.2832026978888085e-98
7.4646782044690494e-262
5.4185032522455034e-215
1.9448750229545981e-34
8.9698128055934537e-15
3.7023111867128205e-49
2.7048711402677622e-89
5.5005818602171783e-280
9.1411794919084539e-225
6.1330494523351825e-26
6.0363549369025713e-20
3.6045355155098176e-42
1.2764460708695116e-82
1.1832483280386419e-279
7.84014980902261e-233
3.0005696906785504e-27
1.2389681461842622e-14
1.2713018148513172e-52
4.8277186889164621e-85
4.2293858085014093e-293
2.9699217053070569e-235
5.0600508046993074e-35
2.738179843917059e-18
7.3859885375937682e-59
8.8856632844047242e-88
1.7743637965307844e-286
2.5793474775467065e-226
2.3131505997889664e-26
7.8414163069546579e-18
6.6405286804814731e-62
2.8068530260750861e-99
1.9456857711573534e-275
1.0532302112714201e-224
3.6575138012459116e-36
3.5076708726059017e-17
1.9030460894565172e-44
2.0398960309173828e-94
1.9648380483762995e-279
8.8009046800233244e-228
1.1195259237484459e-29
2.3708244058586952e-12
1.6846443421485223e-56
2.8280111195330386e-87
1.9967937810279683e-286
5.8932775962603427e-226
9.0872174765050429e-24
1.1442668021524799e-17
7.713953429490045e-50
1.5703348716418245e-89
3.7218127210678847e-280
3.2632972947500426e-225
2.2145131364590413e-25
6.307869795003849e-16
1.3091377609074478e-49
2.1515885445836338e-96
1.0011479524904032e-279
8.854679305421207e-208
5.6067330498948711e-26
3.8368538595475627e-14
2.9327892159735727e-55
1.6569650109518828e-86
3.9369720258396274e-292
8.6817291376033569e-222
2.1400207491707668e-32
2.469167606755387e-15
6.0177235068265204e-56
2.0014220848747548e-97
1.7289142097392625e-270
1.0997068361879129e-224
2.559995462744138e-30
3.2778443325234296e-15
6.3703603609823447e-55
6.618346813926152e-101
1.8039034285280275e-284
3.4597442012959608e-217
