2.5757702584427749e-10
4.8516770281256519e-09
0.0007309591187431723
1.1517112224031629e-05
3.8629045881170139e-33
9.0592784475280871e-09
4.980920134968578e-10
3.0863224435759086e-08
0.023880400291890314
0.0014934049757920548
1.0914108042410176e-17
9.1452692461428543e-09
5.0242319347033009e-11
3.5272507897138393e-10
4.4722447839806779e-08
2.6944931138964976e-05
5.170573083087248e-20
5.3413542518755378e-09
3.4273744881701778e-13
6.7347618219031966e-08
7.4116704842717711e-08
1.977053973073919e-09
3.254359248737505e-28
7.1424006816255143e-09
1.2530012922553571e-06
7.1136467819294207e-12
4.9597608194087821e-06
6.6220343920530667e-07
4.3751506957872235e-28
8.5296069484478364e-14
2.9378769954481817e-08
9.0039028494966142e-12
1.1695515845474141e-07
0.00031486518486146549
3.9187419217385421e-14
3.7637392683962048e-07
1.3368108086350237e-09
4.7478217461073767e-07
8.1379051104873293e-09
0.00097629834454213442
3.8094231909924853e-21
6.5754781925085452e-05
1.7972676123686633e-14
5.5109230541442063e-09
2.5825382781405795e-06
8.0462458592443222e-06
2.8278200370961865e-21
1.5262455107027696e-07
7.3060386586420578e-11
1.6168897885702971e-14
2.2613901637662895e-08
8.6494148889281529e-09
2.2382932815102338e-22
0.006622183766200389
1.0398416308929884e-09
3.2595051976862733e-06
9.3606843777158601e-07
7.6508178887493127e-08
7.8933207608993841e-27
3.8432960514088368e-06
1.4873378064290908e-09
1.2529252384251079e-09
0.00045362558571189547
1.6069882553228921e-05
9.1140545414934163e-18
1.6035527137990085e-09
2.9165971441510147e-12
3.5511764702575153e-12
2.8234232554738193e-06
2.2957165589281571e-10
4.0368779494640815e-24
1.6634230961544059e-09
3.0086321310860952e-14
2.5877591154022457e-12
3.392404512746138e-06
6.4761918338228183e-09
8.3060396611523252e-28
8.4191861149044965e-08
2.7991624803577182e-08
9.5092275825081631e-17
6.9073166008615066e-10
0.0016511214900069449
1.0918772509423012e-24
1.905813841741645e-07
9.5198840053753303e-09
2.2424323549724293e-14
1.0351491823931932e-07
3.2168492743024938e-06
7.6605882649296509e-21
2.2837321139042765e-06
2.6534904350189764e-10
3.8133736879029517e-09
1.1495682575911411e-07
6.6655701059782009e-05
1.2574571138273233e-27
1.7203026564991033e-06
2.9870123419152027e-10
3.7008355299002261e-15
3.747034218558662e-09
0.00064578949589923229
