0.000000
0.000487
0.000000
0.000000
0.000000
0.000001
0.000000
0.014849
0.000000
0.000000
0.000000
0.000095
0.000000
0.102156
0.000000
0.000000
0.000000
0.000819
0.000000
0.000000
0.000000
0.000000
0.000000
0.000934
0.000000
0.000025
0.000000
0.000000
0.000000
0.002003
0.000000
0.000058
0.000000
0.000000
0.000000
0.000004
0.000000
0.002781
0.000000
0.000000
0.000000
0.013826
0.000000
0.007709
0.000000
0.000000
0.000000
0.003706
0.000000
0.010170
0.000000
0.000000
0.000000
0.000002
0.000000
0.000197
0.000000
0.000000
0.000000
0.002176
0.000000
0.000407
0.000000
0.000000
0.000000
0.000001
0.000000
0.000011
0.000000
0.000000
0.000000
0.053866
0.000000
0.000000
0.000000
0.000000
0.000000
0.000192
0.000000
0.000003
0.000000
0.000000
0.000000
0.000004
0.000000
0.001540
0.000000
0.000000
0.000000
0.000000
0.000000
0.000146
0.000000
0.000000
0.000000
0.000244
0.000000
0.000001
0.000000
0.000000
