0.000000
0.000000
0.000000
0.000000
0.000076
0.034771
0.000000
0.000000
0.000000
0.000000
0.000130
0.005937
0.000000
0.000000
0.000000
0.000000
0.000010
0.443528
0.000000
0.000000
0.000000
0.000000
0.000000
0.007843
0.000000
0.000000
0.000000
0.000000
0.000108
0.017038
0.000000
0.000000
0.000000
0.000000
0.000002
0.007231
0.000000
0.000000
0.000000
0.000000
0.000304
0.116196
0.000000
0.000000
0.000000
0.000000
0.000000
0.000354
0.000000
0.000000
0.000000
0.000000
0.000000
0.042149
0.000000
0.000000
0.000000
0.000000
0.000061
0.026500
0.000000
0.000000
0.000000
0.000000
0.000000
0.002680
0.000000
0.000000
0.000000
0.000000
0.000563
0.007154
0.000000
0.000000
0.000000
0.000000
0.000827
0.000029
0.000000
0.000000
0.000000
0.000000
0.000059
0.006751
0.000000
0.000000
0.000000
0.000000
0.000712
0.004603
0.000000
0.000000
0.000000
0.000000
0.011295
0.000103
0.000000
0.000000
0.000000
0.000000
