1.4187117080396529e-22
2.7306362729886796e-05
1.4447084820883055e-20
1.5903099192016215e-39
2.3855958390550332e-13
1.1164144495681545e-09
9.0057801543648358e-18
0.00093434991285920761
5.2686975630718086e-24
1.3151365127044158e-23
1.7034572539059043e-19
1.952947927476921e-10
3.3315710624556771e-20
0.0016087403658685113
2.0280777342193677e-23
4.9615572617320851e-31
6.0963523619415656e-13
1.5553244825717861e-13
2.3418480824272155e-27
0.008415985250955816
1.3362047158378726e-30
6.3255173208656193e-31
5.7952458437148684e-18
1.0324624531795127e-12
9.2761406318588842e-23
1.0055377953250971e-06
7.3960074028592943e-35
1.3043977767463602e-29
2.2494716980299893e-12
1.9070175162254692e-11
1.656660512154442e-25
8.6860511224488539e-06
1.844375715877142e-30
1.4620773339295492e-35
1.7442787660965003e-22
1.5090433193966561e-10
4.319077574419395e-29
8.4417869635187508e-07
4.0189754800034758e-28
1.1484300019776735e-38
2.7021885437932551e-16
1.678962620838647e-12
7.2154227218410951e-31
1.673384963974941e-07
4.6005251773088856e-29
3.7645108169167594e-44
1.7155168300460485e-22
4.952411879994378e-10
3.5053658248856911e-29
4.483454160593182e-05
4.0631975352443849e-22
3.5958823773844103e-47
1.1380488128492002e-16
1.2199959001363112e-11
2.4357220546813279e-25
0.00041239183823882635
1.6545748919533481e-17
3.3258300251092787e-34
3.7603655169896516e-14
6.4388314385034665e-10
1.3929381662274341e-14
0.00041698262565222457
3.8158348012262613e-26
1.0701705782968296e-31
1.4490461889324627e-16
3.8767142620290109e-07
1.0873879161904153e-15
0.0069431776078385538
1.6113177463062397e-28
4.5303275327847184e-21
3.9862005560193384e-22
7.0655059309734993e-12
4.4046038392220528e-26
0.15111651941005844
2.9436263880668855e-29
4.8672991011549969e-34
7.7975419615012443e-14
4.6628303464778305e-13
4.8083820489925859e-26
3.1696461329733545e-05
4.1302776333937448e-25
5.6965990950453083e-23
1.1821366564966541e-15
4.7288867618498291e-15
1.0183665532063608e-27
2.1720631589430953e-06
1.4498135717095269e-30
2.3582121578054174e-32
8.5505431676560019e-14
1.5815811876109374e-06
5.5670089045974744e-24
0.0014151583232561507
5.7209894116678707e-24
2.6209956525523482e-37
9.4484695489389385e-19
5.4147087387060072e-07
1.5573804068740545e-27
6.7066546308925003e-05
1.1062163914833274e-20
1.332157768736459e-34
