8.8596905902363696e-06
9.8119888471122573e-09
1.7343055723662724e-23
4.1452821729779607e-07
0.74987258646526112
1.7191292881662443e-05
0.0015481075369954279
1.9327016351990475e-06
3.7240822466313013e-26
3.0103583204397588e-06
0.2627197684207277
1.9031610413981793e-07
0.049780375961786562
5.9346914564289795e-06
1.9888082156503692e-18
3.2521843860423618e-05
0.058257042854443046
9.3249016060397243e-08
6.8772049219162158e-09
1.2156903724541815e-06
2.118663697854975e-17
4.1298455419635772e-08
0.19942987533643525
1.7738119659621416e-09
0.00033803571425270558
1.4853823759573314e-05
1.7381132321943088e-17
0.00049153803654396915
0.046921885667268418
9.0065645048034085e-07
2.5017667135527751e-05
2.2445265762957933e-06
4.9254063820309188e-28
1.8858959553157818e-08
0.22906376112294374
1.4769682104237791e-08
0.0016634287268727532
0.00061285218832761012
1.0996377155833173e-24
4.4077689094656213e-08
0.50873936580558488
4.3712695502567262e-06
0.0016187339959305624
0.0017981667945393771
1.3970714397928646e-15
0.0042334439921371718
0.19425228778994114
0.00051392425880906296
9.4693444977694211e-06
0.23919935749434504
5.8061166843978763e-21
1.5714737909186875e-05
0.68222309649335644
4.1867748789530501e-09
1.1016747073974905e-05
0.00044940320146328222
1.5533528561237892e-11
0.0041376966260415395
0.27344146437980504
1.3384083381068059e-08
0.022676560855060295
0.0020141812308717556
2.8366391862134467e-16
1.7952122393384768e-05
0.072042188403913174
0.00062329330654252208
0.013878548300234092
5.4121116705676641e-06
1.1556147534409399e-22
1.0433066867572657e-08
0.44237642240199848
0.00053277521742109131
1.9632902099554408e-07
0.0095534265393151744
5.2846948934111846e-24
3.1646659073602436e-06
0.13294555160000907
2.6528231020286941e-06
0.0069513910542796792
1.8696107530795691e-05
1.1288958632750114e-14
1.3436925681306438e-05
0.16428226469121388
3.4946273568692254e-09
2.7746548354862402e-07
4.8202356164690116e-08
3.0572243743454639e-18
6.1335834659024853e-06
0.43094976734758905
0.00011674098242861415
1.2219388555158632e-05
0.00019312151272583478
1.1832779892981974e-19
0.0055101982117928558
0.29120637729246623
1.7924838607224654e-06
0.015835457837355904
0.0010048600054217325
6.4713294217970701e-21
0.00078578083808265127
