0.000000
0.000000
0.000000
0.000000
0.000009
0.007081
0.000000
0.000000
0.000000
0.000000
0.000000
0.000029
0.000000
0.000000
0.000000
0.000000
0.000000
0.000163
0.000000
0.000000
0.000000
0.000000
0.000000
0.000070
0.000000
0.000000
0.000000
0.000000
0.000000
0.000000
0.000000
0.000000
0.000000
0.000000
0.000000
0.016213
0.000000
0.000000
0.000000
0.000000
0.000000
0.009928
0.000000
0.000000
0.000000
0.000000
0.000000
0.001617
0.000000
0.000000
0.000000
0.000000
0.000000
0.000136
0.000000
0.000000
0.000000
0.000000
0.000000
0.000000
0.000000
0.000000
0.000000
0.000000
0.000000
0.000003
0.000000
0.000000
0.000000
0.000000
0.000000
0.000001
0.000000
0.000000
0.000000
0.000000
0.000000
0.000004
0.000000
0.000000
0.000000
0.000000
0.000000
0.030551
0.000000
0.000000
0.000000
0.000000
0.000000
0.002075
0.000000
0.000000
0.000000
0.000000
0.000000
0.000636
0.000000
0.000000
0.000000
0.000000
