5.24956756257094e-149
2.1379661860198334e-13
1.5274195286232726e-37
1.3426005016545983e-41
1.531335795192711e-12
7.325297223110884e-10
1.323461424684046e-141
2.8778029909887514e-08
3.4339549667029036e-36
4.4940260158255834e-46
2.7642368913976772e-11
6.2594613699676054e-06
2.0880335855120149e-137
6.8372447928833774e-13
2.8258854042533969e-31
1.5495066989454989e-25
2.8927059658205938e-08
0.00032374615626995572
1.8193091842875555e-138
5.0965972722254744e-10
6.9332101207704424e-32
4.3562657606632213e-37
4.074069784034044e-10
0.010349087730203691
7.0369730379165427e-149
9.2830756335194514e-12
5.9589504623677463e-36
1.3402793371231227e-28
2.1589822171269944e-10
1.7392042115772738e-05
6.5844759937223753e-145
1.6115437889192454e-11
4.439229573041542e-24
1.3450566318038461e-19
1.7726992614647283e-11
8.3751574674230259e-06
6.963204796496239e-146
6.3018482790528163e-10
6.8417519078369828e-32
3.3167850389053254e-30
1.3637155528103272e-12
9.4079017140202164e-08
2.576711372868894e-134
1.2038139462138554e-07
4.6193001259755921e-29
8.626607310910169e-23
8.0314893027342234e-08
8.4152578091942611e-08
1.3709599853459228e-150
3.9802264749252811e-13
4.6927792040445379e-29
1.6018984331525706e-22
1.5129409072745901e-19
2.8453369280481634e-06
2.3989669818988822e-138
1.0718489734101081e-13
1.5848004505000662e-31
7.0790361081175287e-26
4.4004194671088697e-10
1.097228893224357e-10
5.4624570436980153e-130
2.9486252649445911e-14
1.5973039172538064e-40
2.4101759111869071e-23
8.9389407936062468e-15
3.1064738347124522e-07
3.1651135033362343e-134
1.3978344606276411e-13
3.4695583542881588e-33
9.0672263791883734e-29
8.4167224066951502e-06
6.9261714335034547e-09
2.422789239626221e-151
2.2672612270057129e-10
1.1081003039206433e-30
1.1852751059038981e-30
3.5396837598207244e-09
7.2245340221516483e-10
8.9435561173555086e-141
2.2571410902508042e-08
2.6283163846582662e-31
2.8113758708397508e-32
3.1670327120281948e-08
1.9841264249911313e-10
3.1982165691208353e-147
4.1187513797836175e-11
5.5925399340002562e-26
1.7473258166775176e-30
4.3700901965106878e-14
2.6308761192770849e-08
1.5438583785165866e-139
2.7816512506123564e-11
3.3019496597504774e-38
1.5261360730087771e-25
2.8465466383513461e-12
5.1085221036919924e-05
2.1875154797290525e-140
1.91974381566951e-13
3.5913267638401004e-30
9.3180013713168466e-34
