0.000000
0.000000
0.000000
0.015926
0.727452
0.000000
0.000000
0.000000
0.000000
0.042436
0.465817
0.000000
0.000000
0.000000
0.000000
0.537371
0.014507
0.003562
0.000000
0.000000
0.000000
0.681278
0.184840
0.000000
0.000000
0.000000
0.000000
0.074493
0.678677
0.000017
0.000000
0.000020
0.000000
0.022167
0.218244
0.000000
0.000000
0.000000
0.000000
0.062386
0.041135
0.000000
0.000000
0.011775
0.000000
0.009628
0.020515
0.000000
0.000000
0.000000
0.000000
0.385310
0.081062
0.000105
0.000000
0.000000
0.000001
0.422846
0.004335
0.000000
0.000000
0.000000
0.000000
0.215699
0.620122
0.000000
0.000000
0.000001
0.000062
0.029778
0.050027
0.000000
0.000000
0.000007
0.000000
0.200562
0.567948
0.000193
0.000000
0.000000
0.000000
0.625806
0.561443
0.000000
0.000000
0.000075
0.000000
0.098025
0.656999
0.000006
0.000000
0.000000
0.000000
0.470234
0.013419
0.001445
0.000000
0.001153
0.000000
0.017057
