0.878679
0.000000
0.000000
0.000000
0.049816
0.138900
0.004530
0.000000
0.000000
0.000000
0.466247
0.090174
0.052465
0.000003
0.000000
0.000000
0.073084
0.346039
0.392298
0.000030
0.000000
0.000000
0.039230
0.188275
0.779979
0.000010
0.000000
0.000000
0.282766
0.529162
0.137543
0.000000
0.000000
0.000000
0.571674
0.247486
0.008128
0.000000
0.000000
0.000000
0.011780
0.024536
0.319493
0.000000
0.000000
0.000000
0.038879
0.178558
0.485030
0.000018
0.000000
0.000000
0.503936
0.276805
0.888157
0.000000
0.000000
0.000000
0.475974
0.094387
0.368279
0.000000
0.000000
0.000000
0.157119
0.065098
0.500262
0.000000
0.000000
0.000000
0.171297
0.014917
0.346669
0.000000
0.000000
0.000000
0.707291
0.368748
0.183059
0.000000
0.000000
0.000000
0.647745
0.127661
0.040534
0.000000
0.000000
0.000000
0.750898
0.002142
0.000500
0.000001
0.000000
0.000000
0.221654
0.177691
0.276422
0.000000
0.000000
0.000000
