4.0549551213529001e-292
1.4306618888753219e-11
1.4305861557189697e-77
1.4889955110500212e-13
1.9154128355120606e-08
0.23995618230063467
4.2962886372149808e-306
1.6460937011141614e-09
9.1144396846732243e-115
7.1158593796835933e-05
2.1614889455028934e-12
0.058175845500363893
8.9755885030849574e-289
1.6195002556243277e-15
2.0165196432439643e-96
3.1663427806271724e-12
0.00048511341826872425
0.50393569325893439
1.7284189537525956e-287
2.6597548934875222e-09
1.027544245470118e-118
1.1174795722215469e-09
1.4299562206918784e-05
0.16781037372942795
1.6563093257192681e-288
1.0379032806203175e-08
5.821873604981202e-105
8.6018722032106196e-08
0.00018551793261221351
0.037475260268833688
3.7791502550199941e-280
4.7687788152141346e-13
1.6044093573093243e-66
1.877571639570921e-10
5.4984141899573635e-06
0.048460197184793941
7.9760995991765144e-290
5.8616912379616336e-12
2.896473397817214e-81
1.4521578315346077e-07
0.00015355266132036427
0.0089447343068863559
1.2404176878267915e-286
3.1039813949916566e-11
3.5266493278935958e-110
8.0165058403522051e-08
0.0051353640610640556
0.088946262890656602
5.9002782699076577e-303
5.2234623520154097e-07
4.952265110669993e-118
9.7771445453297402e-12
6.2430991691690636e-07
0.00099234302015488137
2.6019268279196856e-280
2.3491876020420878e-10
7.6123760434678224e-89
7.7544574517408862e-13
2.2124617924874294e-10
0.12056094728505135
1.1982456913650971e-288
1.4231315425072583e-10
3.237707813363878e-120
1.4748817314313687e-08
2.4734728381252746e-07
0.52496182309554107
4.8657390403292953e-294
1.3420948298655822e-10
2.1214367103133073e-84
6.6854035815102654e-12
7.4742413485358307e-08
0.002666115363789781
2.3503152208698655e-294
1.4055319695897554e-12
4.3814488448459543e-91
1.3161055397358764e-13
3.6367108392581798e-09
0.40213098691060845
5.3921952764427293e-279
2.2878022959002826e-09
7.8133010751163879e-102
7.2591230302854835e-10
0.025756525762677205
0.017462276116464615
1.4036135110984691e-296
2.4078967734839141e-05
2.7105345490141386e-148
8.0021395151068185e-11
1.2093602402129176e-08
0.50326695448638104
1.625220261304378e-296
1.5003300510797637e-12
2.8917594947463748e-90
6.2516322313938813e-05
3.3430098900219606e-10
0.0067568230127360044
1.1551780209755463e-297
7.0237861131139299e-07
4.1420269913807906e-102
5.9106170046454519e-06
