2.233787855469396e-22
3.9355700335981239e-54
0
0
0.00046022767249134219
0
1.1039073709751958e-07
5.4032754654705221e-38
0
0
0.024300886246386374
0
0.00093905344460385386
4.0351845046983209e-31
0
3.4944431070113061e-268
6.9313751363298497e-06
0
1.593220116679126e-10
1.8871882358481886e-30
0
0
0.015944120645117778
0
5.4693698441478921e-05
5.6230095154980528e-34
0
0
0.0025795921993611061
0
2.0131555134942195e-11
1.3012357668233562e-43
0
0
0.25846288062240741
0
3.0147350483307451e-05
2.0910441928408478e-31
0
0
0.072017557790261894
0
1.9648661019171562e-09
1.2677055916816114e-36
0
0
1.9247804448849355e-06
0
1.7748801129016107e-16
1.8215331345120757e-21
0
0
0.25103301848443715
0
6.6684964679188081e-05
3.0176838871105413e-36
0
0
0.0003038717728538651
0
0.00011904999091298032
3.6951099766244319e-32
0
0
0.21690496609776883
0
4.8909242803139884e-12
2.2450333766388827e-29
0
0
1.2969801214361518e-05
0
1.4312365637389618e-05
1.4002024154395384e-25
0
0
0.26323710379975768
0
8.3025300557674459e-13
3.4475337790422843e-35
0
0
2.5505460602190209e-08
0
1.3626014979164011e-08
4.0118807454848141e-32
0
0
0.0010036014021183501
0
2.0111992830922658e-09
4.168739303996705e-33
0
0
0.17425642166104682
0
1.3392348631719003e-07
6.4259490445080524e-24
0
0
