0.000000
0.000000
0.000000
0.000000
0.000000
0.000049
0.000000
0.000000
0.000000
0.000000
0.000000
0.001265
0.000000
0.000000
0.000000
0.000000
0.000000
0.018466
0.000000
0.000000
0.000000
0.000000
0.000000
0.177205
0.000000
0.000000
0.000000
0.000000
0.000000
0.003534
0.000000
0.000000
0.000000
0.000000
0.000000
0.000001
0.000000
0.000000
0.000000
0.000000
0.000000
0.017495
0.000000
0.000000
0.000000
0.000000
0.000000
0.000014
0.000000
0.000000
0.000000
0.000000
0.000000
0.002571
0.000000
0.000000
0.000000
0.000000
0.000000
0.000013
0.000000
0.000000
0.000000
0.000000
0.000000
0.000478
0.000000
0.000000
0.000000
0.000000
0.000000
0.000178
0.000000
0.000000
0.000000
0.000000
0.000000
0.465065
0.000000
0.000000
0.000000
0.000000
0.000000
0.000000
0.000000
0.000000
0.000000
0.000000
0.000000
0.006588
0.000000
0.000000
0.000000
0.000000
0.000000
0.000000
0.000000
0.000000
0.000000
0.000000
