0.040345338966193141
0.00024879901503760496
4.1657769671269812e-17
6.6184636796984961e-17
7.6579293915150242e-16
1.6279382145548891e-20
0.0045847924788460738
2.280714016956247e-07
3.0909488646265597e-18
1.2604975077756249e-14
6.4633537998950852e-18
1.6124600345385318e-12
0.10947724228033955
1.648446172318297e-09
3.7349487295750381e-20
1.6800787113324384e-24
1.7200480045922953e-17
7.022258145781274e-20
0.00013783107166690395
2.6051597013802772e-14
5.4921754967432763e-19
2.1776703365342885e-23
2.7827012673694339e-19
1.411645132107352e-15
0.0048197145533637898
4.7528120764955117e-14
1.624905469492501e-10
7.473941158487842e-31
2.6490604437176908e-14
2.7697702374447991e-18
0.030742096354284053
1.8196960092219747e-06
3.1784764281314314e-24
2.4605174350848364e-25
1.1162559931485999e-15
8.8213628833966973e-08
1.9732749395863601e-05
5.2080643903913783e-06
9.71463091978392e-16
7.3570969039850651e-18
7.1219076240622184e-11
1.5534290862073546e-27
0.18748212725000449
2.6688007614338817e-10
1.2755614433339532e-08
5.175079498691989e-19
4.7195684526018563e-15
1.6393166115201326e-14
0.017284878643086841
2.0394141468198134e-14
1.9558278622146119e-15
2.9597046377431915e-27
1.3185820729361263e-15
9.978225587942928e-13
0.0090818136767236921
4.4532040009703551e-06
1.2908552664779886e-15
3.8374219202691471e-20
2.3565907758423663e-14
3.5573417513901332e-14
0.14102375614720658
3.9409416404697149e-05
1.2904739662696247e-20
5.8764105580359604e-22
7.8051935431812821e-14
3.6828200926221323e-16
0.098610235076310157
1.9116499273478896e-06
2.3593189925773654e-12
8.2916637732808173e-27
2.0595050296544278e-16
2.039876133577479e-12
0.0003511391419792042
1.2553154671821777e-12
1.4845941641193312e-10
1.7880463592769381e-20
1.670001761975325e-10
3.7036895090254271e-22
0.047846164808985764
3.1265472741050582e-11
4.477953361210534e-20
5.49218442117724e-25
7.8954614819146903e-20
6.6478529139793133e-11
0.048254718183924461
3.7231830237170279e-06
8.2259410209663777e-13
7.0951076901984439e-25
3.6375014986050944e-16
4.0313051086837349e-12
0.042618760321138968
3.822028210617524e-13
5.0533871174562617e-11
1.761383998334189e-15
2.7837421680971552e-17
2.882721189523585e-14
3.148638870016311e-05
5.3108820667463281e-07
3.0433924744832061e-16
1.4419675536773587e-19
