0.000000
0.000000
0.000000
0.000000
0.272605
0.000000
0.000000
0.000000
0.000000
0.000000
0.128769
0.000000
0.000000
0.000000
0.000000
0.000000
0.337117
0.000000
0.000000
0.000000
0.000000
0.000000
0.135722
0.000000
0.000000
0.000000
0.000000
0.000001
0.034158
0.000000
0.000000
0.000000
0.000000
0.000000
0.000017
0.000000
0.000000
0.000012
0.000000
0.000000
0.000399
0.000000
0.000000
0.000000
0.000000
0.000000
0.156146
0.000000
0.000000
0.000000
0.000000
0.000000
0.000260
0.000000
0.000000
0.000000
0.000000
0.000000
0.467323
0.000000
0.000000
0.000000
0.000000
0.000000
0.090024
0.000000
0.000000
0.000000
0.000000
0.000000
0.153111
0.000000
0.000000
0.000000
0.000000
0.000000
0.004525
0.000000
0.000000
0.000000
0.000000
0.000000
0.000258
0.000000
0.000000
0.000000
0.000000
0.000000
0.049482
0.000000
0.000000
0.000000
0.000000
0.000000
0.253755
0.000000
0.000000
0.000001
0.000000
0.000000
