3.7435049110332351e-16
4.726778389815578e-35
8.3979107849301077e-228
1.1154079467922573e-163
0.0016422881083883096
0.31915207250671451
8.0287720643800247e-19
6.2889531308435635e-39
4.5056438327687952e-232
4.2812690053157192e-151
0.032949577262935542
0.14797978618363053
4.3593748752779273e-14
5.6434046442854923e-35
8.6364281821677555e-243
3.0910825786549498e-160
0.23186715065842639
0.73496603548537243
4.4396158046817492e-15
2.0521612632335027e-38
2.8399514074109032e-247
4.8436730977712743e-151
0.48810371117251428
0.79432549424296661
1.0770648544227143e-24
3.6456959471539624e-37
4.1029411506420096e-234
1.4952449094575354e-157
0.0035095277157930296
0.77909478727801906
1.3098300180242946e-14
2.9883202775613785e-35
3.9947292553727401e-241
3.2558483699132453e-162
0.36893559593655006
0.4111061258866735
9.785513996666857e-13
2.3289467353680398e-34
5.9475421556654151e-236
9.6438879986381218e-156
0.00012310568254023034
0.99425094024319471
8.7991566705362517e-15
3.2191734809062961e-41
6.4433165108047476e-236
2.1351886173875364e-149
0.0037721810039931182
0.0051764529807617754
1.0265083504707698e-20
2.5433261355278594e-34
2.2070865866945144e-242
1.599875653897103e-146
0.0058483742209401697
0.06240793985657396
3.3768505659254386e-14
9.2702312065260132e-35
2.4579903391299138e-239
3.5837820315889473e-163
0.046145117764762281
0.87062002773669023
8.2985873027707483e-14
1.1634101928898386e-39
1.1710317019537644e-258
6.480014645472712e-159
0.017109190245876937
0.046112328368367143
6.2170686823125088e-15
3.4737419896204654e-39
4.5238137616289563e-240
6.8254137196802964e-169
0.03224873606518177
0.10830257706396934
9.4166568952560682e-16
5.8930798598372991e-45
5.1278725559251609e-251
6.4250395097338765e-157
0.16141479507757628
0.08224776348991869
5.8735693851805981e-21
1.2451640894320737e-37
9.4817872618450265e-242
9.8843451535000238e-152
0.79908136204884561
0.98951746555766285
3.9925585717240545e-14
1.3345173295020234e-43
4.6288611536711801e-231
5.113581904578226e-160
0.0091350705187420791
0.58593759092575004
1.0444331879629614e-21
2.5924499955609059e-38
4.2927254660332719e-236
2.8881742621013593e-159
0.022474581422954963
0.080325512686896111
3.7865108883547841e-19
1.6722208260282431e-34
1.225385036711308e-236
1.0319405447173934e-163
