0.000000
0.000991
0.000005
0.000053
0.000009
0.000001
0.000000
0.000000
0.004827
0.000000
0.000000
0.000002
0.000000
0.000000
0.000000
0.000000
0.000000
0.000000
0.000000
0.000147
0.000006
0.000000
0.000000
0.000000
0.000000
0.000000
0.000000
0.000000
0.000000
0.000000
0.000000
0.000000
0.000000
0.000000
0.000000
0.000001
0.000000
0.000002
0.000000
0.000000
0.000000
0.000006
0.000000
0.000001
0.000017
0.000003
0.000000
0.000000
0.000000
0.000001
0.000019
0.000000
0.000166
0.000000
0.000000
0.000006
0.000001
0.000000
0.000000
0.000010
0.000000
0.000000
0.000061
0.000459
0.000000
0.000001
0.000000
0.000000
0.000000
0.000001
0.000001
0.000002
0.000000
0.004899
0.005467
0.000000
0.000000
0.000000
0.000000
0.000000
0.000005
0.000013
0.000000
0.000000
0.000000
0.000000
0.000000
0.000000
0.000001
0.000000
0.000000
0.000015
0.000372
0.000000
0.000018
0.000000
0.000000
0.000001
0.000000
0.000001
