0.000000
0.000000
0.000010
0.000000
0.000094
0.000133
0.000000
0.000000
0.000000
0.000000
0.000000
0.000002
0.000000
0.000001
0.000193
0.000000
0.000001
0.001073
0.000000
0.000001
0.000000
0.000000
0.000000
0.047055
0.000000
0.000000
0.000000
0.000000
0.000001
0.002319
0.000000
0.000000
0.000000
0.000000
0.000000
0.016967
0.000000
0.000000
0.000006
0.000000
0.000001
0.011169
0.000000
0.000000
0.000000
0.000000
0.000000
0.001827
0.000000
0.000005
0.000000
0.000000
0.000000
0.019693
0.000000
0.000000
0.000000
0.000000
0.000013
0.030284
0.000000
0.000000
0.000001
0.000000
0.000033
0.002005
0.000000
0.000000
0.000000
0.000000
0.001665
0.000020
0.000000
0.000000
0.000000
0.000000
0.000000
0.042863
0.000000
0.000000
0.000000
0.000000
0.000000
0.000175
0.000000
0.000000
0.000000
0.000000
0.000013
0.002873
0.000000
0.000000
0.000000
0.000000
0.000002
0.000172
0.000000
0.000000
0.000000
0.000000
