9.5858038745104029e-213
2.0428501873067968e-13
6.6799555974057102e-11
4.051247431452368e-08
0.46991013599798359
2.2157121321568142e-13
4.7212176080814008e-221
5.3142778841630834e-12
6.4970244156600887e-14
7.8035877959790024e-06
0.0090112670691718903
2.469167606755387e-15
1.1161531080043613e-211
1.4719819514775969e-17
9.5358781536611673e-13
0.054915224395568181
0.10830257706396934
5.7077993086080984e-16
3.2978887746206389e-217
1.0167906528103736e-09
1.7296301398475607e-09
4.5609875761158193e-07
3.4833189238457454e-05
6.8139288482269771e-13
1.842118842310142e-213
3.7913846779165225e-15
2.1709754232593978e-12
8.7291426497558507e-06
0.00070259788314823229
2.155676699434836e-26
7.4378335084338942e-226
1.0090211678013004e-14
2.8231137718151965e-12
4.7986036991452713e-06
0.21843615265933317
4.571392746507257e-17
5.3094050972491721e-214
3.2403147091277864e-06
5.1492117351855194e-12
0.0012096600438093561
0.00037660247538761715
4.7525816100377491e-16
3.0567961678107837e-204
1.2092716897860146e-17
9.8417094616337842e-20
0.012532926951712381
0.24126780805163422
1.6482897678156423e-25
2.0655751155965002e-219
1.9530394929116053e-14
5.5584050982163714e-14
2.7825279545208627e-09
0.085985008298434237
8.9032228135567742e-18
7.6506887801804441e-225
3.6683104189357498e-13
7.6517225816627111e-11
7.9633459502460822e-06
0.18350259984473227
4.0865834324447577e-15
6.0411402414389366e-210
5.8938344929956031e-07
4.4210595117053923e-13
0.0025306433218466296
0.023703555145771642
7.941325562597259e-17
5.3520776486541883e-224
2.7035715704422652e-10
7.0948565274924259e-15
2.3085588911926529e-09
0.006804968239377149
2.6821785317035717e-16
5.7343200343777747e-224
1.4353692255893074e-07
3.7741902984199111e-07
2.2424211321996388e-05
0.0033910897661451125
2.2140739640398132e-19
2.3796012689619237e-215
1.5425634827519664e-12
9.1912222618545543e-16
0.00033330008111655691
0.02937682142529224
9.1257765008258597e-15
3.5288383434242147e-205
1.9298549555602427e-07
1.4809960262177242e-13
0.00017096111427032136
0.012904140210358137
1.1202435574153986e-18
1.8318467240266101e-224
3.6273073688272039e-13
9.8278221815275515e-11
0.0010040207654340506
0.031195015197941278
1.9754225063808063e-22
2.172244929741866e-217
1.7581808549656727e-11
3.8908446418472815e-12
3.1626283798139521e-05
