0.002522
0.000000
0.000000
0.000000
0.000000
0.000000
0.001359
0.000000
0.000000
0.000000
0.000018
0.000000
0.000004
0.000000
0.000000
0.000000
0.026451
0.000000
0.007794
0.000000
0.000000
0.000000
0.000001
0.000000
0.000212
0.000000
0.000000
0.000000
0.000000
0.000000
0.000542
0.000000
0.000000
0.000000
0.000095
0.000000
0.000031
0.000000
0.000000
0.000000
0.067404
0.000000
0.000000
0.000000
0.000000
0.000000
0.000000
0.000000
0.000015
0.000000
0.000000
0.000000
0.001891
0.000000
0.003361
0.000000
0.000000
0.000000
0.000000
0.000000
0.000442
0.000000
0.000000
0.000000
0.000444
0.000000
0.000027
0.000000
0.000000
0.000000
0.000000
0.000000
0.000045
0.000000
0.000000
0.000000
0.000000
0.000000
0.000000
0.000000
0.000000
0.000000
0.000018
0.000000
0.000350
0.000000
0.000000
0.000000
0.000000
0.000000
0.000203
0.000000
0.000000
0.000000
0.000000
0.000000
0.001538
0.000000
0.000000
0.000000
