0
9.2399562530374823e-20
5.8527462602069161e-96
6.471596670928019e-12
2.4857379799098549e-33
1.7570090803527631e-09
0
1.7587876826561027e-14
1.4408219169589142e-105
1.4867051329924287e-17
2.8086777711021136e-35
1.206831349426961e-10
0
4.4046330987745015e-10
5.9376390100545342e-95
9.155324124266308e-29
5.8331377540286037e-33
4.8608801058419212e-09
0
2.4211767750735364e-14
5.7672847798329808e-105
1.0571724199759584e-15
8.9254695721720041e-35
6.2319523567760224e-08
0
2.0750920720208558e-13
2.0336321383335098e-119
1.2470623706171353e-13
1.0513991828952584e-45
5.1480438858512652e-10
0
6.8539477512977042e-13
1.3576238001672278e-112
3.6691048484654677e-19
4.3791151100603789e-42
1.4780986657751836e-06
0
1.6698734525328306e-15
4.2147859780560404e-131
6.4307824268806425e-16
1.4334495216665428e-39
1.637432753240877e-05
0
3.2037948950387619e-13
8.7851491471335231e-110
2.897151601388276e-09
1.1755896652686559e-37
8.297535828215542e-10
3.19238889327768e-309
4.2629059035506297e-12
1.2262677505115376e-106
2.0934725421892541e-16
4.1474775270093037e-45
5.8760134123008408e-06
0
1.7943461487279821e-17
1.4683788107395011e-102
1.4208807965979465e-17
8.3191020114201454e-31
0.00029137595357732482
0
1.0190854576120816e-13
6.3457415448319051e-113
8.692196476791629e-17
1.9346651468294521e-33
2.2018590703357879e-05
0
1.6617609614062626e-07
8.9921256473919755e-109
9.1504286621770511e-10
1.3172584742651161e-30
2.9306898749586504e-06
0
2.0258639342846137e-18
5.4882205160372325e-96
2.4484330064825138e-16
4.4021918213814018e-40
2.5475112668006415e-06
0
2.9465286167526106e-12
8.1212626152174048e-105
2.0906698660470315e-15
8.1242008885393703e-33
7.3568522756908588e-10
0
1.8332872080800809e-15
1.1758336089962652e-103
8.1854296324719732e-14
4.1425013980884119e-41
3.0707392852443237e-07
0
4.7301206656829122e-10
1.50724859389477e-117
7.0067932321265319e-06
5.1150379106735618e-34
1.6382292454585944e-06
0
5.6934696680097404e-12
2.8980277121454845e-122
7.8230926834432714e-11
