1.4577208057192067e-280
1.5210029664418305e-09
2.3292228727138712e-107
2.4162219061272905e-53
8.657348339562174e-16
2.280714016956247e-07
7.6863953657868985e-281
2.2383975178288618e-06
4.2697607141065175e-86
6.6136808225824319e-68
1.9291885570851594e-18
8.8049151403931194e-08
1.2433653525962313e-291
1.1487445235282132e-08
2.1907657398053199e-111
8.2446414097528758e-70
1.598830143506946e-15
4.074069784034044e-10
1.0664268774185591e-284
1.1490729271882555e-06
6.7881855276233816e-109
7.2534374430777415e-74
9.3084375849426751e-17
2.5151490503979573e-05
3.5524106502410688e-290
1.05684054022129e-09
1.1110451287737306e-91
3.6745064383436676e-75
1.6600032188493897e-15
1.2062598232163668e-06
9.0325575599400282e-289
8.3292945304510915e-08
4.2344782461618104e-100
3.6658345127114408e-74
1.4046864473107187e-15
0.00027771199612663006
3.5863671200249164e-296
2.6099475633505586e-08
3.3818028486800449e-111
3.417177248905799e-72
8.6318256404733863e-19
1.5484034188937019e-07
2.4234587532657234e-284
2.645749632734192e-08
5.044910197749206e-108
1.100334243707544e-73
3.4034971505853082e-14
7.0594198893827411e-07
2.9626188932087637e-299
2.5782590476456643e-08
9.0323965867985809e-104
5.0769287848577397e-69
1.2944489643877738e-14
7.6838861302326101e-12
7.1836983283393383e-287
1.0103592871066695e-07
8.8248219701322208e-101
5.2257333355625917e-67
1.9071781498031696e-15
0.018251124759171428
2.9995968802708041e-283
2.5440345705278556e-06
2.0818708391259889e-96
7.8118878976810073e-85
1.9686611309509036e-16
0.00072819592246513819
3.9073340067609889e-284
3.9266240551116293e-11
5.6107180620687918e-100
4.2995500770507475e-77
8.7276325578577643e-18
3.9967466207844785e-07
4.2266539140232472e-284
3.7638083629605941e-05
2.9128651035715743e-92
1.1520949636546795e-76
1.4073288066270017e-18
6.6406503633299797e-06
5.9358415535401734e-294
9.3803766190389203e-06
3.1489614319511271e-107
1.3572114971975371e-77
3.2103361621446991e-18
1.4141609499506783e-07
2.4754459342229975e-289
2.1484278775091391e-06
7.1219851118171226e-94
2.8287809261000028e-75
4.2846306420918812e-18
3.5565176749204882e-09
4.1671205049626893e-297
5.0157370693664618e-07
1.1350404908728266e-99
6.6752230887658287e-69
6.4123501987849879e-19
4.2896089484902547e-08
1.123869023601172e-281
3.1939002043400313e-08
2.9824226637282237e-99
1.3715638903407751e-71
