0.000000
0.000007
0.000000
0.000000
0.000000
0.002627
0.000000
0.000002
0.000000
0.000000
0.000000
0.000233
0.000000
0.001049
0.000000
0.000000
0.000000
0.000085
0.000000
0.007134
0.000000
0.000000
0.000000
0.105605
0.000000
0.000000
0.000000
0.000000
0.000000
0.049395
0.000000
0.000013
0.000000
0.000000
0.000000
0.061955
0.000000
0.006388
0.000000
0.000000
0.000000
0.101987
0.000000
0.000053
0.000000
0.000000
0.000000
0.009271
0.000000
0.000003
0.000000
0.000000
0.000000
0.000023
0.000000
0.004679
0.000000
0.000000
0.000000
0.000980
0.000000
0.005598
0.000000
0.000000
0.000000
0.004190
0.000000
0.000096
0.000000
0.000000
0.000000
0.116460
0.000000
0.000002
0.000000
0.000000
0.000000
0.000456
0.000000
0.000000
0.000000
0.000000
0.000000
0.002450
0.000000
0.000170
0.000000
0.000000
0.000000
0.039985
0.000000
0.000493
0.000000
0.000000
0.000000
0.078844
0.000000
0.000021
0.000000
0.000000
