5.0987612926399593e-13
1.3237610781053208e-56
5.4568137324443739e-219
2.6369573834847593e-140
0.0047699131540623997
0.023712368045889012
9.9879599288151938e-13
3.9243133288608841e-50
1.0481201141874125e-226
1.116494297266919e-148
0.00054648781209884077
8.2557563018913657e-08
1.9536821738047866e-09
2.3647965654073074e-58
8.3178787070263472e-232
1.763095274386866e-144
0.0002167878272023842
0.0039987930840580319
7.8611054263140824e-13
6.7110795478240203e-45
8.8300288871500057e-220
9.8489773597491822e-148
0.14380818088833805
1.59293667882035e-11
2.054006599504354e-19
3.3901520628847394e-54
1.5421536631868985e-219
2.6964504286202428e-147
0.04424691765332435
4.1818158367061613e-07
2.2414217127533432e-15
2.3058248253622497e-64
4.2395829593355974e-225
3.4367916170061217e-138
0.13113565453871598
1.2904964198810864e-09
4.245183130803439e-17
3.442074017882928e-49
7.7589949160751042e-217
8.3704390372531418e-154
0.0056746066629525813
3.5986155824591267e-06
8.0727816034269022e-09
5.4833525206833961e-60
4.870338031432238e-220
4.7751038071118727e-142
0.010064045695435784
3.3176365462923827e-08
4.4409166109975422e-16
1.5687949167539252e-57
2.978070578018545e-218
3.7119619201063731e-154
0.0045792924868477032
2.4811221760628361e-06
5.4538130307499185e-09
7.9192122683215257e-54
5.8764879455963252e-230
2.5879224401639441e-144
0.046755613344373025
1.0821018158071704e-06
6.71328159859137e-09
6.7790186456308653e-55
7.3046112818609375e-222
4.3463178364532773e-157
0.0041310566857517099
4.9597608194087821e-06
2.8913971784061639e-07
1.4851497564941639e-55
7.3207874085512852e-216
4.4917456509165531e-154
0.22178320995334755
0.00020701537464797238
6.8628407441712123e-12
1.4279257719451525e-44
9.8034698889838961e-232
5.8459021200801179e-159
0.057570152378134322
0.00011745457542572227
1.0689303684132204e-19
2.4016992897627227e-59
2.0193740594057972e-227
3.7441574240330223e-150
0.00037821238792589502
7.5636200654110434e-07
2.117762501788885e-12
1.7203072510151271e-53
1.6272444324734062e-220
1.1283839534160303e-147
0.076419487799512159
0.00031432654218933707
4.4113057070800944e-21
4.2301278960621649e-56
9.953987580348715e-227
5.1571919746783625e-139
0.00069435992633028762
6.8305749849017454e-13
3.0219666364006933e-14
1.6294805328104259e-64
2.7148902031245808e-234
4.4183307858193737e-151
