0.000000
0.002596
0.173672
0.034158
0.035664
0.000000
0.000000
0.042482
0.023077
0.007862
0.000265
0.000000
0.000000
0.934485
0.377638
0.062192
0.003083
0.000000
0.000000
0.444576
0.080271
0.033360
0.003398
0.000000
0.000000
0.138329
0.733120
0.000883
0.088530
0.000000
0.000000
0.119090
0.037842
0.067311
0.683168
0.000000
0.000000
0.249894
0.247063
0.095649
0.072091
0.000000
0.000000
0.414830
0.712088
0.002328
0.309383
0.000000
0.000000
0.266731
0.200264
0.718156
0.478802
0.000000
0.000000
0.060342
0.157755
0.014507
0.000102
0.000000
0.000000
0.122441
0.207958
0.000240
0.324634
0.000000
0.000000
0.155903
0.018046
0.001846
0.022466
0.000000
0.000000
0.620713
0.011325
0.046309
0.000625
0.000000
0.000000
0.013699
0.050595
0.000074
0.251033
0.000000
0.000000
0.601221
0.042254
0.004860
0.808597
0.000000
0.000000
0.581252
0.028747
0.006073
0.008868
0.000000
0.000000
0.262572
0.450472
0.033898
