0.000000
0.007045
0.000000
0.000000
0.023026
0.000120
0.000000
0.001490
0.000000
0.000000
0.003033
0.362309
0.000000
0.001582
0.000000
0.000000
0.936787
0.147841
0.000000
0.205205
0.000000
0.000000
0.006298
0.177745
0.000000
0.000390
0.000000
0.000000
0.037993
0.170511
0.000000
0.006910
0.000000
0.000000
0.454920
0.018053
0.000000
0.000522
0.000000
0.000000
0.040987
0.177691
0.000000
0.004469
0.000000
0.000000
0.247980
0.002894
0.000000
0.002687
0.000000
0.000000
0.759633
0.004176
0.000000
0.000631
0.000000
0.000000
0.605348
0.003803
0.000000
0.000398
0.000000
0.000000
0.054761
0.119167
0.000000
0.023774
0.000000
0.000000
0.088590
0.181181
0.000000
0.004338
0.000000
0.000000
0.004414
0.008256
0.000000
0.060258
0.000000
0.000000
0.023406
0.100055
0.000000
0.017937
0.000000
0.000000
0.809658
0.781746
0.000000
0.000800
0.000000
0.000000
0.352014
0.112445
0.000000
0.396705
0.000000
0.000000
