0.00020710467018394908
0.023554206791443488
5.1130044614799533e-70
3.8184923487450134e-36
0.075284032596782749
0.0010778557704396771
1.8753550730685833e-06
0.0037449319978928477
9.1798114290346274e-73
5.4140345373837786e-34
0.044930124363095417
1.0571067680590376e-05
1.2335570346869823e-08
9.269118383713071e-05
1.4381091822123692e-70
1.0957004192218832e-25
0.30921651094779523
1.6246013267155474e-13
3.2168492743024878e-06
3.2922382902529433e-06
1.0377315949646418e-67
1.2209376083066669e-27
0.0017234732857093866
1.761950508274195e-07
1.3281380427048958e-05
9.8835569949804445e-05
1.4511237482648943e-75
9.0866040587963202e-33
0.00016773686375086324
8.888326957546824e-05
5.5180062345110051e-07
0.00019420849587720919
4.3428512848595499e-65
6.7778630010582134e-34
0.2598515645291346
1.4452785866838951e-11
2.9551479383453075e-05
0.0036334303640554078
3.4130804816601066e-80
2.4056858339372681e-33
0.010891829917815529
4.4913755668196537e-05
9.720981174805637e-05
8.1030417735060058e-08
4.7132301759625573e-73
4.2511915582883702e-35
0.31779186067859644
3.271262029103225e-08
0.0001735693139383867
0.00511289943012142
7.3835116724595853e-65
5.801229437906738e-32
0.067822606117584588
5.1040229650084308e-05
4.8091991169374729e-05
2.7755987219914462e-08
1.4195143054905928e-71
1.2463852748797237e-39
0.083448913847487177
7.4019085739472296e-07
4.1729033147746453e-09
0.00049320948841827998
1.9963610910480377e-62
1.4778140436471188e-28
1.0265110663744453e-06
1.2398718105666617e-06
2.6944931138964976e-05
0.0059962930366450982
3.80186958659764e-77
3.3809221854220388e-27
0.00095410104368651703
0.00014288707272414801
3.4217959355267645e-06
0.00033372788935212344
7.2767984812018184e-87
1.3955061156677801e-27
0.00072880908188833408
1.170641544898276e-07
1.9289067911078973e-05
2.4941947496156267e-07
6.8732211536350279e-77
4.820300281516266e-33
0.00016737427733667332
2.2814446892491034e-10
2.3043209527444422e-08
0.00023720134628162529
9.3577598081575862e-57
7.4623359092259573e-34
0.0026704602876402076
6.6648408257032524e-07
0.0001124501928660107
0.0056297116660427643
4.9426199142194219e-75
1.1507053199379232e-32
0.00047130752093792796
4.329883208040162e-06
0.00037950517590921214
0.00021464967330435232
1.3031313498299061e-77
1.1502669278813651e-35
