5.4984141899573635e-06
0.00010510540523436172
1.3465409423924209e-59
8.5896025131551797e-21
9.6415771715989005e-18
0.035884437668176387
3.2607188454812516e-19
0.0041128499141343689
3.2300028714577263e-59
1.4109477178199287e-15
1.8338920925735863e-09
0.41251280501302906
4.4243188194813219e-08
0.010225427416394843
2.8776153422999922e-37
3.7298075185335196e-12
1.7843176989888712e-06
0.045834484978929953
1.816975805038041e-05
1.1448677267911301e-06
8.4975308021653409e-60
2.534625415588702e-15
1.8394341558767914e-08
0.56422851025223075
3.2270946111357396e-06
4.5835053187499083e-09
1.0554445810737717e-58
4.0080694620307614e-09
5.9193811145301738e-10
0.63054608613024465
3.5872021543139143e-06
1.119615939925131e-05
1.3827074099649002e-50
9.7635062672346827e-22
3.7176388518233996e-16
0.048477356742356925
6.9466581059794296e-07
1.5047743035896361e-05
5.9139582703468805e-63
2.7290614608044496e-08
6.5643045140472852e-14
0.046145117764762281
5.0959219128716017e-14
0.00010355860512565538
3.5325536011936217e-69
3.6819683063163622e-19
1.4260519947110141e-07
0.41654738377241551
3.5246010682500961e-09
2.8609068023921787e-06
1.7447482600111104e-46
2.7352780524903404e-12
2.5564846805065594e-12
0.15551530239400252
6.478509546339654e-08
3.0227691205799418e-05
9.8208843533042674e-61
6.5607867151909584e-08
1.9244477449741183e-08
0.072239507369551925
1.2631172541044909e-09
4.6098331005825266e-05
3.4102138577066673e-64
3.3593602145899824e-18
4.3633563426653366e-06
0.00066122634739233647
1.182945686692997e-14
0.0002703045831789336
3.7638794283756391e-42
3.5328274345657853e-13
2.6484649542485449e-15
0.00012321281733819185
1.4389961437505324e-11
9.355395576148585e-08
1.9344599304830552e-57
8.7867553305951767e-16
3.3874647225772857e-11
0.34361452679788795
7.5138134742668581e-06
1.5016069716904713e-07
1.0967732164288885e-63
8.5472995135047675e-25
3.0698576754389225e-14
0.1420960879086903
1.3189334495531687e-06
0.015590567067266798
1.5876104171202088e-70
1.2310999501354207e-18
1.3903799295762537e-11
0.00309094440868634
6.4297967920274147e-07
7.7303795237983688e-05
4.1032647149023976e-64
1.532259541146667e-08
8.1074919966847738e-18
0.038088535880776271
1.2773738038375456e-05
2.2512889582450774e-07
6.7702715361818362e-48
1.0885541710049912e-09
