0.000000
0.000000
0.000000
0.000000
0.000000
0.000000
0.000000
0.000000
0.000000
0.000000
0.134520
0.000000
0.000000
0.000000
0.000000
0.000000
0.239543
0.000000
0.000000
0.000000
0.000000
0.000000
0.008717
0.000000
0.000000
0.000000
0.000000
0.000000
0.014849
0.000000
0.000000
0.000000
0.000000
0.000000
0.088442
0.000000
0.000000
0.000000
0.000000
0.000000
0.006434
0.000000
0.000000
0.000000
0.000000
0.000000
0.010926
0.000000
0.000000
0.000000
0.000000
0.000000
0.011391
0.000000
0.000000
0.000000
0.000000
0.000000
0.000015
0.000000
0.000000
0.000000
0.000000
0.000000
0.440182
0.000000
0.000000
0.000000
0.000000
0.000000
0.020240
0.000000
0.000000
0.000000
0.000000
0.000000
0.181897
0.000000
0.000000
0.000000
0.000000
0.000000
0.014233
0.000000
0.000000
0.000000
0.000000
0.000000
0.024875
0.000000
0.000000
0.000000
0.000000
0.000000
0.091112
0.000000
0.000000
0.000000
0.000000
0.000000
