0.000000
0.000033
0.000000
0.000000
0.000000
0.291765
0.000000
0.000373
0.000000
0.000000
0.006209
0.148258
0.000000
0.001683
0.000000
0.000000
0.000378
0.288742
0.000000
0.017077
0.000000
0.000000
0.000002
0.839730
0.000000
0.002408
0.000000
0.000000
0.000000
0.148305
0.000000
0.000017
0.000000
0.000000
0.000000
0.345589
0.000000
0.019312
0.000000
0.000000
0.000000
0.706002
0.000000
0.006965
0.000000
0.000000
0.000000
0.194835
0.000000
0.000000
0.000000
0.000000
0.007363
0.144352
0.000000
0.007917
0.000000
0.000000
0.007797
0.631969
0.000000
0.006767
0.000000
0.000000
0.000000
0.604876
0.000000
0.013189
0.000000
0.000000
0.000098
0.468077
0.000000
0.000156
0.000000
0.000000
0.000000
0.040476
0.000000
0.262794
0.000000
0.000000
0.000034
0.996573
0.000000
0.000000
0.000000
0.000000
0.000015
0.865065
0.000000
0.000249
0.000000
0.000000
0.000000
0.009377
0.000000
0.000667
0.000000
0.000000
