0.000000
0.014397
0.000000
0.000000
0.039005
0.000000
0.000000
0.077940
0.000000
0.000000
0.068832
0.000000
0.000000
0.098252
0.000000
0.000000
0.054954
0.000000
0.000000
0.003892
0.000000
0.000000
0.206854
0.000000
0.000000
0.016108
0.000000
0.000000
0.096863
0.000000
0.000000
0.041475
0.000000
0.000000
0.000408
0.000000
0.000000
0.000009
0.000000
0.000000
0.002168
0.000000
0.000000
0.176182
0.000000
0.000000
0.909842
0.000000
0.000000
0.032687
0.000000
0.000000
0.073034
0.000000
0.000000
0.084922
0.000000
0.000000
0.496158
0.000000
0.000000
0.023224
0.000000
0.000000
0.013215
0.000000
0.000000
0.804231
0.000000
0.000000
0.081254
0.000000
0.000000
0.708696
0.000000
0.000000
0.000000
0.000000
0.000000
0.003072
0.000000
0.000000
0.000003
0.000000
0.000000
0.334383
0.000000
0.000000
0.392493
0.000000
0.000000
0.181346
0.000000
0.000000
0.147239
0.000000
0.000000
0.000012
0.000000
0.000000
