5.5166203561405599e-97
1.3462257645321833e-113
5.2361880979703018e-299
1.7304246427816446e-212
2.3533872366900272e-11
1.0513256694257335e-52
1.2334129091411948e-90
1.9539154947609071e-105
2.2882724889082144e-288
1.3777306700818464e-210
3.2955128216130016e-11
1.412171035283505e-52
7.0738497729931246e-86
1.0042520177913306e-107
1.1621571161892245e-288
8.0797211332528289e-208
1.0576952236946376e-15
5.0247300591033577e-50
2.8106619572869422e-88
7.0214537920709857e-111
2.8380034466291745e-298
2.6783219357827668e-209
2.5834823722352627e-14
5.6271728807999178e-51
1.474376335611681e-106
8.2907550775831829e-120
7.1715598815631512e-300
5.4538206588909938e-203
2.447343074537054e-11
4.604254983679856e-50
1.6067791895232149e-97
2.7838476746406134e-103
6.9380207594535435e-287
3.1955591640828665e-215
8.9640484310306541e-21
6.2096972900734342e-47
1.7548253790449543e-108
6.7776814794045726e-117
2.4205231759224111e-286
2.8731774945953729e-222
2.0111992830922579e-09
2.9256824919749396e-48
2.7459841728170111e-100
3.205112204574801e-113
2.3470254020609403e-292
9.6313702953328748e-221
1.1600260781007526e-12
1.0211385858557533e-59
1.6868509279175366e-97
5.0075915851065769e-112
1.3134458920108664e-289
2.7588014241638826e-217
2.2517772480014827e-13
6.9489044963482901e-50
9.2283574635598702e-96
8.5257849248434784e-103
1.3143174445356794e-295
4.6943530513480993e-216
1.3681443375704157e-10
1.6909196963087935e-52
6.113190778343712e-102
1.408682297122875e-100
5.7878244454928155e-288
1.2472373433363024e-218
3.4031936908648223e-18
1.9129795036922035e-53
5.4174565368687864e-86
9.016143468269698e-101
7.2263041985282226e-288
1.4878942491141746e-204
5.7617245835145032e-16
7.3057751520576286e-42
1.0521076263761715e-74
1.4013822543662447e-106
9.837727399517791e-297
5.3272594893489626e-212
1.3825163807441848e-17
3.5082195052626928e-52
1.5732058156180091e-79
2.8886806776641284e-108
1.2782611736540439e-286
2.2098953787110267e-197
2.3418999702857425e-20
1.8625933253574804e-57
5.6453737732548432e-96
4.0406366056100595e-106
8.3140738579407078e-294
7.8702864347199167e-205
5.5706855642476762e-10
5.6068324867289894e-51
1.3485586087969808e-104
2.0422292371233627e-114
2.1273836201948119e-297
7.9243215084609169e-205
2.4575225947569937e-10
1.9447112199552467e-44
1.6750132229191052e-99
4.2500058929326784e-114
2.1481494905597509e-291
4.2720798255317452e-209
