0.675485
0.871855
0.368880
0.182438
0.703594
0.320587
0.639313
0.465049
0.841918
0.891349
0.502418
0.158861
0.854630
0.652234
0.743033
0.057631
0.114604
0.412876
0.401545
0.387693
0.122690
0.391812
0.243238
0.358432
0.535640
0.832407
0.309433
0.703594
0.442172
0.308276
0.341295
0.605616
0.125771
0.437690
0.429552
0.139972
0.593956
0.114866
0.698899
0.109463
0.103309
0.382249
0.798545
0.591280
0.229587
0.577104
0.384964
0.648534
0.631053
0.654086
0.348202
0.684836
0.152457
0.043466
0.362324
0.348202
0.915769
0.079180
0.471279
0.458873
0.366904
0.667091
0.688582
0.720507
0.300269
0.667091
0.196254
0.770076
0.533105
0.038259
0.773780
0.476775
0.921777
0.692331
0.783005
0.021731
0.590389
0.672684
0.751454
0.521366
0.333876
0.952750
0.043811
0.686708
0.294648
0.353930
0.386327
0.816542
0.289106
0.735533
0.659651
0.372190
0.001982
0.378202
0.483106
0.700777
0.871855
0.499978
0.515555
0.273486
