0.675485
0.668023
0.871855
0.575344
0.368880
0.567457
0.182438
0.039087
0.703594
0.216106
0.320587
0.824518
0.639313
0.410022
0.465049
0.821868
0.841918
0.863742
0.891349
0.924382
0.502418
0.440675
0.158861
0.664299
0.854630
0.504866
0.652234
0.206624
0.743033
0.745842
0.057631
0.033060
0.114604
0.294648
0.412876
0.654086
0.401545
0.360374
0.387693
0.484697
0.122690
0.198294
0.391812
0.283645
0.243238
0.348835
0.358432
0.511427
0.535640
0.404357
0.832407
0.721447
0.309433
0.376860
0.703594
0.181291
0.442172
0.687645
0.308276
0.152457
0.341295
0.106719
0.605616
0.793083
0.125771
0.551853
0.437690
0.304825
0.429552
0.573586
0.139972
0.318214
0.593956
0.499978
0.114866
0.136304
0.698899
0.278262
0.109463
0.307699
0.103309
0.428084
0.382249
0.333263
0.798545
0.871051
0.591280
0.790342
0.229587
0.422972
0.577104
0.235630
0.384964
0.210892
0.648534
0.792170
0.631053
0.832407
0.654086
0.668954
0.348202
0.613746
0.684836
0.891349
0.152457
0.121585
0.043466
0.044626
0.362324
0.352651
0.348202
0.704533
0.915769
0.934983
0.079180
0.045692
0.471279
0.430288
0.458873
0.621921
0.366904
0.357141
0.667091
0.282022
0.688582
0.910261
0.720507
0.359079
0.300269
0.167618
0.667091
0.606517
0.196254
0.115129
0.770076
0.546704
0.533105
0.585944
0.038259
0.028571
0.773780
0.615559
0.476775
0.122137
0.921777
0.921120
0.692331
0.728962
0.783005
0.812971
0.021731
0.023272
0.590389
0.585057
0.672684
0.389063
0.751454
0.461954
0.521366
0.785761
0.333876
0.250543
0.952750
0.530576
0.043811
0.032080
0.686708
0.939699
0.294648
0.569205
0.353930
0.090785
0.386327
0.523034
0.816542
0.348835
0.289106
0.264635
0.735533
0.917121
0.659651
0.934381
0.372190
0.248579
0.001982
0.001343
0.378202
0.411447
0.483106
0.616466
0.700777
0.442172
0.871855
0.919132
0.499978
0.847040
0.515555
0.313508
0.273486
0.207472
