0.0094045727748937984
0.41408845194820371
0.84718670506877181
0.058706401590696553
0.098576698285820843
0.49709314729431481
0.86158572472634631
0.21882132960044748
0.76202035795398748
0.68638061506050263
0.95609084150561285
0.10046227272756596
0.84718670506877181
0.67293381730153479
0.17152572295850774
0.73420651964897021
0.40367645494678511
0.79722075133745152
0.76202035795398748
0.78308662437369092
0.022857738445825882
0.54474218646669659
0.91231456199888949
0.19569832738198506
0.56938937994967032
0.99267821187965954
0.55085400441524657
0.86880283531934166
0.48553759198738106
0.41935349051128618
0.091315327079181177
0.63977879931348625
0.73420651964897021
0.15491667682393909
0.72042672361215265
0.79722075133745152
0.16866861888781509
0.74112897661787513
0.066457420016931154
0.74112897661787513
0.72730559788049876
0.65295934003655964
0.35400983926833768
0.64635519553949017
0.022313958914495897
0.38835569271825726
0.12767854757616387
0.72042672361215265
0.70673713994465792
0.096719489459314828
0.81854580838204338
0.71357040379974679
0.70673713994465792
0.061202122780867639
0.9268837248802233
0.12093754853958177
0.15759665593006128
0.30839012191386184
0.06510994177593829
0.47981480280412453
0.034804578454737299
0.78308662437369092
0.24015135811151
0.80431314731682679
0.13233250606173907
0.57563333365960956
0.98535704030066362
0.33069113431456465
0.83283852109132805
0.91231456199888949
0.90504070852957086
0.035601647421451055
0.52661125622908722
0.45729584800555628
0.93417781997563221
0.75503642091726286
0.15227145094987116
0.37339444985401704
0.91959576955207012
0.27081156998126804
0.25901368641485967
0.80431314731682679
0.79014505866395368
0.56317794106782992
0.55085400441524657
0.66624910190138298
0.60092702141765897
0.46286929875521621
0.023979919164260823
0.079647297745593509
0.82568494320866304
0.29975491078246053
0.95609084150561285
0.50292540126446483
0.90504070852957086
0.20868186711490927
0.10431960585947893
0.52661125622908722
0.95609084150561285
0.80431314731682679
