0.116980
0.884708
0.080057
0.465389
0.456254
0.284593
0.146569
0.873988
0.157366
0.055937
0.738949
0.052552
0.251817
0.058693
0.879792
0.287248
0.620289
0.851857
0.767830
0.094920
0.317387
0.112517
0.549212
0.581718
0.743019
0.697429
0.359877
0.179802
0.006986
0.329148
0.929184
0.812969
0.505456
0.720913
0.429781
0.274417
0.226823
0.463466
0.799380
0.775371
0.273013
0.433557
0.875574
0.737268
0.896841
0.307983
0.149109
0.443299
0.281005
0.424501
0.076540
0.272173
0.431376
0.532651
0.334632
0.288269
0.761015
0.182299
0.613613
0.261109
0.702732
0.618195
0.353139
0.635536
0.670926
0.489976
0.187486
0.667797
0.380369
0.523215
0.011116
0.339880
0.513086
0.616029
0.514506
0.459168
0.808910
0.078906
0.818769
0.854041
0.760279
0.712537
0.866436
0.229522
0.914656
0.710595
0.071629
0.112207
0.771938
0.405491
0.481357
0.644840
0.124292
0.829511
0.122052
0.929285
0.989064
0.376504
0.891004
0.464808
