0.917398
0.213733
0.827284
0.122374
0.122424
0.860652
0.102030
0.851185
0.133799
0.162134
0.968501
0.891658
0.343383
0.098903
0.934014
0.486108
0.354529
0.598811
0.977639
0.227407
0.118169
0.766091
0.413871
0.196070
0.614912
0.749089
0.390528
0.623704
0.598617
0.129268
0.483318
0.243042
0.553506
0.121425
0.679433
0.062227
0.236948
0.356292
0.708866
0.877988
0.394552
0.041077
0.644936
0.603264
0.726713
0.763613
0.061986
0.032232
0.376918
0.483816
0.390336
0.699921
0.513931
0.822136
0.207933
0.151737
0.158757
0.591526
0.568316
0.865806
0.603940
0.232681
0.526090
0.688728
0.933948
0.909809
0.472867
0.199584
0.278171
0.986280
0.551526
0.269896
0.327418
0.772073
0.936992
0.707052
0.783703
0.810807
0.743768
0.575002
0.793911
0.450357
0.929671
0.004074
0.158757
0.907309
0.507149
0.738308
0.787528
0.265481
0.853518
0.110164
0.009706
0.629594
0.299220
0.503558
0.074257
0.053500
0.971302
0.568119
