0.895844
0.518871
0.857133
0.433238
0.365592
0.642075
0.249069
0.340050
0.440675
0.428084
0.886012
0.997044
0.464274
0.533949
0.551853
0.907450
0.254010
0.632885
0.469716
0.585944
0.716748
0.946434
0.083300
0.097677
0.950170
0.685772
0.150479
0.295206
0.935582
0.583285
0.719567
0.758920
0.724265
0.614652
0.840200
0.418624
0.972191
0.779321
0.388377
0.212186
0.914406
0.916446
0.881360
0.656867
0.330820
0.204096
0.283645
0.139355
0.970669
0.978755
0.844485
0.748649
0.825399
0.479933
0.519702
0.801266
0.600222
0.596638
0.684836
0.599325
0.887547
0.655939
0.268772
0.614652
0.852953
0.640233
0.639313
0.864560
0.579749
0.569205
0.422972
0.286912
0.426619
0.257515
0.144671
0.209177
0.259534
0.067173
0.212186
0.346308
0.156815
0.126907
0.886012
0.962320
0.523869
0.653159
0.449712
0.695145
0.412161
0.724265
0.318214
0.215230
0.578867
0.939699
0.447441
0.733656
0.106719
0.174901
0.066178
0.112009
0.478352
0.109211
0.309433
0.594849
0.020995
0.064226
0.593063
0.906741
0.695145
0.847889
0.803076
0.773780
0.560494
0.910958
0.907450
0.989713
0.915089
0.822752
0.226383
0.257012
0.455041
0.658723
0.240363
0.699838
0.957206
0.961418
0.167260
0.168335
0.674551
0.341918
0.694207
0.420794
0.336335
0.704533
0.015721
0.022943
0.263609
0.263609
0.043238
0.141837
0.227295
0.303681
0.710170
0.895100
0.489490
0.435460
0.758920
0.390436
0.529735
0.625568
0.668023
0.755190
0.796727
0.746778
0.439181
0.321779
0.831535
0.887547
0.254010
0.144354
0.327181
0.498356
0.245654
0.231896
0.703594
0.354570
0.163017
0.631053
0.589499
0.434719
0.535640
0.683899
0.336952
0.749585
0.525541
0.684836
0.021483
0.021731
0.820983
0.899532
0.318806
0.371526
0.580632
0.484697
0.368880
0.550134
0.689519
0.458873
0.933776
0.513901
0.019589
0.020223
0.461954
0.310593
0.592171
0.829787
0.410734
0.152126
0.391124
0.395269
