0.180314
0.581909
0.790145
0.278878
0.344560
0.985357
0.847187
0.144542
0.114478
0.037243
0.818546
0.905041
0.832839
0.755036
0.776046
1.000000
0.652959
0.120938
0.790145
0.840006
0.335274
0.414088
0.890517
0.520637
0.652959
0.652959
0.326149
0.741129
0.748072
0.084490
0.672934
0.948782
0.544742
0.174419
0.018354
0.514698
0.225775
0.144542
0.232884
0.556999
0.526611
0.876031
0.497093
0.581909
0.021781
0.403676
0.526611
0.373394
0.620220
0.451760
0.556999
0.274825
0.502925
0.926884
0.868803
0.497093
0.804313
0.045446
0.897775
0.790145
1.000000
0.157597
0.514698
0.218821
0.868803
0.526611
0.934178
0.934178
0.588217
0.963403
0.186356
0.011617
0.061202
0.769024
0.963403
0.308390
0.096719
0.941477
0.783087
0.861586
0.686381
0.532620
0.177348
0.114478
0.225775
0.134708
0.236498
0.762020
0.926884
0.720427
0.825685
0.600927
0.883269
0.363621
0.393423
0.620220
0.154917
0.299755
0.620220
0.840006
