0.671566
0.628386
0.729343
0.251795
0.407670
0.791780
0.365995
0.576844
0.596112
0.582319
0.777944
0.072495
0.624134
0.166972
0.580948
0.966499
0.671566
0.628386
0.748968
0.241197
0.925109
0.477704
0.306781
0.185503
0.912409
0.915582
0.699497
0.756561
0.579579
0.409940
0.662837
0.346193
0.816538
0.537895
0.990426
0.830547
0.332046
0.132067
0.206230
0.799496
0.152717
0.717352
0.883921
0.470294
0.714365
0.312495
0.667196
0.742912
0.207669
0.056650
0.455667
0.414500
0.061207
0.580948
0.502858
0.511824
0.692105
0.857153
0.698016
0.220199
0.811881
0.528695
0.913996
0.097722
0.675947
0.359667
0.551175
0.015692
0.287329
0.091796
0.157362
0.833668
0.944194
0.476465
0.556532
0.598888
0.956935
0.367057
0.945786
0.184178
0.808780
0.141562
0.364936
0.376696
0.459300
0.639785
0.612857
0.858723
0.011341
0.796407
0.933056
0.909238
0.363878
0.790239
0.626967
0.030464
0.344149
0.796407
0.339072
0.995213
