0.889206
0.033443
0.848210
0.653908
0.448619
0.754177
0.313262
0.632500
0.358841
0.251471
0.960044
0.697355
0.254206
0.837926
0.202100
0.844749
0.725235
0.594404
0.062638
0.932596
0.085124
0.477128
0.930880
0.367361
0.288182
0.627450
0.613221
0.569685
0.316323
0.254830
0.660763
0.077432
0.213829
0.316033
0.307396
0.856135
0.271394
0.004505
0.902359
0.128190
0.806799
0.351429
0.924980
0.802879
0.946076
0.855088
0.267411
0.771208
0.973804
0.435605
0.156881
0.668903
0.783643
0.468430
0.169275
0.712164
0.005834
0.652032
0.039867
0.140243
0.830389
0.525600
0.602122
0.283270
0.429607
0.741370
0.893128
0.771745
0.653692
0.679741
0.211087
0.061056
0.640664
0.648009
0.361322
0.029041
0.425328
0.903769
0.583614
0.145061
0.010812
0.563676
0.578619
0.947023
0.699811
0.095684
0.477488
0.383261
0.758044
0.877363
0.771362
0.783735
0.995744
0.422166
0.768160
0.466034
0.360455
0.711980
0.007230
0.943574
