0.897354
0.692951
0.748770
0.799286
0.438892
0.711978
0.936690
0.080435
0.830888
0.578143
0.702554
0.328855
0.662176
0.679326
0.645491
0.066781
0.679261
0.246478
0.092698
0.956414
0.351776
0.953533
0.076432
0.547954
0.491329
0.140875
0.864256
0.034434
0.611577
0.630031
0.468872
0.339553
0.096012
0.225985
0.253274
0.996001
0.587894
0.578527
0.525755
0.315358
0.414796
0.169571
0.220278
0.928319
0.195930
0.662377
0.798503
0.081176
0.637331
0.679910
0.014692
0.141665
0.009994
0.137784
0.541833
0.661397
0.461146
0.177009
0.915186
0.099253
0.352764
0.375244
0.870120
0.158938
0.733343
0.463549
0.420670
0.582390
0.501884
0.472966
0.951934
0.533814
0.370240
0.114578
0.911359
0.929000
0.311818
0.002887
0.814300
0.691163
0.036872
0.908543
0.869999
0.425959
0.739013
0.031963
0.871131
0.810617
0.848112
0.293604
0.008072
0.517517
0.821790
0.838409
0.713676
0.290166
0.815014
0.137937
0.283884
0.119551
