0.156049
0.875049
0.689583
0.863841
0.896849
0.363649
0.472758
0.097091
0.594824
0.921351
0.447623
0.940543
0.583857
0.813688
0.912287
0.988508
0.947387
0.614293
0.109674
0.847994
0.035800
0.750633
0.584529
0.134610
0.093973
0.438642
0.922853
0.828683
0.795193
0.602587
0.070018
0.834468
0.636391
0.688815
0.236938
0.914164
0.964593
0.823648
0.793389
0.683940
0.185123
0.926798
0.607306
0.347786
0.137361
0.055242
0.627812
0.264094
0.203696
0.505439
0.182900
0.922684
0.707748
0.194290
0.544591
0.027956
0.023000
0.233889
0.266521
0.623594
0.819376
0.782267
0.201041
0.441087
0.880859
0.504396
0.984147
0.033780
0.072295
0.576090
0.598045
0.609796
0.544379
0.423035
0.286581
0.846017
0.893681
0.728448
0.835661
0.873289
0.225724
0.425044
0.294753
0.147021
0.729454
0.252435
0.411734
0.700688
0.299568
0.052228
0.721651
0.892833
0.874218
0.879522
0.817530
0.664987
0.726687
0.533687
0.231758
0.429863
