0.121299
0.572741
0.779849
0.539865
0.169907
0.098437
0.127429
0.012027
0.291990
0.365571
0.689402
0.917029
0.026538
0.891908
0.059798
0.460003
0.256277
0.651188
0.464144
0.744269
0.517422
0.613152
0.045422
0.444798
0.209726
0.984194
0.091114
0.825084
0.988609
0.871660
0.288945
0.837010
0.869343
0.494406
0.492495
0.549075
0.858879
0.733924
0.702468
0.942711
0.792035
0.674793
0.039139
0.975543
0.215778
0.066396
0.371631
0.211595
0.505601
0.473710
0.343039
0.764789
0.975543
0.460701
0.337690
0.158699
0.775032
0.727186
0.129660
0.949318
0.703820
0.946796
0.940660
0.464144
0.934882
0.661143
0.007454
0.594206
0.651448
0.072178
0.616325
0.972436
0.352174
0.852446
0.975543
0.157112
0.785662
0.648466
0.594875
0.930684
0.638299
0.000672
0.493265
0.779284
0.348845
0.191669
0.078892
0.904959
0.594875
0.299877
0.778728
0.962141
0.765746
0.646644
0.429746
0.785662
0.779284
0.819091
0.785662
0.607048
