0.170743
0.782728
0.165101
0.585538
0.582789
0.190172
0.930526
0.540744
0.666991
0.323004
0.690572
0.112110
0.547334
0.628321
0.995456
0.259321
0.931609
0.444728
0.374486
0.357245
0.308682
0.890639
0.767960
0.890045
0.430704
0.063452
0.836907
0.278322
0.058532
0.987776
0.622585
0.210893
0.085423
0.623865
0.214975
0.388662
0.191872
0.072770
0.985318
0.753472
0.158526
0.864907
0.210578
0.659559
0.683175
0.170381
0.116458
0.330110
0.383433
0.955634
0.942159
0.671080
0.499995
0.758314
0.368359
0.295362
0.383123
0.515671
0.497676
0.764556
0.267023
0.620174
0.169438
0.480969
0.299189
0.839009
0.571152
0.699616
0.791111
0.820301
0.072494
0.909203
0.112287
0.912811
0.680086
0.965125
0.579577
0.891178
0.907649
0.770467
0.138356
0.248433
0.933994
0.254794
0.426876
0.150496
0.641399
0.715882
0.963638
0.182838
0.655592
0.646962
0.437262
0.353371
0.446201
0.820176
0.572145
0.339039
0.527984
0.180245
