0.113885
0.181909
0.473962
0.501275
0.216711
0.377600
0.779737
0.784612
0.412506
0.213737
0.366362
0.631211
0.342036
0.935211
0.840208
0.851445
0.044776
0.475298
0.133568
0.439365
0.369058
0.336741
0.142488
0.731083
0.053899
0.040265
0.203052
0.320693
0.830255
0.545609
0.017640
0.009958
0.904384
0.992129
0.649068
0.798406
0.577555
0.873220
0.019721
0.017687
0.452517
0.711299
0.535078
0.356860
0.430110
0.489217
0.155667
0.397453
0.361755
0.304348
0.841207
0.810529
0.357074
0.069079
0.862718
0.395991
0.806026
0.802885
0.879076
0.861841
0.982715
0.996745
0.965149
0.893555
0.426497
0.682365
0.305799
0.867673
0.794593
0.478253
0.171828
0.336017
0.525502
0.707001
0.584263
0.330375
0.374180
0.657242
0.506314
0.217424
0.264579
0.236461
0.509787
0.574621
0.145899
0.020276
0.895473
0.152313
0.574142
0.240646
0.135886
0.177525
0.007877
0.101220
0.261831
0.464071
0.482424
0.344483
0.154635
0.035581
0.661164
0.215418
0.713008
0.489073
0.892501
0.779519
0.830580
0.247254
0.493038
0.258309
0.706325
0.662167
0.411809
0.089819
0.109628
0.138934
0.780194
0.707501
0.294875
0.234246
0.789065
0.939276
0.439675
0.403528
0.097198
0.182194
0.673006
0.920541
0.735565
0.471481
0.537724
0.487485
0.444319
0.650680
0.644970
0.590755
0.324211
0.113129
0.025297
0.002400
0.125304
0.270391
0.575046
0.183815
0.897928
0.917579
0.906726
0.913184
0.253920
0.597155
0.729310
0.822906
0.440886
0.602831
0.792686
0.659242
0.339787
0.727168
0.541486
0.329264
0.750959
0.121499
0.014901
0.023566
0.564175
0.500697
0.101867
0.092256
0.245655
0.667065
0.736237
0.914534
0.177336
0.622763
0.640184
0.621935
0.824470
0.726503
0.164531
0.653498
0.994873
0.913732
0.654569
0.777245
0.363289
0.614742
0.532533
0.843315
0.332519
0.635447
0.074320
0.059866
0.796926
0.457034
0.709763
0.739536
0.917219
0.887462
0.972659
0.954079
