0.172638
0.406039
0.432233
0.209575
0.864070
0.457531
0.835115
0.664976
0.079846
0.199592
0.024113
0.047218
0.757382
0.880854
0.976867
0.095358
0.405749
0.741360
0.598001
0.264441
0.568411
0.231896
0.728209
0.384488
0.008034
0.196069
0.451812
0.870439
0.044026
0.705254
0.549480
0.692425
0.890420
0.359308
0.519642
0.153810
0.752401
0.090554
0.470555
0.710224
0.921182
0.904156
0.470711
0.728585
0.229092
0.568710
0.109636
0.831152
0.200197
0.544923
0.517339
0.173517
0.369923
0.394178
0.252488
0.462763
0.786821
0.050356
0.671259
0.970766
0.260854
0.345280
0.454114
0.122553
0.791184
0.693764
0.522896
0.775564
0.694494
0.460725
0.702320
0.639884
0.619996
0.687861
0.629197
0.003825
0.471523
0.012641
0.892906
0.300378
0.208203
0.929482
0.843727
0.764959
0.437674
0.423099
0.294052
0.462158
0.217036
0.167448
0.643423
0.685050
0.713056
0.676255
0.127342
0.773118
0.872244
0.245764
0.123104
0.768688
