0
2.1431967252518941e-115
0
0
3.2424958025787119e-199
0
0
3.733281662558479e-117
0
0
1.0535493178135823e-222
0
0
1.0615724448076745e-102
0
0
2.6225547889236918e-210
0
0
5.475333328157452e-104
0
0
2.410398239956788e-203
0
0
2.1484620970501236e-130
0
0
8.496582288218986e-219
0
0
1.5201477068635635e-121
0
0
8.5512628321156566e-210
0
0
5.4444226158555882e-112
0
0
5.8687945715259904e-206
0
0
6.4515701121748841e-118
0
0
3.3594906845813071e-200
0
0
8.2632255554748769e-122
0
0
3.8105466295129305e-192
0
0
3.4487127009704194e-124
0
0
3.0397496653934728e-187
0
0
4.5264101314387027e-95
0
0
5.214098128107843e-193
0
0
3.4765443939843547e-109
0
0
2.2856849265945247e-192
0
0
2.4133403439225744e-113
0
0
4.1583452917805752e-192
0
0
1.2511035058224001e-110
0
0
7.4407127412585762e-223
0
0
6.0467204206226544e-119
0
0
4.5908602574141756e-183
0
0
1.6054592737942374e-107
0
0
4.6201577273935998e-190
0
0
1.197964627919152e-90
0
0
