0.814758
0.674551
0.000266
0.401545
0.357141
0.667091
0.886012
0.931330
0.642996
0.548418
0.026056
0.134201
0.923085
0.224117
0.339429
0.649458
0.379548
0.647610
0.893606
0.108960
0.734594
0.475987
0.637475
0.832407
0.391124
0.257012
0.161969
0.299139
0.232825
0.900263
0.857133
0.853792
0.150479
0.338189
0.928211
0.522200
0.355854
0.996798
0.261056
0.073776
0.389063
0.726144
0.931945
0.149498
0.352013
0.362324
0.904602
0.816542
0.365592
0.498356
0.771929
0.723326
0.070757
0.917794
0.230047
0.748649
0.594849
0.115920
0.252025
0.499167
0.405062
0.795817
0.308854
0.073596
0.829787
0.941990
0.413591
0.292977
0.668023
0.217866
0.034158
0.368221
0.385645
0.096536
0.321182
0.319993
0.034066
0.986478
0.381572
0.409311
0.094067
0.797637
0.714868
0.141213
0.743033
0.621921
0.088229
0.793995
0.031470
0.282022
0.936772
0.758920
0.537334
0.144037
0.011455
0.259028
0.979999
0.729901
0.102830
0.933168
