0.403653
0.528895
0.000299
0.325373
0.219638
0.191028
0.475200
0.953762
0.317033
0.857965
0.188260
0.107462
0.748649
0.166903
0.378202
0.450471
0.125206
0.432499
0.570955
0.219194
0.223666
0.142776
0.397353
0.767292
0.543286
0.568331
0.594849
0.082701
0.055049
0.980900
0.991023
0.682028
0.099292
0.357141
0.917121
0.232825
0.440675
0.809385
0.193426
0.140902
0.835883
0.435460
0.930711
0.171228
0.382249
0.793083
0.826279
0.820983
0.384284
0.781164
0.464274
0.461954
0.166903
0.617374
0.156815
0.545849
0.197884
0.213486
0.131536
0.964954
0.621010
0.896586
0.332651
0.254010
0.525541
0.628308
0.155127
0.168694
0.952750
0.176762
0.033697
0.415743
0.433238
0.101402
0.123246
0.813865
0.025121
0.959109
0.338808
0.698899
0.177885
0.702655
0.945340
0.209177
0.348202
0.643918
0.225475
0.862921
0.200764
0.174901
0.899532
0.254509
0.260041
0.282022
0.076531
0.456571
0.800360
0.944235
0.445178
0.997630
