0.403653
0.814758
0.528895
0.674551
0.000299
0.000266
0.325373
0.401545
0.219638
0.357141
0.191028
0.667091
0.475200
0.886012
0.953762
0.931330
0.317033
0.642996
0.857965
0.548418
0.188260
0.026056
0.107462
0.134201
0.748649
0.923085
0.166903
0.224117
0.378202
0.339429
0.450471
0.649458
0.125206
0.379548
0.432499
0.647610
0.570955
0.893606
0.219194
0.108960
0.223666
0.734594
0.142776
0.475987
0.397353
0.637475
0.767292
0.832407
0.543286
0.391124
0.568331
0.257012
0.594849
0.161969
0.082701
0.299139
0.055049
0.232825
0.980900
0.900263
0.991023
0.857133
0.682028
0.853792
0.099292
0.150479
0.357141
0.338189
0.917121
0.928211
0.232825
0.522200
0.440675
0.355854
0.809385
0.996798
0.193426
0.261056
0.140902
0.073776
0.835883
0.389063
0.435460
0.726144
0.930711
0.931945
0.171228
0.149498
0.382249
0.352013
0.793083
0.362324
0.826279
0.904602
0.820983
0.816542
0.384284
0.365592
0.781164
0.498356
0.464274
0.771929
0.461954
0.723326
0.166903
0.070757
0.617374
0.917794
0.156815
0.230047
0.545849
0.748649
0.197884
0.594849
0.213486
0.115920
0.131536
0.252025
0.964954
0.499167
0.621010
0.405062
0.896586
0.795817
0.332651
0.308854
0.254010
0.073596
0.525541
0.829787
0.628308
0.941990
0.155127
0.413591
0.168694
0.292977
0.952750
0.668023
0.176762
0.217866
0.033697
0.034158
0.415743
0.368221
0.433238
0.385645
0.101402
0.096536
0.123246
0.321182
0.813865
0.319993
0.025121
0.034066
0.959109
0.986478
0.338808
0.381572
0.698899
0.409311
0.177885
0.094067
0.702655
0.797637
0.945340
0.714868
0.209177
0.141213
0.348202
0.743033
0.643918
0.621921
0.225475
0.088229
0.862921
0.793995
0.200764
0.031470
0.174901
0.282022
0.899532
0.936772
0.254509
0.758920
0.260041
0.537334
0.282022
0.144037
0.076531
0.011455
0.456571
0.259028
0.800360
0.979999
0.944235
0.729901
0.445178
0.102830
0.997630
0.933168
