0.51469752333790741
0.28710723256269272
0.25134910881022271
0.22577467338379334
0.99267821187965954
0.66624910190138298
0.91231456199888949
0.46286929875521621
0.12315289838416042
0.76202035795398748
0.17441890176163022
0.39342281444373062
0.38332852264817835
0.65295934003655964
0.38332852264817835
0.58821734497400058
0.031766918145038146
0.48553759198738106
0.28710723256269272
0.80431314731682679
0.49709314729431481
0.40886272568604698
0.56938937994967032
0.27081156998126804
0.29975491078246053
0.57563333365960956
0.43538293182639465
0.33527354993240421
0.491297124215893
0.33989666312687433
0.50292540126446483
0.93417781997563221
0.67293381730153479
0.80431314731682679
0.45729584800555628
0.94878198985680906
0.096719489459314828
0.54474218646669659
0.16866861888781509
0.048498375234360964
0.33989666312687433
0.93417781997563221
0.22930989318400799
0.089568848575571305
0.55085400441524657
0.07503242311193041
0.79722075133745152
0.47981480280412453
0.76902372983947986
0.32614944048169753
0.63977879931348625
0.094890373566491076
0.028291934387222637
0.46848042345742846
0.37339444985401704
0.47412900108432415
0.16306178270438498
0.40886272568604698
0.55699936801518646
0.60732802968693866
0.57563333365960956
0.64635519553949017
0.91959576955207012
0.44080363263524142
0.32164848559941916
0.6796444772140986
0.57563333365960956
0.6796444772140986
0.12539981212425128
0.35400983926833768
0.98535704030066362
0.86880283531934166
0.07207891378177185
0.44626281343698188
0.33989666312687433
0.95609084150561285
0.57563333365960956
0.55699936801518646
0.076545825535763751
0.056295781583947747
0.15759665593006128
0.40886272568604698
0.34926484986039441
0.36362134548225006
0.54474218646669659
0.97071901199767463
0.83283852109132805
0.55699936801518646
0.76202035795398748
0.73420651964897021
0.28710723256269272
0.60732802968693866
0.91231456199888949
0.84000596765390112
0.95609084150561285
0.15759665593006128
0.90504070852957086
0.67293381730153479
0.81854580838204338
0.45176028442882715
