0
0
0
0
2.25681564289135e-59
0
0
0
0
0
4.5771457663191783e-77
0
0
0
0
0
2.3497056334865402e-60
0
0
0
0
0
7.3504990407245479e-82
0
0
0
0
0
6.6991225917471028e-55
0
0
0
0
0
4.6879140450769338e-107
0
0
0
0
0
1.1414687680186345e-80
0
0
0
0
0
1.3037598810443384e-65
0
0
0
0
0
6.0779644926277538e-98
0
0
0
0
0
4.8186428349347724e-59
0
0
0
0
0
7.2779239454116364e-54
0
0
0
0
0
5.8438058854861741e-85
0
0
0
0
0
5.7752934990051492e-67
0
0
0
0
0
1.8542370540195598e-74
0
0
0
0
0
2.1854844183390885e-53
0
0
0
0
0
1.8370829439173415e-62
0
0
0
0
0
