0.718903
0.854059
0.419446
0.563163
0.666198
0.830546
0.498879
0.583501
0.135226
0.133130
0.354540
0.755020
0.342622
0.802908
0.020933
0.176172
0.703355
0.981340
0.677744
0.598619
0.633391
0.448463
0.631867
0.833114
0.733840
0.148522
0.394906
0.820476
0.114734
0.339978
0.013567
0.010868
0.084710
0.728843
0.647364
0.043793
0.786275
0.950826
0.281580
0.294602
0.297199
0.864915
0.332834
0.419808
0.590335
0.204522
0.918134
0.914897
0.275848
0.657162
0.588436
0.184539
0.320840
0.739629
0.681584
0.544782
0.495423
0.093544
0.145666
0.462725
0.291342
0.679726
0.939657
0.562263
0.450744
0.992354
0.310278
0.006752
0.370819
0.198476
0.165298
0.830814
0.977837
0.971144
0.226554
0.786200
0.910518
0.331163
0.578682
0.429028
0.530157
0.113046
0.089297
0.437711
0.111962
0.225470
0.651305
0.798832
0.063174
0.147066
0.573169
0.040769
0.061608
0.004203
0.255756
0.551980
0.407870
0.635985
0.815668
0.831886
