0.074361
0.051135
0.385276
0.683021
0.037294
0.415524
0.124896
0.197444
0.710674
0.546272
0.198202
0.783703
0.051342
0.835548
0.252620
0.150404
0.258526
0.985871
0.048409
0.858905
0.529277
0.619029
0.462240
0.817362
0.908148
0.760495
0.999284
0.555089
0.944739
0.054524
0.451049
0.634983
0.729386
0.934986
0.946311
0.509044
0.097324
0.445419
0.304508
0.434098
0.780884
0.801237
0.660789
0.813324
0.368620
0.175088
0.639125
0.482023
0.195044
0.184236
0.921308
0.127765
0.425082
0.144703
0.067842
0.127301
0.741901
0.724617
0.055398
0.996502
0.518318
0.197581
0.032983
0.491390
0.266051
0.483517
0.021797
0.227932
0.906040
0.614721
0.239792
0.991739
0.358057
0.330569
0.045636
0.423421
0.797700
0.155545
0.061447
0.066086
0.257403
0.188353
0.938116
0.508844
0.964315
0.962953
0.723776
0.190230
0.456788
0.143301
0.432920
0.630636
0.760260
0.549940
0.492587
0.779018
0.465217
0.220582
0.316448
0.086438
