0.068012
0.258018
0.220528
0.394576
0.001873
0.002986
0.939699
0.823636
0.636556
0.823636
0.585057
0.966229
0.235630
0.104759
0.124924
0.126338
0.223666
0.272433
0.609224
0.514728
0.683899
0.351375
0.472062
0.550134
0.596638
0.296326
0.722386
0.585944
0.706412
0.480725
0.722386
0.781164
0.440675
0.586832
0.372855
0.715808
0.889834
0.917121
0.745842
0.613746
0.550134
0.706412
0.453514
0.105246
0.972934
0.989713
0.335719
0.151796
0.982900
0.913721
0.257515
0.447441
0.259534
0.126907
0.650383
0.803076
0.626481
0.688582
0.642075
0.302541
0.052432
0.045334
0.934983
0.980900
0.943118
0.820097
0.164421
0.161622
0.559626
0.244202
0.926945
0.892103
0.759852
0.972934
0.284731
0.081513
0.674551
0.350103
0.367562
0.308854
0.934381
0.937363
0.707351
0.314093
0.588609
0.255508
0.701715
0.504049
0.168335
0.288007
0.650383
0.372855
0.667091
0.668954
0.257515
0.197884
0.679222
0.729901
0.825399
0.746778
0.997199
0.997044
0.738347
0.866193
0.445932
0.510604
0.357786
0.276132
0.298011
0.121585
0.877432
0.880578
0.359079
0.588609
0.497546
0.616466
0.550134
0.401545
0.747714
0.393192
0.919132
0.997275
0.065522
0.407183
0.916446
0.516382
0.848737
0.769148
0.175643
0.194634
0.089712
0.236570
0.918464
0.868630
0.504049
0.723326
0.117249
0.088229
0.257012
0.131830
0.649458
0.882140
0.663369
0.856300
0.736471
0.550993
0.288007
0.402949
0.381572
0.213486
0.682964
0.969097
0.053383
0.067007
0.820983
0.972191
0.483901
0.154122
0.078606
0.322973
0.072698
0.166547
0.863742
0.882918
0.919132
0.867819
0.627394
0.882140
0.232360
0.297448
0.882918
0.925669
0.384964
0.374186
0.568331
0.384964
0.788512
0.593956
0.600222
0.688582
0.873457
0.842775
0.741159
0.974737
0.797637
0.812076
0.402247
0.582400
0.087600
0.466601
0.460412
0.436946
0.015862
0.071810
0.644841
0.561361
0.732717
0.883695
0.858795
0.812076
