0.164529
0.303950
0.001610
0.832107
0.629806
0.585066
0.131043
0.147617
0.228590
0.495239
0.492713
0.343129
0.681806
0.882343
0.797951
0.684743
0.858723
0.678874
0.969688
0.491453
0.382118
0.465390
0.952156
0.169442
0.887080
0.279253
0.147617
0.869731
0.632650
0.344149
0.029555
0.918757
0.869731
0.171939
0.639785
0.960122
0.724838
0.153292
0.396438
0.194975
0.683274
0.559220
0.632650
0.726339
0.790239
0.413357
0.675947
0.156776
0.956935
0.931466
0.985639
0.727840
0.934647
0.372393
0.665741
0.868157
0.430697
0.890240
0.279253
0.675947
0.755041
0.387588
0.648390
0.755041
0.170687
0.657043
0.709893
0.458087
0.061762
0.313454
0.559220
0.575479
0.675947
0.854013
0.190873
0.714365
0.088381
0.636927
0.291883
0.166972
0.091028
0.980853
0.910823
0.559220
0.192234
0.952156
0.286424
0.383208
0.833668
0.923521
0.548506
0.700978
0.591959
0.466614
0.279253
0.391998
0.043591
0.556532
0.544515
0.655597
