0.370664
0.275040
0.895578
0.004135
0.776077
0.836512
0.864576
0.400094
0.046942
0.112236
0.282817
0.552050
0.973349
0.905128
0.894683
0.800564
0.601438
0.564431
0.023904
0.554562
0.794142
0.487181
0.175250
0.130756
0.245684
0.351713
0.017149
0.612730
0.834527
0.251555
0.278835
0.594093
0.906007
0.430478
0.300671
0.259373
0.882942
0.334571
0.412950
0.374484
0.275169
0.455829
0.974859
0.228123
0.035992
0.955281
0.847162
0.001027
0.844431
0.883204
0.926082
0.110435
0.618532
0.295941
0.132228
0.161463
0.469997
0.848173
0.817913
0.991820
0.783431
0.657770
0.986750
0.892092
0.847184
0.690578
0.447983
0.323536
0.687608
0.225549
0.846524
0.578840
0.914745
0.306367
0.738127
0.120902
0.079331
0.195318
0.810244
0.345198
0.466866
0.582578
0.697205
0.371063
0.067541
0.889114
0.461729
0.286581
0.873518
0.861139
0.666573
0.883880
0.528052
0.299994
0.695970
0.191684
0.802894
0.872759
0.303874
0.008429
