0.304979
0.115588
0.905242
0.430673
0.618396
0.753023
0.214561
0.977446
0.872796
0.627066
0.400210
0.083570
0.061154
0.094223
0.370777
0.813931
0.850442
0.204013
0.944990
0.483438
0.183541
0.241589
0.989562
0.674202
0.791808
0.472045
0.557309
0.552368
0.633800
0.181044
0.162453
0.768476
0.401527
0.371499
0.928727
0.670521
0.063895
0.902826
0.883675
0.020830
0.566780
0.829553
0.493074
0.749512
0.109739
0.219683
0.304993
0.751398
0.786975
0.512821
0.478742
0.729173
0.890233
0.348182
0.764123
0.775573
0.536878
0.927643
0.527378
0.902727
0.206758
0.208161
0.062036
0.903887
0.445370
0.602706
0.399777
0.278531
0.521760
0.185916
0.702461
0.045725
0.851599
0.294833
0.295410
0.590682
0.272131
0.638137
0.933247
0.534577
0.008105
0.515552
0.161023
0.792493
0.227263
0.106023
0.713923
0.115494
0.692013
0.898635
0.964838
0.455894
0.780555
0.540939
0.530040
0.291331
0.173851
0.142553
0.951246
0.827471
