0.819366
0.895883
0.053209
0.037716
0.546623
0.292011
0.463290
0.915005
0.011428
0.705327
0.709548
0.899560
0.005438
0.185314
0.868298
0.660246
0.407052
0.655223
0.700118
0.953105
0.329669
0.175957
0.650857
0.769870
0.332412
0.299384
0.765318
0.616940
0.124344
0.144548
0.040902
0.037756
0.507790
0.697827
0.825111
0.523895
0.029848
0.795990
0.288515
0.636350
0.529917
0.910082
0.374377
0.724163
0.150808
0.504070
0.326990
0.973714
0.596392
0.146264
0.776775
0.700095
0.487033
0.489648
0.494553
0.002020
0.980029
0.218509
0.875536
0.871621
0.685748
0.357551
0.171951
0.861844
0.915219
0.051392
0.837400
0.413215
0.299594
0.525048
0.183470
0.000937
0.534309
0.053001
0.004584
0.289053
0.262692
0.773266
0.741235
0.888501
0.182851
0.336236
0.341077
0.934564
0.911891
0.563880
0.620715
0.044288
0.150053
0.499182
0.979774
0.441757
0.507356
0.813298
0.466495
0.157228
0.504600
0.490706
0.329564
0.429794
