0.000000
0.000000
0.000000
0.000000
0.000000
0.000000
0.000000
0.000000
0.912687
0.443698
0.381020
0.467062
0.935612
0.209209
0.753595
0.277527
0.000000
0.000000
0.000000
0.000000
0.000000
0.000000
0.000000
0.000000
0.344018
0.768906
0.711024
0.785461
0.768316
0.379134
0.190257
0.454743
0.844745
0.654287
0.161936
0.400893
0.233001
0.358306
0.264347
0.251638
0.000000
0.000000
0.000000
0.000000
0.000000
0.000000
0.000000
0.000000
0.372475
0.068207
0.862193
0.987534
0.887079
0.859329
0.446377
0.680899
0.284074
0.262602
0.430333
0.513148
0.725319
0.156893
0.509356
0.325620
0.292725
0.796906
0.194045
0.876818
0.543352
0.764004
0.593685
0.058503
0.638983
0.320654
0.340138
0.170587
0.950801
0.755988
0.835859
0.444144
0.024525
0.016664
0.348527
0.427346
0.681541
0.039759
0.083281
0.071127
0.000000
0.000000
0.000000
0.000000
0.000000
0.000000
0.000000
0.000000
0.992420
0.670713
0.607769
0.157706
0.122924
0.888081
0.572915
0.962844
0.002512
0.600588
0.807706
0.745015
0.641457
0.814664
0.943670
0.675826
0.618822
0.905496
0.776849
0.584116
0.489237
0.220019
0.404508
0.330393
0.005060
0.773707
0.252795
0.722345
0.997115
0.121084
0.876162
0.635564
0.000000
0.000000
0.000000
0.000000
0.000000
0.000000
0.000000
0.000000
0.000000
0.000000
0.000000
0.000000
0.000000
0.000000
0.000000
0.000000
0.302888
0.082092
0.836057
0.456912
0.465239
0.319316
0.044745
0.656801
0.058382
0.903946
0.178596
0.139598
0.909773
0.831474
0.370287
0.890660
0.000000
0.000000
0.000000
0.000000
0.000000
0.000000
0.000000
0.000000
0.000000
0.000000
0.000000
0.000000
0.000000
0.000000
0.000000
0.000000
0.655451
0.274803
0.523035
0.736111
0.036939
0.230647
0.448757
0.985899
0.226613
0.415321
0.558679
0.340016
0.811124
0.922549
0.925914
0.726423
0.756213
0.592094
0.854145
0.546701
0.060844
0.905782
0.530831
0.660975
0.403410
0.318296
0.993461
0.850260
0.979792
0.565541
0.946667
0.102790
0.842549
0.864714
0.874498
0.519297
0.909759
0.870080
0.694390
0.821374
0.000000
0.000000
0.000000
0.000000
0.000000
0.000000
0.000000
0.000000
0.642874
0.417256
0.510231
0.325820
0.400000
0.631842
0.414257
0.552985
0.000000
0.000000
0.000000
0.000000
0.000000
0.000000
0.000000
0.000000
0.521453
0.407138
0.638629
0.602741
0.588674
0.169907
0.417410
0.157004
0.216070
0.395353
0.829218
0.601990
0.727750
0.937261
0.094850
0.451698
0.227083
0.696234
0.192789
0.649225
0.049106
0.517395
0.380475
0.441368
0.997214
0.571736
0.860171
0.922294
0.905413
0.222396
0.453558
0.394267
0.465401
0.060680
0.494175
0.486666
0.597734
0.437546
0.923746
0.384127
0.947537
0.785817
0.808852
0.268449
0.220742
0.818557
0.616756
0.015251
0.924123
0.225142
0.320288
0.747273
0.765839
0.948807
0.191260
0.297527
0.023304
0.746871
0.575007
0.920976
0.639778
0.598016
0.730842
0.465140
0.000000
0.000000
0.000000
0.000000
0.000000
0.000000
0.000000
0.000000
0.000000
0.000000
0.000000
0.000000
0.000000
0.000000
0.000000
0.000000
0.400982
0.405435
0.061226
0.518794
0.100860
0.079951
0.726905
0.395717
0.000000
0.000000
0.000000
0.000000
0.000000
0.000000
0.000000
0.000000
0.800912
0.679702
0.115604
0.525209
0.311396
0.805858
0.671189
0.086299
0.000000
0.000000
0.000000
0.000000
0.000000
0.000000
0.000000
0.000000
0.651101
0.815736
0.470300
0.947228
0.631851
0.907222
0.716208
0.800000
0.963444
0.746175
0.763278
0.893729
0.086800
0.483616
0.627607
0.494544
0.000000
0.000000
0.000000
0.000000
0.000000
0.000000
0.000000
0.000000
0.000000
0.000000
0.000000
0.000000
0.000000
0.000000
0.000000
0.000000
0.035883
0.120450
0.740239
0.928005
0.862047
0.370510
0.944178
0.178143
0.811184
0.086893
0.479428
0.415880
0.243246
0.648787
0.303439
0.535102
0.429307
0.469477
0.890687
0.215025
0.949273
0.915315
0.935866
0.676036
0.930691
0.633663
0.938254
0.586439
0.414243
0.501970
0.126175
0.313160
0.000000
0.000000
0.000000
0.000000
0.000000
0.000000
0.000000
0.000000
0.357139
0.881997
0.088294
0.262706
0.960597
0.549521
0.133296
0.619404
0.342858
0.650418
0.302288
0.915194
0.884289
0.983014
0.921962
0.120012
0.213324
0.561142
0.125595
0.332604
0.026741
0.025859
0.366896
0.993561
0.645397
0.497976
0.954894
0.288614
0.284567
0.271428
0.543896
0.204755
0.000000
0.000000
0.000000
0.000000
0.000000
0.000000
0.000000
0.000000
0.000000
0.000000
0.000000
0.000000
0.000000
0.000000
0.000000
0.000000
0.114560
0.632304
0.895482
0.660830
0.857492
0.420645
0.343112
0.511469
0.462220
0.262301
0.621189
0.741628
0.615433
0.803934
0.306739
0.185994
0.000000
0.000000
0.000000
0.000000
0.000000
0.000000
0.000000
0.000000
0.594362
0.061720
0.757158
0.715080
0.598332
0.832360
0.336997
0.426052
0.905949
0.792657
0.399094
0.892225
0.219462
0.648914
0.556101
0.195571
0.000000
0.000000
0.000000
0.000000
0.000000
0.000000
0.000000
0.000000
0.547479
0.747043
0.789310
0.688241
0.213998
0.269926
0.316803
0.367891
0.339220
0.594082
0.910904
0.970980
0.383241
0.327248
0.446885
0.661373
0.000000
0.000000
0.000000
0.000000
0.000000
0.000000
0.000000
0.000000
0.000000
0.000000
0.000000
0.000000
0.000000
0.000000
0.000000
0.000000
0.000000
0.000000
0.000000
0.000000
0.000000
0.000000
0.000000
0.000000
0.946005
0.863346
0.969700
0.879755
0.484759
0.085636
0.152056
0.529930
0.190438
0.091649
0.074529
0.204913
0.058269
0.973765
0.636105
0.625517
0.511391
0.996443
0.525505
0.799106
0.833890
0.946365
0.740761
0.811621
0.296150
0.111985
0.145581
0.057147
0.795787
0.814422
0.843610
0.973645
0.425034
0.206504
0.306353
0.053047
0.626366
0.758450
0.831397
0.990855
0.000000
0.000000
0.000000
0.000000
0.000000
0.000000
0.000000
0.000000
0.167014
0.220440
0.966670
0.474373
0.368462
0.120701
0.416623
0.558880
0.000000
0.000000
0.000000
0.000000
0.000000
0.000000
0.000000
0.000000
0.000000
0.000000
0.000000
0.000000
0.000000
0.000000
0.000000
0.000000
0.000000
0.000000
0.000000
0.000000
0.000000
0.000000
0.000000
0.000000
0.000000
0.000000
0.000000
0.000000
0.000000
0.000000
0.000000
0.000000
0.477155
0.504275
0.643424
0.733886
0.688454
0.494758
0.122416
0.022558
0.530303
0.651684
0.370339
0.510045
0.091074
0.786615
0.212751
0.493365
0.000000
0.000000
0.000000
0.000000
0.000000
0.000000
0.000000
0.000000
0.719062
0.936262
0.819065
0.902336
0.493746
0.127461
0.392998
0.245168
0.116960
0.650961
0.447959
0.881863
0.163867
0.643882
0.535121
0.731514
0.647775
0.825497
0.993530
0.969714
0.772510
0.592526
0.971532
0.908789
0.389517
0.332185
0.072927
0.060547
0.195580
0.029666
0.399537
0.894069
0.192903
0.496608
0.430414
0.137558
0.532159
0.091249
0.277778
0.400479
0.901108
0.406930
0.981610
0.277044
0.882055
0.244253
0.682023
0.851823
0.504314
0.409160
0.679600
0.834596
0.143477
0.294342
0.571151
0.224805
0.869310
0.878730
0.938000
0.949991
0.978386
0.591384
0.948345
0.426787
0.628041
0.528101
0.202616
0.269635
0.176480
0.189305
0.029363
0.721960
0.169423
0.075052
0.132788
0.026593
0.508424
0.646556
0.177035
0.729773
0.000000
0.000000
0.000000
0.000000
0.000000
0.000000
0.000000
0.000000
0.971509
0.808658
0.137116
0.185816
0.869487
0.746786
0.390057
0.169407
0.000000
0.000000
0.000000
0.000000
0.000000
0.000000
0.000000
0.000000
0.000000
0.000000
0.000000
0.000000
0.000000
0.000000
0.000000
0.000000
0.722489
0.095601
0.687819
0.800806
0.476633
0.696486
0.775849
0.585836
0.075534
0.773211
0.946428
0.820783
0.074561
0.024929
0.082023
0.354916
