0.101708
0.505601
0.649956
0.731073
0.825084
0.151412
0.630527
0.563520
0.646667
0.195939
0.091114
0.407677
0.009749
0.619429
0.145875
0.583237
0.001941
0.528551
0.865417
0.032797
0.822247
0.503511
0.229755
0.862431
0.137392
0.316932
0.674793
0.779657
0.246105
0.215778
0.970591
0.409862
0.973091
0.059926
0.907914
0.775032
0.353414
0.891908
0.724130
0.018939
0.027171
0.865127
0.638293
0.281166
0.107879
0.150352
0.580146
0.157957
0.610901
0.211041
0.101437
0.098437
0.214124
0.213315
0.962141
0.329617
0.472051
0.213977
0.267899
0.665936
0.584034
0.671512
0.845919
0.876714
0.791962
0.217905
0.430669
0.891908
0.948182
0.775720
0.151087
0.055247
0.399605
0.015426
0.909750
0.004456
0.828332
0.215015
0.514716
0.334998
0.517422
0.374306
0.960881
0.647146
0.086312
0.974905
0.998260
0.344155
0.988839
0.968583
0.037622
0.530126
0.031869
0.585583
0.334998
0.259735
0.298585
0.899057
0.833186
0.466400
