0.084359
0.854753
0.590609
0.768792
0.920160
0.929640
0.607447
0.584999
0.471186
0.263368
0.134011
0.335598
0.115526
0.050233
0.375653
0.917039
0.142113
0.794996
0.987236
0.198278
0.783135
0.326362
0.857150
0.036988
0.090261
0.475951
0.805607
0.157942
0.757908
0.764860
0.111548
0.223989
0.140489
0.654249
0.942776
0.638357
0.552429
0.570008
0.581826
0.715618
0.800912
0.139852
0.274055
0.966401
0.600328
0.162513
0.265354
0.667191
0.040757
0.499045
0.283720
0.996712
0.112285
0.746850
0.652845
0.587837
0.535666
0.303959
0.198153
0.898011
0.793246
0.119410
0.523338
0.805607
0.942700
0.883766
0.427276
0.874023
0.174935
0.200902
0.892091
0.331890
0.433143
0.925136
0.002899
0.535170
0.725515
0.017586
0.084868
0.224018
0.470820
0.847743
0.844600
0.655844
0.956696
0.387590
0.010313
0.571911
0.178963
0.166969
0.435603
0.764290
0.524589
0.241788
0.537122
0.025965
0.337090
0.361951
0.480416
0.142702
