0.329278
0.297504
0.281461
0.332929
0.801543
0.887915
0.818154
0.808647
0.054261
0.096876
0.123945
0.288759
0.458299
0.057871
0.226950
0.920568
0.428704
0.388008
0.915315
0.997543
0.835917
0.983606
0.098339
0.102271
0.250012
0.535975
0.071227
0.243514
0.412008
0.734731
0.679093
0.751727
0.174502
0.241993
0.343726
0.037439
0.826324
0.935420
0.767204
0.744648
0.606607
0.559653
0.315627
0.186263
0.527948
0.307891
0.854175
0.829040
0.559327
0.322568
0.323110
0.817072
0.972446
0.922737
0.040276
0.019159
0.686591
0.992877
0.917886
0.951183
0.083160
0.403179
0.238248
0.512107
0.039146
0.009187
0.757753
0.711237
0.168154
0.165184
0.170210
0.384345
0.479670
0.367011
0.871401
0.896675
0.977404
0.944998
0.924992
0.847050
0.308400
0.195812
0.185805
0.584756
0.028359
0.204478
0.007943
0.042046
0.003215
0.016708
0.765945
0.776593
0.010336
0.099798
0.595721
0.677232
0.953924
0.902559
0.077995
0.126235
0.903814
0.938879
0.797651
0.944507
0.204713
0.759325
0.983044
0.805453
0.927799
0.906893
0.637495
0.260878
0.087362
0.040420
0.180533
0.031799
0.110922
0.037967
0.644206
0.728677
0.040518
0.001734
0.992023
0.825498
0.613001
0.711858
0.214621
0.644275
0.431015
0.156972
0.598499
0.549341
0.043544
0.065284
0.484566
0.496076
0.226259
0.151721
0.694372
0.366943
0.148302
0.048653
0.887561
0.646842
0.329832
0.225124
0.102547
0.435589
0.437154
0.503803
0.590749
0.363616
0.762623
0.618205
0.064344
0.293954
0.686227
0.585251
0.634702
0.794490
0.393801
0.113749
0.574745
0.703679
0.396163
0.428552
0.022586
0.039756
0.389578
0.609808
0.715626
0.150837
0.855584
0.811268
0.002720
0.002612
0.636532
0.248166
0.712658
0.417230
0.158791
0.064265
0.688680
0.464287
0.703579
0.964258
0.289788
0.520768
0.019528
0.047121
0.956126
0.686885
0.214100
0.235463
0.338478
0.140250
0.106698
0.127279
0.959697
0.938724
