0.719608
0.596953
0.252243
0.587711
0.084311
0.784405
0.299770
0.125466
0.304612
0.545581
0.948910
0.435984
0.074376
0.517685
0.800678
0.583335
0.485736
0.071559
0.061852
0.544988
0.573584
0.703592
0.783421
0.674200
0.771246
0.561181
0.403724
0.079726
0.426370
0.966402
0.508450
0.065072
0.137835
0.098605
0.173343
0.873157
0.099904
0.086264
0.250646
0.627758
0.148595
0.525495
0.969052
0.240389
0.895256
0.165925
0.198102
0.407260
0.575800
0.165602
0.439541
0.997232
0.893031
0.075334
0.246787
0.255869
0.411433
0.144172
0.294739
0.662613
0.427569
0.487639
0.763388
0.929474
0.148565
0.241488
0.682613
0.911121
0.765762
0.762535
0.380003
0.377736
0.952257
0.837680
0.683443
0.154383
0.380938
0.229588
0.373459
0.592542
0.609697
0.667837
0.706792
0.290841
0.179564
0.506864
0.326767
0.503242
0.244573
0.341533
0.040482
0.714963
0.441593
0.087059
0.300010
0.145127
0.701697
0.091700
0.411422
0.435145
