0.533675
0.206555
0.779657
0.372753
0.760532
0.107180
0.407677
0.423763
0.705360
0.242927
0.337690
0.704118
0.750781
0.409862
0.724130
0.352684
0.334998
0.061385
0.397938
0.908661
0.171330
0.911907
0.480366
0.727528
0.441070
0.972436
0.003432
0.007073
0.456228
0.333163
0.654227
0.646667
0.459420
0.830674
0.824070
0.689402
0.830674
0.047364
0.927405
0.085578
0.684518
0.589607
0.152533
0.798172
0.492906
0.205381
0.206530
0.322006
0.513760
0.413397
0.188758
0.132482
0.862600
0.940923
0.999188
0.378655
0.398336
0.365661
0.460003
0.062422
0.084651
0.135652
0.266416
0.013806
0.144260
0.749583
0.991202
0.697397
0.174666
0.392110
0.390237
0.347297
0.159482
0.824070
0.765106
0.142492
0.060402
0.439984
0.744269
0.960230
0.437992
0.240450
0.321640
0.284310
0.692203
0.002413
0.097223
0.568060
0.004890
0.656461
0.770235
0.955981
0.044821
0.099133
0.993843
0.070212
0.151326
0.996533
0.017252
0.202100
