0.585583
0.765746
0.949888
0.381565
0.957541
0.865417
0.326844
0.674793
0.785662
0.634666
0.206157
0.875616
0.102955
0.997375
0.609690
0.882449
0.013689
0.129298
0.618123
0.647747
0.155419
0.337690
0.578727
0.779552
0.585583
0.103839
0.545337
0.103801
0.196312
0.580146
0.240260
0.765845
0.692203
0.825816
0.749583
0.024530
0.984463
0.300130
0.148803
0.517363
0.466041
0.010381
0.969645
0.907914
0.382550
0.353038
0.876226
0.222501
0.702782
0.358884
0.792035
0.472332
0.876226
0.662037
0.163721
0.281546
0.171378
0.934882
0.305160
0.262833
0.234387
0.039352
0.830674
0.722456
0.997375
0.119567
0.678225
0.244441
0.910130
0.879634
0.711365
0.908661
0.083533
0.390586
0.403991
0.084480
0.365876
0.077791
0.981847
0.809986
0.080621
0.001976
0.391366
0.095213
0.716586
0.353038
0.341409
0.521671
0.605379
0.733284
0.671512
0.450836
0.530759
0.267899
0.603609
0.033698
0.483810
0.249726
0.006971
0.348095
