0.539224
0.593684
0.705597
0.458336
0.066479
0.108103
0.565949
0.162274
0.056089
0.421727
0.714016
0.630657
0.307623
0.175215
0.585060
0.208194
0.322266
0.281291
0.130934
0.071413
0.312879
0.579000
0.101309
0.980713
0.028492
0.652469
0.544896
0.107278
0.430500
0.324442
0.910238
0.731840
0.409692
0.547881
0.419333
0.112118
0.297983
0.347392
0.738158
0.185957
0.520630
0.340320
0.168707
0.382569
0.772586
0.673309
0.925276
0.341761
0.284917
0.607689
0.418595
0.666783
0.972114
0.561802
0.390996
0.608547
0.134193
0.294635
0.598721
0.266065
0.950975
0.475107
0.212110
0.160991
0.561290
0.076599
0.945157
0.273756
0.987839
0.518300
0.064255
0.039787
0.449848
0.603647
0.827535
0.741225
0.526913
0.940569
0.969756
0.502896
0.257444
0.703726
0.332893
0.592000
0.643100
0.598292
0.779106
0.703654
0.347599
0.815850
0.529348
0.453706
0.716227
0.727949
0.213207
0.141477
0.794213
0.866535
0.136521
0.147157
