0.111203
0.638393
0.146763
0.751055
0.521309
0.955998
0.757149
0.851698
0.734879
0.937925
0.510812
0.468854
0.570997
0.535190
0.455326
0.389163
0.248371
0.297056
0.330592
0.100578
0.114694
0.937089
0.790176
0.038123
0.294008
0.907583
0.800788
0.288157
0.176338
0.374796
0.833337
0.755546
0.220544
0.498549
0.152328
0.431022
0.611792
0.638858
0.082374
0.056632
0.788262
0.380652
0.938575
0.394582
0.339937
0.158747
0.050619
0.366998
0.430234
0.197402
0.998533
0.992995
0.638924
0.138152
0.457932
0.532086
0.771869
0.299476
0.621074
0.028681
0.739281
0.852886
0.444756
0.241388
0.116504
0.961147
0.110554
0.138122
0.885101
0.675333
0.970775
0.303421
0.633200
0.503544
0.957331
0.800375
0.689930
0.311066
0.720922
0.955524
0.189338
0.590083
0.942259
0.792140
0.220078
0.262037
0.104327
0.091134
0.249191
0.920823
0.042416
0.084760
0.652479
0.070486
0.975826
0.048164
0.498263
0.799273
0.340907
0.846120
