2.233787855469396e-22
1.9996165315472228e-23
3.5331921764819184e-44
2.2992314535067559e-186
0
2.1126064264003245e-55
5.4984141899573635e-06
0
0
1.1171809462908587e-306
7.4398838915246028e-76
4.0162220657437014e-80
0.040345338966193141
0.00068911406996896671
0.13715086796115222
0
0
2.3352291702341169e-136
7.6042971210914965e-295
9.8082524652358395e-270
2.4655866838855444e-65
5.4308019715703064e-20
5.1588821703625935e-61
0.93220666753892689
7.4633806782194637e-25
0.00010387522038932985
1.1215332516145801e-07
2.4370954134370792e-09
6.8650372890371489e-08
0
0
5.24956756257094e-149
0
3.5382444267505374e-125
0.012489647721071431
1.4577208057192067e-280
9.6708716795090391e-214
1.5712599138939164e-53
1.0490692249630923e-31
2.5169088634732273e-11
3.0559349174100596e-27
1.4669965744890761e-54
2.1843783799018589e-18
0.87867922421350075
2.0852153694305361e-29
1.2105334452084823e-179
0.0025224018801187726
7.7722788928428609e-19
0.0001194131879883017
6.295729022972052e-05
1.889074604806456e-07
0
0
1.9593853769519443e-297
1.1968493924792032e-114
2.4065257728752028e-286
7.4501503316963577e-252
1.0356876853600617e-54
0.099790706025758305
9.154107081620487e-240
4.2673806974190332e-220
4.7036785059575312e-164
3.1720149738833826e-43
3.7435049110332351e-16
5.1360240629616112e-34
1.2979246831906777e-55
4.6173219419307818e-67
2.9856259365408371e-22
8.8596905902363696e-06
1.1945023489010617e-20
6.8397800835781748e-169
2.4800175554320417e-10
4.6291566146346265e-45
7.1709079001793481e-25
2.233787855469396e-22
0
6.0667845080433531e-283
4.6523088945220058e-273
1.4187117080396529e-22
0.0091957899106262751
3.924226091678722e-176
0
2.1711037897167219e-309
0.043139806416844603
1.839315882917609e-242
5.2404989358827397e-172
0.00020710467018394908
6.5646956904332707e-50
4.8621582665298702e-11
0.022701928222230744
0.15898348207089935
2.2278425097739004e-217
0.035612587820325801
0.62000318848405778
0.00013487069612467403
0.0073597002607657122
6.8089096976685828e-72
4.0549551213529001e-292
1.7621403487723731e-301
5.5552295187221351e-302
4.1366977411596948e-193
1.2442100018294141e-266
3.6032567166616814e-262
9.5858038745104029e-213
3.1798390229486007e-11
0.15106929134402838
7.2413323060332185e-206
1.2420437421944597e-245
8.2960025417595622e-232
1.6616052898025312e-205
1.3129053592154871e-101
6.9951023734211448e-27
0.00039536073260584191
3.188155087533852e-10
6.080695978580326e-15
5.0987612926399593e-13
2.9434207829442977e-41
1.2210042247419626e-53
4.2775667405592444e-08
7.248975801520318e-30
1.347077913493993e-19
1.2792369374316553e-17
7.4635073412122755e-09
0.097733003963618198
2.5806613032631731e-190
0.10894192525944332
0.015901779037510503
0.90677632063606395
2.4006937988688822e-179
1.7201205681679252e-104
1.9261855757874613e-190
2.3401359959412884e-136
2.2847729536545885e-06
2.5757702584427749e-10
6.703711760940365e-05
1.2351352651636378e-98
4.8539315757813861e-05
0.83258421766147772
6.3299106347565842e-126
3.5208705456793954e-73
7.4758506173491854e-13
2.0916810638669902e-10
3.9000704657956261e-07
5.5166203561405599e-97
4.5147773649469084e-23
4.8603553467065956e-05
1.390629398329235e-31
7.1709079001793481e-25
3.9355700335981239e-54
8.8789566005006465e-11
1.014607221674801e-07
2.4181012218775798e-28
1.170279543383785e-32
0.016674186875115501
0.00010510540523436172
1.3947828554391204e-51
3.5170320363950508e-16
3.0117030788379714e-12
1.0588635373230119e-10
8.257995766159452e-14
0.00024879901503760496
6.6766965882963301e-06
1.809224170248436e-07
1.459334093941811e-59
3.4488237931737713e-20
7.2180364542330124e-54
0.00099109972746200714
2.0879943658019826e-61
2.5124810724097888e-08
0.097765370443335747
4.2945621858356728e-22
9.9094704974444012e-05
0.0070451319236231246
1.2247315584147692e-11
0.00054487037051028243
4.7042571110036583e-22
2.0839044640755242e-32
3.1641431108357999e-105
0.00048655690825310171
2.1379661860198334e-13
0.00055230286206891339
1.7236912285570497e-12
0.00024287997347267833
1.5210029664418305e-09
1.2829253347155805e-33
7.8206850721730381e-20
2.0594312133653877e-11
1.7073029456467801e-10
9.5150720043465805e-25
3.87310582940058e-81
1.5067945959625281e-05
1.9760909078964373e-07
1.2547474962131382e-11
2.6931822595569154e-23
1.547123130782797e-105
1.6888011882454906e-12
1.6649421741514954e-97
1.8572688140008696e-101
3.0055354960225106e-102
1.7358275975648213e-222
9.2399562530374823e-20
6.6415093970275971e-17
0.0025964643464030492
2.1337551356610687e-18
6.8100624182067503e-22
0.014397129798345577
0.0072135284971662174
2.106718690907033e-51
1.2564565595863388e-08
3.2884124193398342e-05
1.6171199071269639e-10
4.726778389815578e-35
8.2478448029243187e-05
1.5443878445859234e-41
5.2690358571750704e-45
6.128595074639968e-151
9.8119888471122573e-09
7.2554852310311131e-27
1.1078767048839506e-34
2.9484490810977284e-141
1.2665977008341571e-123
9.7092939653818667e-272
3.9355700335981239e-54
2.0856724686825358e-08
3.1387585223403447e-12
5.7090902140262011e-62
2.7306362729886796e-05
0.082916249528422234
3.5002542631413413e-07
2.3521948503191882e-32
2.9285631490626605e-24
2.630729214563099e-34
3.784483481669918e-06
3.430857885026314e-56
0.023554206791443488
1.2622160873953094e-06
1.1487445235282132e-08
0.00027100160895777184
0.4002513540873493
9.5867885224950305e-07
2.944271653695783e-33
5.9530149051057668e-09
6.041131818325789e-57
2.9227926039388301e-83
1.8939862722610213e-16
1.4306618888753219e-11
0.0002248728375963196
7.0894130116986083e-06
3.7240609485683097e-05
9.733719764920113e-05
2.7227760338357127e-25
2.0428501873067968e-13
0.0012443465108699342
1.8969854310922907e-07
6.9261714335035175e-09
1.3137036986048545e-14
2.754911796791058e-09
0.092675046089364735
8.2011172130225822e-31
2.2564399931117929e-05
1.0779661455277839e-22
0.36724812873884694
6.8678324675289845e-10
1.3237610781053208e-56
1.8170422618303858e-19
2.2348620711750929e-93
1.428610547052563e-59
1.476676752085131e-07
1.3677499734900232e-08
1.8377033553619385e-08
1.4307030738544075e-07
1.1991461726992233e-05
4.5900262782403243e-09
1.1813869974955755e-20
0.001031218873855563
0.00013563431915110787
7.6693023683388159e-16
1.2613016851374721e-49
1.2642698994615444e-16
7.4614912103565945e-81
4.5056496006329431e-104
4.8516770281256519e-09
1.1502835809454188e-18
9.4360321318073753e-14
5.4669889398599857e-35
2.8108688908547381e-07
4.1833159214249503e-73
1.0546279032717351e-131
1.5974371720719e-139
3.0676484159729364e-23
3.079557710815629e-63
1.3462257645321833e-113
1.0094987453418412e-183
1.0712826221694391e-85
9.8043708406686925e-225
9.7092939653818667e-272
0
0
2.8108734439880348e-260
3.7046782288611222e-148
0
2.3700118191545713e-69
1.3465409423924209e-59
6.4904622948501321e-12
0
5.1825185562325479e-87
5.9086148689824447e-28
0.0062385085605307748
4.1657769671269812e-17
5.3731071708814426e-06
1.4033291294418919e-05
3.86082540945023e-44
6.3471892852529517e-89
2.448433006482496e-16
4.5593121440625048e-06
0.55576959882851884
1.8405075220718842e-31
8.2885885703834322e-57
3.0904051689150612e-99
2.4048151872804327e-29
1.2206050591651404e-47
4.9941006540831965e-133
2.4568141454873056e-40
1.4089066424255589e-127
8.1239162892715818e-143
1.3838808392712856e-216
1.9693075842573883e-124
1.5274195286232726e-37
0.74679096947636159
1.9362533303772868e-19
1.2946487208302797e-44
2.3292228727138712e-107
1.9554266698300858e-38
2.3852330256477335e-80
5.9906537180350585e-167
1.7648769286810702e-193
1.3915353712255409e-197
5.4732214019253337e-275
6.5423362408723187e-43
1.0917816147961844e-131
1.3093597799503952e-172
2.293313109637346e-204
5.4545918069537589e-298
5.8488305095710874e-186
2.7722178264161994e-282
5.7790646571526247e-281
6.0015971939161729e-287
0
5.8527462602069161e-96
6.620269665258205e-29
0.1736716871789345
2.6901138897193031e-24
0.22347192406125169
8.4899895159915964e-73
9.4622956146629376e-102
1.8335332492005284e-175
0.022982739684343546
4.8412557162417756e-72
2.8350504439053793e-140
8.3979107849301077e-228
9.3486659140062727e-80
2.8341905223973202e-253
6.8207742058359978e-247
0
1.7343055723662724e-23
1.6203668668726811e-159
3.7556566979604042e-228
0
0
0
0
0
2.4099473191929846e-249
4.4325560343021629e-33
1.4447084820883055e-20
6.2232220469492868e-11
9.1187015282632447e-154
9.194238514117514e-61
2.6893515299482241e-10
9.670043015345328e-27
0.017350381321034516
2.9937458419056351e-30
5.1130044614799533e-70
5.7123783367114097e-172
0.014574048757759949
1.1838705009519158e-19
5.5118874492957457e-60
6.1887000563976576e-197
1.847032840575153e-47
1.818166196399815e-132
2.9752342265399008e-174
1.2889300308233174e-273
2.2464975628808319e-141
1.4305861557189697e-77
9.9312335330244222e-55
3.099350704561899e-30
1.8225107167827827e-10
0.27313716538794069
0.00019454416056380382
6.6799555974057102e-11
1.8898582919663401e-55
4.5587791865228406e-51
9.8292248531741052e-06
4.4404799740439065e-26
2.0809856299622342e-12
1.3080950467534236e-71
4.8279124775785908e-68
1.188752361279085e-171
1.066582418851483e-102
7.7496203150949518e-31
2.1021592081346889e-146
5.4568137324443739e-219
1.7761162536563e-179
7.287522836524074e-288
0.00092191937931604276
2.7907156841744524e-75
4.0236679506647963e-05
0.047239305483634565
4.7462101255292575e-30
1.3979886465607171e-23
1.7655788089547152e-111
1.3658763801478879e-70
2.9772487508189911e-13
1.0926042986133023e-125
1.0988336405297558e-203
3.969624300696457e-215
3.9800487932304232e-178
2.4702766165484888e-296
3.6430267735296356e-110
0.0007309591187431723
1.030201825856896e-67
1.4299342671386958e-119
7.0607811953139943e-168
1.2324715059140721e-133
9.549209295853184e-282
1.2505300734163262e-309
2.5389567805799891e-232
4.9855643965859847e-77
5.6408233778689763e-238
5.2361880979703018e-299
0
7.501791289063955e-246
0
0
0
6.4905229663987154e-78
2.0837242082133876e-60
1.7064761203776902e-32
7.508759190931489e-256
2.9081787839438786e-09
8.5896025131551797e-21
4.3980299307936721e-21
7.6849166118032362e-295
5.3717267837087151e-93
7.6276837014865854e-16
0.001060019985805172
6.6184636796984961e-17
5.7008277913008308e-06
0.022216200326041304
1.4245861598887844e-34
2.2632833194898915e-115
2.8728114928511663e-132
5.2777690143552576e-05
9.4572042663359858e-36
1.7977423492896843e-11
3.5893448315829958e-12
2.7899115233857746e-32
4.9099585696313064e-12
4.3106052539104916e-20
7.1436535224523092e-54
4.5813337155014262e-09
7.7852796363164939e-75
4.6230203978728549e-85
1.7333011124642336e-177
1.863487036078843e-17
1.3426005016545983e-41
0.15301592321357413
5.7614104184503236e-11
5.4262274833560089e-08
2.4162219061272905e-53
6.7997891646455741e-22
6.3323710387275813e-38
1.4995805554960157e-131
5.1387281773964749e-136
2.0985701844607608e-116
9.7172634773175898e-236
1.5637653635826806e-05
3.6070903174030443e-64
1.579442023305384e-113
1.9989067507395652e-111
3.0369793005824774e-224
8.6661026400426767e-90
9.0535100759487031e-204
1.797262399410239e-192
5.9827022099824611e-170
0
6.471596670928019e-12
1.366871829598524e-06
0.034157577584887695
1.4838003669213704e-09
1.9590152911078068e-41
6.5375885788526508e-15
1.3794194898279247e-26
2.1116399510776704e-91
8.5978591781242817e-08
1.7260707722793734e-30
3.5377373031956204e-78
1.1154079467922573e-163
2.0661863712425409e-29
2.8565132427478187e-164
2.8103313782649099e-159
2.7456701492970696e-280
4.1452821729779607e-07
1.4994295657218988e-80
1.1986341248769032e-144
4.3977388263776417e-247
3.4572990552929311e-227
0
0
1.0512940682356458e-202
2.839283624404424e-114
1.5787792784754966e-74
1.5903099192016215e-39
0.27207411310982282
7.8755479890905842e-43
8.8343335563135911e-43
4.5691220640118906e-17
3.0906715944411248e-08
0.90358145045872451
1.2665796319087391e-31
3.8184923487450134e-36
6.3416526989523016e-114
1.8370373226592828e-23
0.003453301691921859
4.0817660264776282e-29
1.4712924373464554e-106
6.0073031575537043e-67
1.1477442110382016e-93
5.487480403458101e-117
2.4876109193514292e-206
9.9624974652909406e-64
1.4889955110500212e-13
7.9579158293359319e-15
8.4359118375928459e-26
4.3941065478169913e-10
0.00048987213452808239
1.0155109477552804e-43
4.051247431452368e-08
0.00011157197007303516
8.158011607717101e-13
5.7752883934255466e-14
1.1927115704234638e-05
0.015925961152623846
5.9461044032734674e-35
1.8652662232834452e-63
4.2338148066716357e-110
2.9487904583511293e-86
1.2361136592679299e-13
2.0588330377361702e-98
2.6369573834847593e-140
1.2253790955152785e-133
9.4321334491047641e-198
1.101279336426853e-55
1.0942834055190128e-05
9.0211339550942004e-08
0.0093256506921106895
0.0014447686132919107
0.00056102048769688057
2.0836449265245314e-26
2.3463116119801165e-68
2.1373133808917274e-08
4.1706341596842354e-89
2.1564627216900543e-123
1.5244273043050517e-146
1.2697656039991131e-124
1.2285402261858939e-203
6.713636833845704e-145
1.1517112224031629e-05
3.7525447692902114e-18
1.6944159836356649e-31
3.4410896987324884e-130
1.1145804403022962e-115
9.4281289722440621e-196
5.8149482269853643e-225
3.4592501615720755e-204
2.2337911821158145e-27
3.8146149195613993e-185
1.7304246427816446e-212
6.0747172210089518e-284
3.2088227039127265e-217
0
0
0.00046022767249134219
0.001909463653882653
0.10581271687990683
7.4890524211964642e-32
9.6263201293470294e-21
0.54229555766013782
9.6415771715989005e-18
5.6766304551014816e-78
1.6716891399141827e-72
7.5595842717507319e-05
0.0081565906094591065
0.0016668632229376228
7.6579293915150242e-16
0.58066672922673856
7.2682387442067666e-15
5.0056476056902143e-82
1.3345170516282515e-17
1.670803956875714e-10
9.3215247155706804e-06
0.00015091315096100476
0.00014475908355792504
0.33087845422736556
1.8016514298137587e-19
0.074366352850151113
0.023025571267842229
0.00081741961128471631
1.4061377746030804e-10
0.72071743104402786
1.2948173458067322e-24
6.6114258412842271e-101
1.4436145934437285e-18
1.531335795192711e-12
4.4081202892463836e-13
0.27260525155038129
0.21671417042584404
8.657348339562174e-16
0.00072850243908740696
2.0494221344831613e-22
0.0077361642027390567
4.5509971023336804e-17
0.0086528080542567169
7.4166520801207693e-34
0.17108673355391912
0.049815560036449172
4.906346371998643e-32
8.6977824362275946e-06
2.3627481344524124e-10
1.7958951510802374e-09
0.028306946497880181
0.0289167823121168
6.8651155680758114e-22
5.7649552975028052e-122
2.4857379799098549e-33
1.7622697631807894e-25
0.035664220506489847
6.4048229520742977e-29
0.93527889293293009
0.039004883008631232
1.0184915367102013e-21
5.2837953688827121e-13
0.010044532487006163
1.6952996631700329e-07
4.8164104803706069e-74
0.0016422881083883096
7.4874521718261964e-27
1.1017838141942943e-20
2.9996126001053997e-29
9.4776898089073352e-29
0.74987258646526112
0.10556998443740009
1.2255051892755423e-36
2.8710541793358088e-08
6.436251976681151e-08
3.8515569487555118e-147
0.00046022767249134219
1.6942523079895604e-69
2.6912919983777919e-49
9.362505854862126e-15
2.3855958390550332e-13
0.070650325972576561
1.4490584318674973e-22
0.00043548139594015711
3.4418644310907719e-11
0.00021650775510594872
7.3989922391620358e-05
2.4445537879100217e-22
0.075284032596782749
1.0461418679789884e-12
1.2296918309302654e-06
0.33871134351763105
0.44699268274540382
8.0365074359332199e-17
0.051007520530005318
7.3034962841735165e-06
4.6891026519916868e-06
2.3100773849438891e-10
0.40153684588126298
1.9154128355120606e-08
6.6872159606008729e-25
2.138573899944576e-16
9.2734019739081412e-16
1.4937661067082805e-08
1.2999327046054403e-07
0.46991013599798359
0.81545485499672232
2.5338508470023497e-62
9.4036916381199471e-05
1.6328774549600571e-14
0.72745216086246911
0.0022333044678458495
1.5607118983611329e-77
2.0955005649031408e-13
0.4145272316362808
2.0536720883280597e-35
1.4965745019386404e-09
0.0047699131540623997
1.8392566963802725e-24
1.0835231980517182e-07
8.1222758200690548e-13
5.7627097578359752e-25
1.2878497481366648e-27
0.46045895189555086
1.2229376790080386e-16
0.20200024833741048
0.40870125348264891
5.2417418915328527e-23
0.63635621387980801
0.016373464046598493
7.110746792084254e-20
0.033984278118276139
6.0702170568832825e-06
0.007193684724981211
4.7000367525975228e-53
3.8629045881170139e-33
1.7876806309311819e-26
0.047306382351287556
1.892479759885734e-21
0.11153253421603204
0.011921444982153442
9.4904752585582352e-07
6.6407917194532761e-77
9.0319214142162855e-25
3.5451701535898127e-40
2.3533872366900272e-11
2.9609736438897024e-91
6.4484859717982426e-36
5.595376816300378e-114
3.8515569487555118e-147
0
4.6930436512170943e-77
8.0569693505984264e-53
1.3720177429102168e-28
5.4077479429635073e-19
3.26862921365197e-17
0.035884437668176387
1.5206393528340891e-94
1.3186354252035522e-12
0.034770632567795598
0.00628558211078097
1.235303695849461e-08
1.6279382145548891e-20
0.58347649351329967
5.9146101767369744e-13
1.123895722978782e-107
0.00081502123662880724
8.8796384062940147e-06
7.8940051742731519e-07
2.5754948983226578e-06
0.0035351176060350641
0.12208660960452487
7.3041391462513588e-15
0.00026833922281986833
0.0001198296061394246
0.004334804871217123
2.3438166605994001e-06
0.058664584048990658
3.8621437498808447e-16
4.7545726802850319e-86
1.294407592364642e-06
7.325297223110884e-10
0.0074645889541680626
1.9285686777920234e-36
2.409807798018651e-20
2.280714016956247e-07
1.5439423777403123e-13
2.0366546447358762e-11
0.00092733773293498167
5.3096588112763761e-13
0.064093632597277239
4.5230859889279488e-09
6.5374058083917917e-23
0.1388998308926194
1.9109497596677709e-15
0.0070812941262565262
8.8929453764123331e-17
2.1809926881175065e-06
4.9998537246864667e-15
6.0964961805684499e-08
2.8500096432867924e-81
1.2494400232625682e-142
1.7570090803527631e-09
1.1872635833380746e-10
6.8143474052669643e-20
3.305722788444071e-06
1.1936386475617927e-48
4.867793815666277e-09
1.3370185563954284e-31
4.6145992216131845e-29
1.4026351085600838e-13
0.29176488078186208
3.5089372785832349e-29
0.31915207250671451
2.6923669914613345e-40
4.9207164358334029e-05
2.3934771676234289e-09
8.6086655364253593e-26
1.7191292881662443e-05
0.037692254974833923
5.6753233738036772e-07
1.0903572497533725e-38
9.075793228738236e-53
7.2278516960602461e-230
0
1.6897944020705114e-07
5.2935089006323538e-09
1.6048834181133312e-06
1.1164144495681545e-09
0.40960210509810474
9.9795645533798044e-23
0.55819908526158746
0.0043295948246338881
9.1478792672747948e-11
0.10293209554735344
0.0089902056672081579
0.0010778557704396771
1.959248022937468e-05
0.001348162474094366
6.1051386692915836e-21
0.010683120383255635
1.5054474366082458e-05
0.12398732972444783
0.022232785207709757
4.5969123934704343e-07
2.427147369909509e-31
6.0307966030006874e-122
0.23995618230063467
0.0016067488613253048
0.0026273184717008277
7.8374294614259664e-27
2.1784527257380118e-05
3.3790917849410291e-78
2.2157121321568142e-13
3.5858105314571867e-15
2.5893742382364014e-41
0.00013335612067731279
4.5039086840834784e-06
9.22109890860709e-08
0.92218623660530852
2.0467949375593826e-08
7.9848901602958757e-06
0.25010702681930347
2.1817569794602236e-17
0.50037351047486323
0.023712368045889012
0.29256409830743657
1.8500274768198317e-30
1.9499174748579173e-11
4.9071567955443561e-09
3.5598153979436175e-12
0.10115032519828442
1.9433135183675761e-06
0.0046308744720346545
0.085179806168589584
5.1939236343840965e-33
0.72571302141765504
3.5486155975869224e-14
0.00016371964687539323
3.1208830127568044e-07
0.0011734728029438068
2.9482723453397097e-22
3.1822227957157778e-40
9.0592784475280871e-09
1.4911506979124815e-17
1.0050765839985307e-06
1.7164061647693488e-51
2.8643639975729469e-14
1.3735164829723489e-30
2.0915675589084406e-45
7.3781818533160076e-88
2.0309610812400816e-12
2.1713748564111898e-76
1.0513256694257335e-52
9.0536641889237124e-108
9.5562546081478335e-72
7.3172917343225472e-162
7.2278516960602461e-230
