0
1.5425893657914806e-70
0
0
6.0787819669129604e-20
2.8982128282269565e-146
0
3.3501643115808216e-69
0
0
4.5374335878589607e-14
1.6661278460835076e-178
0
6.4462983411061731e-58
0
0
9.74228393247339e-13
3.0608729599598648e-163
0
5.1329843876228713e-67
0
0
1.6427804158276469e-17
8.1684100100679877e-150
0
2.4323608214097971e-70
0
0
1.1732120293794203e-16
1.9357814242239233e-141
0
4.2355025290998602e-77
0
0
9.4611693091733531e-26
1.2309726310839527e-160
0
1.0381974734125271e-59
0
0
2.7113435182232389e-15
5.1861823308793722e-145
6.7284585290865523e-291
1.0812309100462553e-70
0
0
1.0353962137189792e-25
9.460168298102204e-169
0
1.0843005341408551e-70
0
0
8.4555751448733386e-20
3.3927205124317363e-164
0
4.0061045473106462e-60
0
0
1.4419528994118105e-19
3.2758046407470103e-154
0
1.1389342844876711e-53
0
0
2.0560678192792654e-22
2.0039853216368787e-170
0
1.2159577008037863e-78
0
0
2.919622380536326e-22
2.8545006320501051e-141
0
3.1677097821878053e-52
0
0
4.8852410744230812e-13
2.9234168921689454e-165
0
5.9455343215590723e-50
0
0
2.3785379412350805e-16
1.4271781010237136e-171
0
3.3562739512279763e-71
0
0
9.2116401408981829e-18
3.5689188894149223e-152
0
6.257382723445673e-58
0
0
2.1209793052192409e-18
1.1406215489458603e-154
0
8.8498646634070854e-59
0
0
