0.000000
0.000000
0.000000
0.000000
0.000000
0.000000
0.940130
0.726978
0.000000
0.185659
0.649487
0.000000
0.000000
0.000000
0.022233
0.000000
0.000000
0.661186
0.000000
0.894462
0.000000
0.616182
0.000000
0.000000
0.581904
0.064361
0.718146
0.000000
0.000000
0.996670
0.628556
0.104036
0.000000
0.000000
0.430310
0.551321
0.000000
0.270777
0.000000
0.000000
0.426788
0.000000
0.460461
0.000000
0.000000
0.240057
0.048743
0.019985
0.000000
0.235019
0.000000
0.000000
0.221313
0.347636
0.872121
0.000000
0.000000
0.764378
0.000000
0.122084
0.482892
0.568336
0.000000
0.005770
0.000000
0.000000
0.000000
0.000000
0.212636
0.285749
0.924198
0.302906
0.000000
0.000000
0.000000
0.146462
0.000000
0.958243
0.000000
0.000000
0.067454
0.854638
0.000000
0.111658
0.000000
0.498684
0.266694
0.989580
0.651835
0.000000
0.984053
0.000000
0.000000
0.000000
0.939968
0.500224
0.000000
0.854896
0.863228
0.354090
