0.000000
0.000000
0.000000
0.000000
0.000000
0.000000
0.742468
0.982387
0.000000
0.961892
0.569647
0.000000
0.000000
0.000000
0.959203
0.000000
0.000000
0.799533
0.000000
0.997973
0.000000
0.169722
0.000000
0.000000
0.448591
0.095939
0.752482
0.000000
0.000000
0.616395
0.209312
0.219309
0.000000
0.000000
0.194795
0.661722
0.000000
0.557344
0.000000
0.000000
0.837883
0.000000
0.821387
0.000000
0.000000
0.879216
0.107510
0.057672
0.000000
0.334083
0.000000
0.000000
0.332288
0.373731
0.145071
0.000000
0.000000
0.767471
0.000000
0.227450
0.070940
0.114503
0.000000
0.745398
0.000000
0.000000
0.000000
0.000000
0.017529
0.904354
0.065466
0.924298
0.000000
0.000000
0.000000
0.129713
0.000000
0.938464
0.000000
0.000000
0.017375
0.238958
0.000000
0.200694
0.000000
0.101386
0.681189
0.903779
0.352723
0.000000
0.078090
0.000000
0.000000
0.000000
0.268598
0.387573
0.000000
0.652880
0.346979
0.904070
