0.000000
0.000000
0.000000
0.000000
0.000000
0.000000
0.288675
0.556911
0.000000
0.416457
0.409340
0.000000
0.000000
0.000000
0.186649
0.000000
0.000000
0.231856
0.000000
0.257905
0.000000
0.223732
0.000000
0.000000
0.752222
0.974824
0.032624
0.000000
0.000000
0.248215
0.357139
0.224488
0.000000
0.000000
0.804804
0.418239
0.000000
0.168025
0.000000
0.000000
0.933576
0.000000
0.829544
0.000000
0.000000
0.167930
0.480509
0.472688
0.000000
0.153329
0.000000
0.000000
0.321143
0.620932
0.034692
0.000000
0.000000
0.398126
0.000000
0.234961
0.109909
0.794083
0.000000
0.583293
0.000000
0.000000
0.000000
0.000000
0.196987
0.197955
0.664380
0.797632
0.000000
0.000000
0.000000
0.218755
0.000000
0.209093
0.000000
0.000000
0.029546
0.367684
0.000000
0.099188
0.000000
0.732213
0.520269
0.600567
0.762072
0.000000
0.798424
0.000000
0.000000
0.000000
0.089988
0.576255
0.000000
0.865319
0.652739
0.108857
