0.000000
0.000000
0.000000
0.000000
0.000000
0.000000
0.565640
0.194863
0.000000
0.734936
0.987026
0.000000
0.000000
0.000000
0.526722
0.000000
0.000000
0.180858
0.000000
0.698083
0.000000
0.599342
0.000000
0.000000
0.259481
0.614331
0.564539
0.000000
0.000000
0.713683
0.897792
0.380014
0.000000
0.000000
0.114034
0.415811
0.000000
0.500674
0.000000
0.000000
0.631717
0.000000
0.270923
0.000000
0.000000
0.323316
0.443325
0.092932
0.000000
0.412028
0.000000
0.000000
0.425659
0.608413
0.547615
0.000000
0.000000
0.335564
0.000000
0.431117
0.033744
0.958449
0.000000
0.922190
0.000000
0.000000
0.000000
0.000000
0.017373
0.145163
0.829553
0.648676
0.000000
0.000000
0.000000
0.181527
0.000000
0.387588
0.000000
0.000000
0.149895
0.800776
0.000000
0.063150
0.000000
0.091290
0.534279
0.649910
0.214137
0.000000
0.845903
0.000000
0.000000
0.000000
0.966032
0.645625
0.000000
0.960991
0.186646
0.696484
