0
0
0
0
0
0
0.57720023239296758
0.34426304889111509
0
0.098131294887289153
0.18466676701255136
0
0
0
0.01287390543207236
0
0
0.28631909009636519
0
0.37176390816737659
0
0.64481042770894226
0
0
0.63164297301548467
0.14303741211452897
0.41267402157985433
0
0
0.81602937705199619
0.52247149821766303
0.66466873032796769
0
0
0.57773970197877378
0.036443725767861791
0
0.1706711813465282
0
0
0.076985196933611999
0
0.43172620016092345
0
0
0.19403853187482795
0.25748087738384029
0.52619299804070874
0
0.82792648658563794
0
0
0.8611755889342293
0.13774748336796222
0.40709795855261677
0
0
0.5991277225779108
0
0.90729878776111239
0.11981827513551249
0.8752472287063191
0
0.82228587760511362
0
0
0
0
0.60123876684558075
0.26904842738934126
0.09427367677914672
0.67485394075056604
0
0
0
0.12425132064719241
0
0.45789822724540119
0
0
0.50024091563313167
0.67364123758658701
0
0.14331629745924748
0
0.54553132031969753
0.86827909485239818
0.39732943534456661
0.7845100492456748
0
0.9153859570591627
0
0
0
0.054766653907209466
0.53897410940549784
0
0.80934612800539107
0.50598289900836746
0.61967628942045849
