0.000000
0.000000
0.000000
0.000000
0.000000
0.000000
0.737153
0.964818
0.000000
0.634338
0.512510
0.000000
0.000000
0.000000
0.216682
0.000000
0.000000
0.254289
0.000000
0.234415
0.000000
0.770233
0.000000
0.000000
0.631244
0.695149
0.694152
0.000000
0.000000
0.484670
0.527723
0.066864
0.000000
0.000000
0.402132
0.088867
0.000000
0.272659
0.000000
0.000000
0.557830
0.000000
0.544187
0.000000
0.000000
0.216307
0.412284
0.526007
0.000000
0.053415
0.000000
0.000000
0.092234
0.947332
0.181175
0.000000
0.000000
0.727222
0.000000
0.557972
0.234329
0.487875
0.000000
0.718445
0.000000
0.000000
0.000000
0.000000
0.603200
0.861584
0.270685
0.302303
0.000000
0.000000
0.000000
0.342555
0.000000
0.032058
0.000000
0.000000
0.238771
0.307023
0.000000
0.327545
0.000000
0.362071
0.169900
0.862812
0.615887
0.000000
0.998064
0.000000
0.000000
0.000000
0.228328
0.687426
0.000000
0.554559
0.727102
0.074221
