0
0
0
0
0
0
0.70415842529020689
0.098271146990330446
0
0.43565399833704965
0.58260015084863337
0
0
0
0.58377528639284226
0
0
0.91728723597596196
0
0.63775897309276786
0
0.42681379132693853
0
0
0.72210765775710051
0.60226246084596979
0.3140775426876351
0
0
0.84697423018472218
0.24970615037522573
0.079914902116785799
0
0
0.11570971579097397
0.15934832426723156
0
0.25134002841836556
0
0
0.77615836740121424
0
0.93806573332202547
0
0
0.76751211292718813
0.19081835426871513
0.16216453015072615
0
0.39644394186898946
0
0
0.55395825747489846
0.34441448409151021
0.2533912265137645
0
0
0.028560129012130502
0
0.10187989011708029
0.48598803871229834
0.23627434606579856
0
0.8978496630235091
0
0
0
0
0.67220938777358086
0.57683982818869639
0.60796356935065643
0.93946144693519285
0
0
0
0.066748609749034696
0
0.85074697998066728
0
0
0.071729575123128733
0.76578195406641703
0
0.076160443654759324
0
0.51894696944699004
0.65454002999252736
0.63660195887760207
0.36810701699853476
0
0.56130070313506553
0
0
0
0.33724300136651514
0.36747511311575382
0
0.81852980676766263
0.62238579440124142
0.91821030860250363
