0
0
0
0
0
0
0
0
0
0
0
0
0
0
0
0
0
0
0
0
0
0
0
0
0
0
0
0
0
0
0
0
0
0
0
0
0
0
0
0
0
0
0
0
0
0
0
0
0.56564015700448034
0.9401299238857973
0.74246817800510723
0.70415842529020689
0.57720023239296758
0.73715261455809844
0.28867541876713904
0.096264468766286651
0.19486284083214631
0.726978073298163
0.98238690495965009
0.098271146990330446
0.34426304889111509
0.96481840172941635
0.55691116365093263
0.17313264532008307
0
0
0
0
0
0
0
0
0.73493552737397239
0.18565900260609366
0.96189217893767209
0.43565399833704965
0.098131294887289153
0.63433780466224854
0.41645745165082348
0.29761154456108752
0.98702598999565783
0.64948682320690354
0.56964712714433197
0.58260015084863337
0.18466676701255136
0.51251049685865946
0.40933988570582241
0.4758443327191787
0
0
0
0
0
0
0
0
0
0
0
0
0
0
0
0
0
0
0
0
0
0
0
0
0.52672211831309768
0.022233322536747327
0.9592034946078809
0.58377528639284226
0.01287390543207236
0.21668218620004465
0.18664867592580495
0.18300207904165663
0
0
0
0
0
0
0
0
0
0
0
0
0
0
0
0
0.18085766200756889
0.66118624924161262
0.79953307186018696
0.91728723597596196
0.28631909009636519
0.2542889403950428
0.23185573823645247
0.11287364132256443
0
0
0
0
0
0
0
0
0.69808257137850593
0.89446193881000491
0.99797340076604246
0.63775897309276786
0.37176390816737659
0.23441492260902935
0.25790486609843705
0.22327579811130388
0
0
0
0
0
0
0
0
0.59934157756265305
0.6161816340087668
0.16972203515259249
0.42681379132693853
0.64481042770894226
0.77023345614097294
0.22373212823444841
0.40500258066621175
0
0
0
0
0
0
0
0
0
0
0
0
0
0
0
0
0.25948083164572139
0.58190448601528355
0.44859130923497748
0.72210765775710051
0.63164297301548467
0.63124387439140206
0.75222187719339317
0.42584663138682344
0.61433116844249824
0.064361102089281044
0.0959386382227886
0.60226246084596979
0.14303741211452897
0.695149304556829
0.97482428344402461
0.4424338309294138
0.56453862423380374
0.71814638269783171
0.75248248753170144
0.3140775426876351
0.41267402157985433
0.69415212900831069
0.0326239726098028
0.091849246869440959
0
0
0
0
0
0
0
0
0
0
0
0
0
0
0
0
0.71368306357307332
0.99667022296297592
0.61639487214900357
0.84697423018472218
0.81602937705199619
0.48466950665603448
0.24821494952840589
0.68938197545330204
0.89779158368842238
0.62855563380182511
0.20931175438390734
0.24970615037522573
0.52247149821766303
0.52772294234170625
0.35713919638603508
0.35609085269802082
0.38001444565543996
0.10403635624978348
0.21930945491663581
0.079914902116785799
0.66466873032796769
0.066864487367300759
0.22448788369989234
0.65421377106423528
0
0
0
0
0
0
0
0
0
0
0
0
0
0
0
0
0.11403399198529966
0.43031030485567601
0.19479518060729303
0.11570971579097397
0.57773970197877378
0.40213241876837663
0.80480382098246572
0.75503700491411907
0.41581070655539087
0.55132095369119893
0.66172217202675998
0.15934832426723156
0.036443725767861791
0.088867486791712996
0.41823916376059223
0.45421691451490864
0
0
0
0
0
0
0
0
0.50067442862712652
0.27077683988208512
0.55734409299380483
0.25134002841836556
0.1706711813465282
0.27265948927330697
0.16802510673104903
0.35072995418437891
0
0
0
0
0
0
0
0
0
0
0
0
0
0
0
0
0.63171706142843354
0.42678779210742335
0.83788306307579319
0.77615836740121424
0.076985196933611999
0.55783018132355244
0.93357554378852903
0.09388207965471311
0
0
0
0
0
0
0
0
0.27092345976922344
0.46046139300166333
0.82138675839925834
0.93806573332202547
0.43172620016092345
0.54418667787442687
0.8295439398305956
0.074846442659947568
0
0
0
0
0
0
0
0
0
0
0
0
0
0
0
0
0.32331581677649796
0.24005686370968399
0.87921558066485539
0.76751211292718813
0.19403853187482795
0.21630660377691763
0.16793035285575841
0.59517475375822682
0.44332540375718543
0.048742557242308415
0.10750993255839336
0.19081835426871513
0.25748087738384029
0.41228370044910861
0.48050896911204977
0.19807283157848615
0.092931547326552066
0.019985272358944491
0.057672113753270457
0.16216453015072615
0.52619299804070874
0.52600728977448086
0.47268811257383869
0.35134561608227655
0
0
0
0
0
0
0
0
0.41202762686577071
0.23501919831838772
0.33408325202055533
0.39644394186898946
0.82792648658563794
0.053414849031601777
0.15332910221692078
0.12460531455711499
0
0
0
0
0
0
0
0
0
0
0
0
0
0
0
0
0.4256592925419288
0.22131250318854689
0.33228829081691763
0.55395825747489846
0.8611755889342293
0.092233905740294997
0.32114286325247765
0.26850547193387292
0.60841253507439741
0.34763613660437676
0.37373081146704373
0.34441448409151021
0.13774748336796222
0.94733205916797281
0.62093214691640841
0.13591330506561863
0.54761515557759322
0.87212063592029621
0.14507132195756003
0.2533912265137645
0.40709795855261677
0.18117543145845422
0.034692157114387882
0.10404669175570468
0
0
0
0
0
0
0
0
0
0
0
0
0
0
0
0
0.33556394257103261
0.76437824415782807
0.76747110847519551
0.028560129012130502
0.5991277225779108
0.72722221352920446
0.39812563504668758
0.41839900826180654
0
0
0
0
0
0
0
0
0.43111702208859726
0.12208369072745745
0.22744988927287657
0.10187989011708029
0.90729878776111239
0.55797151231730557
0.23496085544046594
0.30567915228562509
0.033743641635249295
0.48289243376235103
0.070939804503345777
0.48598803871229834
0.11981827513551249
0.23432891617427809
0.10990912736835043
0.23152597241152487
0.95844892940650672
0.56833606374125067
0.11450256417084323
0.23627434606579856
0.8752472287063191
0.48787463789540886
0.7940828577588539
0.66004145599439601
0
0
0
0
0
0
0
0
0.92218953082518151
0.0057696813952991376
0.7453977384612438
0.8978496630235091
0.82228587760511362
0.71844518646473365
0.58329271785915726
0.90738606340659866
0
0
0
0
0
0
0
0
0
0
0
0
0
0
0
0
0
0
0
0
0
0
0
0
0
0
0
0
0
0
0
0
0.017372574816224014
0.21263619458370397
0.017529268600548997
0.67220938777358086
0.60123876684558075
0.60320021245598288
0.1969872468285859
0.1643333208680062
0.14516332841706789
0.28574897894039547
0.9043537452533108
0.57683982818869639
0.26904842738934126
0.86158447985574971
0.19795470816973448
0.45109878206959597
0.82955274096218723
0.92419791566390885
0.065465905691762569
0.60796356935065643
0.09427367677914672
0.27068486304660994
0.66437983438360115
0.54628698825229693
0.64867553596875982
0.30290573123166559
0.9242979475378037
0.93946144693519285
0.67485394075056604
0.30230266279979034
0.79763246769628182
0.53154621740764263
0
0
0
0
0
0
0
0
0
0
0
0
0
0
0
0
0
0
0
0
0
0
0
0
0.18152675505979071
0.14646166106816574
0.12971337803004693
0.066748609749034696
0.12425132064719241
0.34255466855053601
0.21875487132670229
0.1452762071639401
0
0
0
0
0
0
0
0
0.38758764170239679
0.958242874719475
0.93846435871481759
0.85074697998066728
0.45789822724540119
0.032058264336532798
0.20909329346775654
0.028788446481285108
0
0
0
0
0
0
0
0
0
0
0
0
0
0
0
0
0.14989457922819591
0.067453947181580362
0.017375223154372565
0.071729575123128733
0.50024091563313167
0.23877148485453234
0.029545805223223233
0.013528260756316749
0.80077591208298382
0.85463770409140327
0.23895793559273046
0.76578195406641703
0.67364123758658701
0.30702294537728764
0.36768417039391987
0.079093017493776993
0
0
0
0
0
0
0
0
0.063150082615036393
0.11165837207334146
0.20069416465305917
0.076160443654759324
0.14331629745924748
0.3275450987558764
0.099187680963697317
0.81110179928526605
0
0
0
0
0
0
0
0
0.091290341040509621
0.49868432138116048
0.10138578646811709
0.51894696944699004
0.54553132031969753
0.36207088540165772
0.73221315291213662
0.6527628915714111
0.5342791376096222
0.26669430723077614
0.68118948372632082
0.65454002999252736
0.86827909485239818
0.16989992807604268
0.52026944680963516
0.67883829705066812
0.64991043028732021
0.98958035079130768
0.90377910291151653
0.63660195887760207
0.39732943534456661
0.86281157424425059
0.60056745496420094
0.21357974945444999
0.21413694875102213
0.65183476619976866
0.35272289400636975
0.36810701699853476
0.7845100492456748
0.61588745752591501
0.76207151996656419
0.17551435799390169
0
0
0
0
0
0
0
0
0.84590343831241177
0.98405279101947774
0.07808988589447359
0.56130070313506553
0.9153859570591627
0.9980639872470134
0.79842374697496055
0.45630861364952158
0
0
0
0
0
0
0
0
0
0
0
0
0
0
0
0
0
0
0
0
0
0
0
0
0.96603186636702243
0.93996840250415759
0.26859784669060188
0.33724300136651514
0.054766653907209466
0.22832826442235862
0.089988458645787028
0.53244197418895478
0.64562451035214985
0.50022449995653817
0.38757307200912305
0.36747511311575382
0.53897410940549784
0.68742568151553685
0.57625460896264258
0.7919797546732581
0
0
0
0
0
0
0
0
0.96099139984909721
0.8548958877680175
0.65287967102718047
0.81852980676766263
0.80934612800539107
0.55455883287187779
0.86531942801887851
0.3945309433844037
0.18664632052851884
0.86322825748463106
0.34697891821742022
0.62238579440124142
0.50598289900836746
0.72710185917705661
0.65273873633793422
0.89169429568002634
0.69648355131420059
0.35409031860008511
0.90406974960806052
0.91821030860250363
0.61967628942045849
0.074221356619844553
0.10885745384694977
0.30938270755324537
