2.4800175554320417e-10
2.9484490810977284e-141
0
4.3977388263776417e-247
2.8710541793358088e-08
1.0903572497533725e-38
9.2707392928038363e-15
9.3062434366920301e-131
0
2.743739027002355e-237
4.3633563426653366e-06
1.4000390945450975e-45
7.6295266992321197e-18
4.2850079838330852e-139
0
1.7400485318069768e-233
8.2840145141161323e-05
7.9364449673873583e-36
6.6681658499490636e-14
6.3533487164511133e-142
0
8.2366344716944313e-247
2.0266135412952271e-06
1.3500127067086275e-34
1.717482609913629e-17
4.0153914480148283e-145
0
1.6759340761116301e-239
2.9770086134896865e-10
5.883062351158845e-36
2.1384734737058225e-12
1.2421280223664889e-136
0
3.7185358042046482e-255
2.5106804326542669e-05
2.395354388365905e-25
8.6887192631600482e-11
3.7918094854981419e-125
0
1.9161462248960688e-243
7.0887081967093567e-07
6.2788500041212327e-36
5.1613709574939645e-14
3.4373781479554251e-152
0
1.3937049867761537e-240
3.4933397223323833e-08
1.6744330960824819e-38
7.2919779573935714e-11
1.1142758688971187e-144
0
2.722262880619859e-246
5.6725644313304123e-06
3.2598200199334793e-37
1.1218275080210522e-13
6.4903509528203972e-140
0
2.6972396001954305e-243
1.59293667882035e-11
2.9038261332884811e-36
4.3252617286885892e-14
2.1754817103726592e-151
0
8.8879088159929934e-239
1.9991558548469748e-07
1.9334530317021651e-38
1.7570582667569569e-14
3.0167761792658623e-136
0
6.5333242009550896e-242
6.5254028434776584e-09
2.5675507715989515e-36
1.1271802312639743e-10
1.1493138003423817e-135
0
1.9657641607410715e-237
1.0302848223524891e-06
5.9645718340497238e-47
2.4899759497393574e-14
7.0483904278306654e-129
0
4.848108159680436e-243
9.5378843149462374e-09
2.4137183455549543e-44
3.2921532639580621e-10
8.13952122964564e-147
0
1.6819587666578983e-237
8.2480530769279874e-08
1.0516553223055102e-37
1.380896572522807e-05
1.5970673339968068e-135
0
1.5386615428376709e-226
1.3246715255360347e-11
4.0494231179696542e-42
7.8803030973512791e-13
1.5729241081265499e-145
0
8.9968252219449813e-252
