1.1968493924792032e-114
0.0025964643464030492
0.1736716871789345
0.034157577584887695
0.035664220506489847
6.8143474052669643e-20
2.7699100247559706e-107
0.04248181411466332
0.023077068422085525
0.0078615988459109897
0.00026490511444353479
1.2840414933190602e-10
1.5135022917722763e-94
0.93448461673198246
0.37763813401732066
0.062192003888903953
0.0030834371123723376
4.1951780594872817e-21
4.1421735605243962e-97
0.44457642819115373
0.080271188336818317
0.033359880426806446
0.0033979482430164638
2.8444987970603233e-10
1.7520534059581395e-113
0.13832933444012899
0.73311995553282605
0.00088336560784063156
0.088530435302912838
4.4701025310370189e-19
7.352608331418786e-111
0.11909036968581047
0.037842115376867366
0.067311205184946279
0.68316817550130426
3.6479866936742353e-20
1.1806851484061418e-117
0.24989370967780003
0.24706283774637777
0.095649427392171971
0.072091472457549891
3.6747873684898172e-18
8.2171029088982447e-96
0.41482989004645837
0.71208797842903948
0.0023284345493390056
0.30938305900149965
2.5280482051704419e-10
2.4109594798545184e-109
0.26673061346171301
0.20026381531692308
0.71815603433596586
0.4788022987536209
1.2423502404664226e-21
2.0278836203408537e-102
0.060341872039378693
0.1577549338389832
0.014507463230572762
0.00010225700713907211
6.716100095055562e-18
5.6488145143756779e-102
0.12244105662167468
0.2079584071540089
0.00024038578997447846
0.3246337099383288
7.5765103755661809e-18
8.5177659375662462e-102
0.15590286535483161
0.018045698699610084
0.0018461550310414677
0.022466202520429773
5.6065275686613213e-24
6.951804547366103e-116
0.62071341837149174
0.011325366270143607
0.046309387551265437
0.00062540232420847468
3.7828451866942786e-22
1.2962622811027915e-105
0.013699184238773645
0.050595417366601829
7.3698634483198658e-05
0.25103301848443715
1.0957179773349004e-20
9.3388549189613883e-121
0.60122082874459881
0.042254474877198758
0.0048603047643311671
0.80859741436981203
1.0448633664261371e-24
2.2599446238445559e-105
0.58125183445962847
0.028747333831739694
0.0060727995661467044
0.0088682843698131095
6.8881644378750898e-15
1.9381869470600714e-100
0.2625720998146866
0.45047166625229385
0.033897936052880377
