0.000000
0.000000
0.000000
0.000000
0.000460
0.000000
0.000000
0.000000
0.000000
0.000000
0.024301
0.000000
0.000939
0.000000
0.000000
0.000000
0.000007
0.000000
0.000000
0.000000
0.000000
0.000000
0.015944
0.000000
0.000055
0.000000
0.000000
0.000000
0.002580
0.000000
0.000000
0.000000
0.000000
0.000000
0.258463
0.000000
0.000030
0.000000
0.000000
0.000000
0.072018
0.000000
0.000000
0.000000
0.000000
0.000000
0.000002
0.000000
0.000000
0.000000
0.000000
0.000000
0.251033
0.000000
0.000067
0.000000
0.000000
0.000000
0.000304
0.000000
0.000119
0.000000
0.000000
0.000000
0.216905
0.000000
0.000000
0.000000
0.000000
0.000000
0.000013
0.000000
0.000014
0.000000
0.000000
0.000000
0.263237
0.000000
0.000000
0.000000
0.000000
0.000000
0.000000
0.000000
0.000000
0.000000
0.000000
0.000000
0.001004
0.000000
0.000000
0.000000
0.000000
0.000000
0.174256
0.000000
0.000000
0.000000
0.000000
0.000000
