0.000000
0.000000
0.000000
0.000000
0.008157
0.006286
0.000000
0.000000
0.000000
0.000000
0.000067
0.199311
0.000000
0.000000
0.000000
0.000000
0.232808
0.000041
0.000000
0.000000
0.000000
0.000000
0.009178
0.004778
0.000000
0.000000
0.000000
0.000000
0.288901
0.000002
0.000000
0.000000
0.000000
0.000000
0.003780
0.014781
0.000000
0.000000
0.000000
0.000000
0.006044
0.000011
0.000000
0.000000
0.000000
0.000000
0.001951
0.006138
0.000000
0.000000
0.000000
0.000000
0.201400
0.000000
0.000000
0.000000
0.000000
0.000000
0.000003
0.041743
0.000000
0.000000
0.000000
0.000000
0.001802
0.000782
0.000000
0.000000
0.000000
0.000000
0.295052
0.000598
0.000000
0.000000
0.000000
0.000000
0.004762
0.000000
0.000000
0.000000
0.000000
0.000000
0.080871
0.002673
0.000000
0.000000
0.000000
0.000000
0.000414
0.041076
0.000000
0.000007
0.000000
0.000000
0.000059
0.001435
0.000000
0.000000
0.000000
0.000000
