0.00010387522038932985
1.2247315584147692e-11
4.9941006540831965e-133
7.1436535224523092e-54
0.00081741961128471631
0.004334804871217123
0.004282975871649046
1.5162888087881167e-22
6.5429854450165533e-132
6.1021667946913098e-59
0.054131386415948231
0.00030050620031638238
0.00098079793686025197
8.9387619613120416e-18
4.6087704921209542e-132
1.1595786966017633e-60
0.23885596076658383
0.0024324551772484169
0.0002360813737391355
7.0082023989607859e-20
2.2291561575397208e-115
4.7700628853393147e-62
0.025823297466223506
9.4119091649968279e-05
0.00015058636681905573
1.3063486577532008e-16
1.533502696710312e-118
1.9606688032389749e-64
0.4245824777967801
0.00020321125583832859
0.00096010549102092341
1.0756172273046282e-12
4.6962878557894392e-125
2.9275529560639061e-60
0.44952143546269641
0.0042164927393967631
0.10192017654242731
1.4307023698377963e-18
4.8324348321327652e-137
1.790892565253476e-65
0.9188142715026042
0.010925582905220508
1.6198218288757713e-07
6.5809649093855255e-22
1.1080445016231118e-122
9.7136711150504549e-59
0.57984781767314175
9.307737221642745e-11
0.0011867323470295165
5.9970757739435019e-19
1.9159737180796584e-126
8.4532380189916113e-54
0.1988952594353659
2.684394768397708e-06
0.00029300407801284003
7.8084083042973055e-17
7.0113519664687221e-124
2.4518118853372598e-57
0.078257682893782862
8.1184460886688108e-07
4.483758896862976e-07
4.1428197865317951e-21
1.9153370710877493e-124
9.1284769097111989e-60
0.24474604056860383
8.0886542777420945e-07
4.7887408470001121e-08
3.0435341399097177e-18
8.0177697353728054e-135
6.2078150629458494e-56
0.036040646212614325
2.1144160764823915e-06
0.0023113656155399434
5.5295927665767827e-23
2.7021283834187513e-120
7.4863020241058668e-59
0.075978974041121874
1.673384963974941e-07
3.2034668323558648e-10
3.4623575442699944e-19
8.0241924497771223e-132
7.1550692302238997e-64
0.27450850594958709
0.0087104528791006695
0.00065153654102741794
5.5101059298643019e-23
6.8073359323618462e-128
1.7286879858757608e-65
0.17634275251531231
1.9803255703274242e-05
0.00077789665970334331
4.5525541114181689e-13
7.048265429078684e-126
4.1159699855733517e-67
0.1374120030838151
0.0011832807199157003
0.00010048810108914158
3.1881309598288149e-24
1.5092892642694683e-121
1.7158586734726933e-53
