0.035612587820325801
2.944271653695783e-33
1.847032840575153e-47
6.0073031575537043e-67
0.051007520530005318
0.12398732972444783
0.0054709065949660922
1.6934446261156256e-32
6.6599359536552633e-64
1.8867712390740489e-59
0.019893742097117372
0.056238190292688416
0.098349591393754016
1.4146278823489802e-32
4.6881181415585601e-57
2.5444016685345233e-62
0.64655860863690817
0.24009398663899409
0.20496186881538633
3.0946141043220721e-30
8.9656695665224987e-52
5.8181429393022092e-55
0.0022333044678458495
0.15220622196695119
0.11717919697876394
3.9528829850287246e-32
8.3617966241784294e-54
8.200893093035118e-71
0.18929872428746289
0.6643503185126669
0.0082950467545768302
1.6519085893260414e-42
2.8548156772455987e-55
7.5592491902022001e-56
0.0010137134816095488
0.0019895309350152776
0.050541890912376784
2.4245740294527708e-35
1.7520237094165167e-60
2.1205405746443185e-65
0.061955260053655203
0.2271436966627704
0.44657196159873314
7.4775893370530337e-37
1.0271028539730278e-78
8.6314511419185904e-58
0.57085877873704138
0.016373464046598493
0.094355512247076265
1.2882257590587408e-35
6.4506260418112673e-51
2.4489534861737984e-63
0.015407798116291853
0.30896680861237213
0.023431879703726254
2.650480820961315e-29
6.4942959877375831e-54
3.1603309244802075e-58
0.25970512072966534
0.016788302802907586
0.014496393806651266
1.7161804981301102e-31
4.7266988271430615e-52
3.4444513645931904e-61
0.03971266056137325
0.081116930927537662
0.051133553931714468
6.6315633713689988e-35
2.4206509278300336e-58
6.7520746915896033e-69
0.0011440459627644307
0.14765528074327325
0.01229901371497413
2.3799860918069958e-30
4.8863626246292596e-50
3.4469016519985742e-56
0.00044333023265485
0.84911086144448678
0.00053617143771802708
1.3455685744146242e-29
2.0461386730751599e-58
2.127285452212275e-56
0.2204266470813635
0.0038706283462706867
0.17839545491669911
2.3063639517166751e-31
2.4412322036077119e-61
2.2544572952345617e-56
0.26168740834831927
0.19320683718248255
0.38328706286570396
2.3463509395405926e-35
2.1731467547526227e-51
2.4868385151881049e-58
0.0013821236739199282
1.0331740139028643e-05
0.015602429046414677
1.1768779678063419e-32
2.9346345939799511e-64
1.1900726166882373e-60
