0
1.7358275975648213e-222
0
0
5.7649552975028052e-122
1.2494400232625682e-142
0
2.362696045252405e-238
0
0
2.2966075954030871e-129
2.950226029379368e-134
0
3.4887758542551732e-230
0
0
2.3150906567238244e-127
6.1595318764498878e-134
0
8.7506724990137355e-234
0
0
8.2043011680009682e-125
2.3807599629465885e-137
0
6.37408453736796e-238
0
9.3544453119713031e-312
3.0133602986513136e-118
2.789530628016755e-142
0
1.7096433786637198e-234
0
0
1.3056205985509179e-136
7.1608095751052719e-148
0
8.6130607260746609e-236
0
2.7522901824622611e-303
5.295597669534663e-122
2.9301071789547284e-122
0
1.979563399680169e-229
0
5.1933681710935442e-311
2.2681810954303407e-120
6.1423613057055801e-128
0
9.293859918465439e-242
0
1.3984822403375086e-304
3.2841396004662183e-130
8.9144363581676079e-131
0
1.0165895743833986e-226
0
1.1882820364891325e-307
3.7781358679776598e-145
1.1754330409461553e-129
0
6.7868278344657967e-235
0
0
2.2389782319490204e-137
1.7925940326149321e-132
0
9.4009214377171429e-243
0
2.8040359458050503e-305
2.9646759336618922e-132
2.2444157142105655e-149
0
8.0242144759241708e-241
0
0
4.7910613514028846e-122
3.7270740787438431e-127
0
1.0100113074329396e-225
0
6.387503952142864e-306
9.8790042252193474e-124
2.9562338498113566e-138
0
1.0892159016841809e-239
0
3.3992424713913213e-305
9.8960779117570466e-129
7.0697219690662829e-139
0
1.7830757122475392e-222
0
0
7.066196661315658e-136
7.6459990950623885e-119
0
9.1396516328005013e-240
0
0
