6.8397800835781748e-169
1.1078767048839506e-34
3.7556566979604042e-228
1.1986341248769032e-144
1.2255051892755423e-36
5.6753233738036772e-07
4.7390288981583465e-198
6.8065173026634886e-23
2.2623290793764237e-236
5.5569227627985102e-131
1.2781618173422179e-25
0.030107301254090731
6.2838732451672202e-158
1.4675046805660778e-26
1.6634553972858051e-237
2.1328575417400136e-145
1.1916954910090584e-22
2.0276689590733712e-05
1.0992285302658372e-205
4.8377945151912096e-23
1.3927921762718981e-232
6.046134462341091e-139
1.3468470523849332e-18
0.0098322622533774297
1.4832856430397367e-178
1.3984469499530448e-26
3.51698463468657e-233
1.443958381697082e-141
1.9961495071719173e-28
2.1615747002368587e-08
4.8544398784546819e-184
1.3804201496838665e-28
4.8471962498602273e-235
1.1934401584407985e-141
8.433659687502182e-28
1.0888943162909877e-05
2.0218254732816196e-189
2.4933780333623882e-33
9.3653429531670817e-231
2.9372991854084286e-148
1.1496957351308177e-24
1.6026849739359699e-05
2.5827552993787937e-171
4.5400208832048035e-31
1.2717546453530257e-221
2.8615376820346072e-141
4.512592442633008e-18
2.3607132736676155e-09
1.0623290867609173e-175
3.9956999091203028e-27
5.6668190860232525e-225
3.02019767642078e-148
1.6075584952896928e-22
0.0010982712325695054
2.9000821017073855e-175
8.6287735054714817e-28
1.6514726621104962e-230
4.0405615032089831e-127
3.5727730103828405e-17
2.9373263991589967e-10
1.8705362798955172e-175
1.7244354238292369e-26
1.8080635674936061e-230
1.896536046632567e-139
1.1695323758571422e-16
0.00024214988900870461
1.674761165893828e-171
3.163202158137173e-30
1.0338665769705934e-226
4.0255671388210831e-139
3.3193991799921459e-18
6.0943194638261613e-05
7.3164033011445233e-191
5.3166398182018543e-19
6.6293777638165986e-231
5.2606578799728799e-141
6.8683541767744833e-18
0.00085566790420911888
1.4758274381350251e-173
5.5976891446461903e-27
1.4911221335730795e-229
1.71198843554635e-148
8.8574298981437805e-29
1.1550226552828398e-11
1.263620127353015e-193
5.7252856819676179e-28
6.733416377129003e-235
8.3669320092557615e-136
8.2019090914497444e-21
0.00028752925879120338
1.7761706720023146e-200
3.1695183187113643e-21
3.8329467195850883e-232
3.5091023571341113e-144
4.6515805274718979e-17
8.534147447293522e-05
1.007369139164745e-223
1.750703357509035e-25
2.8902841382333395e-220
1.9008408663934629e-131
