7.1709079001793481e-25
9.7092939653818667e-272
0
0
3.8515569487555118e-147
7.2278516960602461e-230
1.0234140955061159e-24
5.1046583165567497e-270
0
0
5.8060156139895107e-152
1.0985459109857755e-227
6.2995687665257217e-25
1.7085002656450335e-267
0
0
3.7537318470537113e-157
3.599443869050086e-233
3.9478600123507848e-23
3.3097734709650705e-270
0
0
1.3880793283789815e-149
2.6510951088963733e-249
2.964146789567662e-18
2.6347391965765126e-283
0
0
3.2404777436100394e-147
2.0919958161617763e-238
3.7600583694120787e-22
1.311707259589415e-268
0
0
3.7645615644037116e-165
1.760669771509267e-232
1.4807292730121882e-19
1.9260736313482482e-273
0
0
2.6059694377872512e-147
8.0133698193044963e-228
9.5551746499173009e-29
4.650599339774401e-276
0
0
2.5858397902737008e-141
1.602487323036345e-231
3.5082890108942985e-18
3.9404211018835039e-287
0
0
1.4193476577548572e-152
2.4826270489306389e-230
2.9810421521989549e-21
6.4219042147682755e-269
0
0
4.0447420495129935e-153
7.1388914466214634e-240
7.6203761681149439e-23
7.806553997307966e-264
0
0
3.55072552827068e-153
6.7472262518967599e-238
2.4857521702292795e-29
3.333483264586494e-269
0
0
1.2112132409094094e-154
4.8959089415790781e-244
2.4930642530502102e-23
3.9900316016740893e-280
0
0
4.5787245976842257e-142
6.0386190337958304e-232
1.4037537376988356e-25
1.136463216110239e-270
0
0
4.3656834789758354e-143
6.6506124934575894e-234
3.2130793525147907e-25
5.4427003030923582e-266
0
0
8.9969732777010032e-151
6.8190469747076754e-224
1.7645480800557659e-24
6.695725782616528e-272
0
0
4.9927931060437731e-150
1.8524029703088316e-230
4.4603050147172027e-36
6.366455441944241e-282
0
0
