0.000009
0.000000
0.000000
0.000000
0.749873
0.000017
0.001548
0.000002
0.000000
0.000003
0.262720
0.000000
0.049780
0.000006
0.000000
0.000033
0.058257
0.000000
0.000000
0.000001
0.000000
0.000000
0.199430
0.000000
0.000338
0.000015
0.000000
0.000492
0.046922
0.000001
0.000025
0.000002
0.000000
0.000000
0.229064
0.000000
0.001663
0.000613
0.000000
0.000000
0.508739
0.000004
0.001619
0.001798
0.000000
0.004233
0.194252
0.000514
0.000009
0.239199
0.000000
0.000016
0.682223
0.000000
0.000011
0.000449
0.000000
0.004138
0.273441
0.000000
0.022677
0.002014
0.000000
0.000018
0.072042
0.000623
0.013879
0.000005
0.000000
0.000000
0.442376
0.000533
0.000000
0.009553
0.000000
0.000003
0.132946
0.000003
0.006951
0.000019
0.000000
0.000013
0.164282
0.000000
0.000000
0.000000
0.000000
0.000006
0.430950
0.000117
0.000012
0.000193
0.000000
0.005510
0.291206
0.000002
0.015835
0.001005
0.000000
0.000786
