0.000000
0.000000
0.000000
0.000000
0.001642
0.319152
0.000000
0.000000
0.000000
0.000000
0.032950
0.147980
0.000000
0.000000
0.000000
0.000000
0.231867
0.734966
0.000000
0.000000
0.000000
0.000000
0.488104
0.794325
0.000000
0.000000
0.000000
0.000000
0.003510
0.779095
0.000000
0.000000
0.000000
0.000000
0.368936
0.411106
0.000000
0.000000
0.000000
0.000000
0.000123
0.994251
0.000000
0.000000
0.000000
0.000000
0.003772
0.005176
0.000000
0.000000
0.000000
0.000000
0.005848
0.062408
0.000000
0.000000
0.000000
0.000000
0.046145
0.870620
0.000000
0.000000
0.000000
0.000000
0.017109
0.046112
0.000000
0.000000
0.000000
0.000000
0.032249
0.108303
0.000000
0.000000
0.000000
0.000000
0.161415
0.082248
0.000000
0.000000
0.000000
0.000000
0.799081
0.989517
0.000000
0.000000
0.000000
0.000000
0.009135
0.585938
0.000000
0.000000
0.000000
0.000000
0.022475
0.080326
0.000000
0.000000
0.000000
0.000000
