6.295729022972052e-05
1.8572688140008696e-101
5.7790646571526247e-281
1.797262399410239e-192
0.0289167823121168
6.0964961805684499e-08
8.8071062070319158e-05
1.2145162194863476e-92
1.7343084066215903e-285
2.6800595213101301e-207
0.04111983022908125
9.84675371015551e-11
2.5879683841283727e-08
1.0832621972674487e-86
2.8545669840250608e-283
1.0682630430486697e-213
0.192223685699209
2.257564881349814e-11
7.7636940259525589e-18
1.5758714739515786e-90
3.690551449371923e-280
4.3044157737855493e-211
0.00038884256612439793
4.9306744286333215e-06
3.842005381405773e-12
9.2407174768510513e-81
1.4693800901808004e-293
7.99779205583604e-210
0.0033910897661451134
2.0238422136321637e-06
4.5419111298174381e-08
3.9518089609683924e-80
1.7144629097139875e-275
3.8592263298583798e-224
0.0024195803447660249
1.6718304418176559e-07
4.443011334776389e-08
6.8697091846072959e-94
5.2009374140952199e-290
1.3334701348498654e-197
0.012884344209275082
3.7239425065818407e-07
3.5464359534342121e-11
3.8321647745805301e-98
7.8249497749357307e-271
3.0303214786393219e-197
1.6315901676910785e-05
1.9851211133346225e-11
5.4152125088067495e-09
3.5886166063644332e-101
7.3878190096617312e-276
7.2413323060328047e-206
0.0021054049645137254
9.3579610522551211e-10
8.1803221732345873e-09
8.3322529287736463e-89
2.7521645147869915e-265
2.7730341203530243e-199
0.15173162341937535
4.8752130599368248e-06
2.154235969081887e-07
1.7736097182671454e-106
4.69841920744698e-280
1.9863406542271949e-210
0.029832768794932012
2.5989348640011749e-08
1.1346716233173706e-07
2.2012445397840983e-93
4.8333951318272987e-290
3.7922408044207345e-208
0.014991124514432594
0.19026963869027425
7.7758877631578309e-10
1.4473847622371943e-86
2.8628194990564599e-282
4.9112053393908091e-202
0.0009964983379573912
3.6982134931884097e-07
2.4945101716214721e-09
9.6826848743640211e-84
2.8617023256610589e-289
5.0218926690012246e-213
0.023370940719412217
0.0001218802038018903
6.451150316456861e-10
1.6288168919534199e-89
8.5271893968033737e-294
3.0629385197962801e-216
0.063038018335531243
1.2754294228326649e-10
4.9405814675441291e-10
6.4550540438683985e-100
5.6454021964998852e-282
9.2695974787468067e-202
0.0018977271202745114
3.9917849623306379e-05
3.3095476889228401e-10
3.5731857218576206e-92
3.2519395290765038e-280
1.4638749659365659e-203
