2.9434207829442977e-41
1.8170422618303858e-19
1.7761162536563e-179
1.2253790955152785e-133
1.8392566963802725e-24
0.29256409830743657
1.106475623621083e-42
1.7569272587566959e-20
1.4529973098254853e-189
4.2600922290317457e-129
2.6100775916439691e-30
0.11851418881028833
1.0155807334755979e-47
3.8437300946247764e-19
3.2363626740469487e-182
1.2449454204077815e-139
2.0284355782501009e-21
0.11744514232457953
1.6311257505580188e-44
2.9533352876344262e-19
3.8720292435346708e-179
3.9139757849520247e-123
1.4898851029650187e-29
0.046523744516345091
1.4397694275606957e-35
5.1724046757844247e-16
8.4650006987136896e-177
1.2795989379447059e-128
4.8836771434589179e-25
0.12036655266994023
5.7911119831768397e-31
2.7083016286937473e-14
7.4450877478222483e-170
7.2595762698871641e-133
2.4808284048937051e-36
0.070529400090818303
9.1994264451172593e-28
2.8354609246456203e-18
7.5274079340490395e-184
6.8055488003936463e-132
1.8095793313450863e-26
0.048033021392047431
4.2900097259841332e-31
2.2961868848103383e-23
5.477641225358843e-168
1.4089959550785593e-125
7.9020897327405841e-23
0.13710738682927079
1.7312869302237995e-38
2.5036487473842023e-16
1.2827964552798193e-169
3.8237543141671599e-125
2.2036211851443988e-30
0.0028384468947038489
9.2307990591988335e-38
2.5005664663242203e-18
9.3648957340742511e-167
7.3187439803565545e-131
4.4389060187112208e-32
0.18924173820684642
1.9707850011013627e-30
9.2030473112184361e-14
1.3532628007913065e-197
1.8098103901225863e-128
2.7212603188508624e-39
0.046194342182960896
6.0586394480115764e-32
6.7520516642527689e-22
2.4969371362193662e-184
2.2341742287893288e-126
1.0323555990050161e-35
0.038006230593369182
7.3265118595410175e-38
3.314396379451939e-14
1.4546462051102649e-192
8.4545108147300569e-124
6.8377869552466959e-25
0.10333933654887201
3.4307415421794041e-33
1.445056450340239e-18
2.9443732119228205e-168
4.885260374573043e-133
4.71714046113471e-31
0.11574463391955711
1.4909049507569985e-40
2.8503103205051417e-19
3.1697909102554753e-173
1.2311806251112053e-118
5.2026795477641983e-31
0.15829450651340216
4.070959946157122e-37
1.8675585352275709e-14
2.5108132340661199e-187
1.5878247473701829e-131
4.4627741104237493e-28
0.1449441246968049
2.5141286455092285e-36
6.8789481915735885e-22
1.8286737178104717e-180
8.1059559196756318e-125
