7.6042971210914965e-295
0.00099109972746200714
4.5593121440625048e-06
5.2777690143552576e-05
9.3215247155706804e-06
7.8940051742731519e-07
4.7485227992909977e-304
5.8836273475866388e-08
0.0048274207133210878
3.0346049804605489e-08
3.0289120675899919e-08
1.9530918155135959e-06
8.7873758933586381e-310
4.8839638936979402e-09
1.665485312585846e-08
5.6269350049579121e-11
4.144883246749049e-10
1.3671053570890872e-08
1.2711450860363249e-292
0.00014665522012821704
6.4283835550617003e-06
6.4704001855466375e-13
1.808384046333695e-07
9.5153892124667942e-09
1.5479871539303705e-302
3.5130585107439143e-08
3.4841063987431283e-07
4.5242607391596099e-10
9.0978742814842248e-09
4.6691272330921902e-11
6.5685981776685478e-297
5.3661212920924653e-12
2.0149925807331388e-07
2.9169446429577669e-07
1.6803981041613565e-07
7.2736753502430782e-07
0
2.1367060261249016e-06
3.5148508696988538e-07
1.9408175465373299e-08
1.5755520165401098e-09
6.1892167501636205e-06
2.6299102367215923e-302
1.2073655222580983e-06
1.7008019856139902e-05
3.4124872795776122e-06
1.2943448636358427e-08
3.1252186947778704e-07
2.2172388222377212e-300
1.2040514374910398e-06
1.9092216109999551e-05
6.1477204509882592e-09
0.00016643515624760081
6.1324960649225102e-10
8.299605284787745e-298
6.3390727254479822e-06
1.2308188330893619e-06
5.1794320450471403e-09
1.9472209231349028e-08
9.7895566083825408e-06
5.3898027881760068e-301
4.7129003149329556e-07
6.1104104700679255e-05
0.00045944609560679642
1.2463740898343729e-09
1.2018470622199055e-06
4.2052005004140583e-292
3.3174215628016898e-07
1.715692063309579e-09
1.0073847412536863e-06
1.3940342132482317e-06
2.2090068234221047e-06
7.1264367120368283e-298
0.004899268689498042
0.0054665575667251819
3.6303107642872843e-08
9.0289779572198759e-10
4.6378447499260771e-13
9.735105108792464e-308
6.7419239929322329e-09
5.2577561123131895e-06
1.2637108252548364e-05
3.3884862845323477e-09
2.3064886450104601e-08
3.0751414234290465e-305
1.2872881039809862e-07
1.6048334016283235e-07
6.0898052864749868e-09
8.8345219176463527e-07
2.9164970006786047e-11
4.3137085594199716e-298
1.4780916354409939e-05
0.00037213039115931905
9.3706534005782349e-11
1.8447530842537592e-05
1.1046809971457033e-11
6.7795086657093483e-301
9.5911893649018149e-07
2.9359124216418778e-07
6.4327574814761906e-07
