0.000000
0.000000
0.014574
0.000000
0.000001
0.001348
0.000000
0.000002
0.076915
0.000000
0.000010
0.015244
0.000004
0.000000
0.000428
0.000000
0.000000
0.058665
0.000000
0.000000
0.000274
0.000000
0.000000
0.000061
0.000001
0.000000
0.057030
0.000000
0.000016
0.007228
0.000000
0.000000
0.088412
0.000000
0.000000
0.000909
0.000001
0.000000
0.019627
0.000000
0.000000
0.033665
0.000001
0.000000
0.000144
0.000000
0.000000
0.042802
0.000000
0.000000
0.071136
0.000000
0.000000
0.004962
0.000000
0.000000
0.744732
0.000000
0.000003
0.000709
0.000000
0.000000
0.142096
0.000000
0.000001
0.001746
0.000000
0.000000
0.020546
0.000000
0.000000
0.003598
0.000000
0.000000
0.168275
0.000000
0.000001
0.002606
0.000000
0.000000
0.395919
0.000000
0.000000
0.000503
0.000000
0.000000
0.094512
0.000000
0.000001
0.177367
0.000000
0.000000
0.043870
0.000000
0.001901
0.231733
0.000000
0.000000
0.000886
0.000000
