3.0559349174100596e-27
9.5150720043465805e-25
1.3915353712255409e-197
2.0985701844607608e-116
0.0086528080542567169
0.064093632597277239
7.0659034280857805e-33
2.9586556671047003e-21
3.934672233442735e-201
8.1378485461973228e-103
0.044946128176847455
1.0331740139028623e-05
3.1039470445402835e-39
1.1240396660846335e-35
8.4799774834259436e-206
1.2529241626730448e-91
2.727483875569765e-06
0.21907668006344255
7.6554387410208178e-40
1.5557674816596888e-24
5.8691074928226983e-211
5.7046085819752811e-101
0.11710330905034212
0.030933830536510581
2.1209982969480917e-27
5.9060201938065227e-24
4.1955373110313852e-208
5.4276483511847603e-107
0.15741237675879585
0.00020085782740994295
2.9730214732009171e-33
4.4068375870025229e-26
1.6951202441060713e-188
1.6488441040411461e-96
0.027213412179373217
0.017102715890984707
2.9016573094228735e-27
2.6074174417835677e-30
2.2259552368381402e-220
2.3588565884786968e-110
0.011238229583888091
2.0535460822320221e-08
8.6820031909478562e-35
9.0885216300728339e-20
1.3513287089099357e-203
1.2405047861685913e-105
0.0085486311656562067
0.0017284524369168561
1.8097332607058627e-24
5.8695950659638562e-19
1.0219573945356836e-226
1.632142419815077e-115
0.019297369274100716
0.47045001195668656
1.0089883445391461e-28
5.8230573279034559e-24
2.5411830606875902e-204
1.1902192407737972e-106
0.075875656572706646
1.7392042115772738e-05
1.0792465468655523e-24
1.3261651835589983e-18
7.3624501361514942e-196
4.250649591020785e-105
0.036871171031660918
8.5565719900585608e-05
4.0667230154394154e-13
9.1178438065047653e-22
9.8783615220169043e-206
1.7020267843014248e-109
0.20465806641527978
0.013048530374187801
3.0797963927783246e-41
5.4037580994036441e-21
5.1201265715632305e-209
8.5719567714570959e-111
0.0036290377882331496
0.46270556381694627
6.6649349706307485e-39
3.2436340213036095e-21
9.9400220659832874e-210
7.0398361817321183e-103
0.44941591971185768
0.019464968490025335
5.6181134554947493e-26
2.1513181485060377e-21
2.873983439551386e-205
7.8175674846533646e-107
0.62485806369522789
0.0018744641803524703
5.3829574113800024e-30
1.0328854380498827e-28
1.033543991991376e-193
1.1695458209503606e-118
0.031735161321835098
7.1017638995790236e-07
8.9307259199905636e-45
1.1980127847137935e-29
2.0294890845937727e-213
7.0547395329884827e-105
