0.097733
0.000012
0.000000
0.000561
0.202000
0.004631
0.542066
0.000000
0.000000
0.000000
0.007045
0.002828
0.074442
0.000000
0.000000
0.084637
0.183558
0.000559
0.821401
0.000002
0.000000
0.000215
0.014436
0.046491
0.290728
0.005312
0.000000
0.000047
0.497266
0.000000
0.035177
0.000000
0.000000
0.000014
0.181401
0.006851
0.006940
0.000108
0.000000
0.001681
0.012000
0.000273
0.103816
0.000001
0.000000
0.000021
0.494830
0.000037
0.479129
0.000000
0.000000
0.001041
0.474780
0.068738
0.207835
0.000000
0.000000
0.000005
0.708579
0.002787
0.800910
0.000000
0.000000
0.000089
0.113954
0.024637
0.691427
0.000002
0.000000
0.000096
0.039942
0.048529
0.291685
0.001416
0.000000
0.034796
0.342541
0.000133
0.305982
0.000000
0.000000
0.000001
0.162517
0.006378
0.496712
0.000004
0.000000
0.000003
0.000571
0.039784
0.101284
0.000000
0.000000
0.004471
0.010515
0.005458
0.113105
0.000000
0.000000
0.000001
