1.7201205681679252e-104
1.2613016851374721e-49
3.969624300696457e-215
1.5244273043050517e-146
0.033984278118276139
3.1208830127568044e-07
5.371900801680374e-133
1.4101814525066896e-43
1.0486722342429159e-226
6.4630134366851451e-159
0.0043019099312768616
4.3707563400895181e-08
1.2126712051718853e-127
4.4626833007463083e-45
7.0674254236237987e-233
2.4593763640158205e-156
0.0012917498122249978
8.851986341805332e-09
1.6329292299666008e-102
7.0789069253554456e-43
3.3483011892845822e-228
3.6635533100395623e-143
0.00029162585494115959
4.7098373701593046e-11
2.3485963132260419e-122
9.1981765675209668e-55
1.4391062881423765e-241
4.4308164065920609e-154
0.030107301254090672
2.0717025454478373e-10
7.7772214981859507e-120
8.5357856127223828e-44
2.3287862166636757e-215
4.6590333217892064e-151
0.0011603578278412869
2.4686993746266954e-13
1.1595385628336912e-154
8.6020729143049186e-52
6.5845154980965304e-230
3.2525276029935157e-153
0.0023351054770516066
7.7964825661496321e-12
1.9025005868888514e-98
6.7095988602577464e-43
2.6058032081521957e-216
1.030838261386756e-148
0.011074430736568851
1.004258425430779e-09
1.117654315830285e-128
1.9630992953699299e-47
1.5340020300784025e-227
2.0307016718434053e-147
2.2685250582715927e-05
1.3015386897025412e-06
1.5322363312973469e-112
5.2845966863058854e-42
3.4815039425457983e-223
1.5974705276823908e-151
0.010293065083912931
1.1071936831691277e-06
5.2967419718383777e-102
1.6621051040159865e-46
2.1015325411164366e-232
6.6452580665403781e-163
3.0605419011582398e-05
1.0712408872386138e-06
1.253355474927837e-98
1.4501887874595225e-44
2.0232038140143238e-217
6.3110606507684728e-143
1.872950024758496e-05
5.8552039770592449e-09
1.0002933684314123e-113
3.1887762999027536e-40
4.3244990335363463e-236
9.2523654676114035e-167
0.01536681031235617
2.3195374593677843e-08
4.3822408824066589e-125
8.3223633701915354e-46
1.6068085893668555e-219
1.7183900844481581e-152
5.8811374486051228e-05
3.3606720163006181e-10
3.6521945690227409e-117
9.1367874787015229e-44
3.0260719546966356e-216
2.2661367664355785e-148
0.00027806965808087493
8.5066382402821102e-11
6.6840868460494049e-120
1.6522040302988248e-53
2.2318027536621787e-219
2.7563352749700504e-146
0.044500005251221927
2.7061650694314133e-10
1.4250358767708954e-96
6.3036689984863112e-61
4.2561220626093739e-226
4.0029925555261501e-160
