0.0001194131879883017
1.6649421741514954e-97
2.7722178264161994e-282
9.0535100759487031e-204
0.028306946497880181
4.9998537246864667e-15
0.00089491319369202238
8.4153781146351797e-100
2.2596843963683505e-291
1.6322694596043489e-215
0.00023325392358486727
2.1040826202333512e-25
7.2706528068733441e-06
3.3443000090020084e-91
4.240045263836283e-284
3.4003782282460383e-215
0.0039955796761522782
4.081374393665098e-19
0.0045318920315807615
3.2532065293414053e-97
1.7785049654628924e-279
1.6426493284774547e-204
0.092675046089364832
4.5370038009644143e-15
0.0024354357250827145
1.0018535381878115e-90
2.2475058968330053e-282
1.7511115869471894e-200
0.052188884718856701
1.1809332044113954e-22
1.0143408125541656e-06
5.0626150881573003e-90
2.6152640555119569e-298
5.1710464711023408e-222
0.00051066612883421479
1.2414234488775179e-15
5.8303122032800418e-09
9.4849185314184955e-98
2.9961955772359218e-285
1.2799037205567071e-219
0.0014322594811319242
2.9660635401940581e-14
3.0368182624617698e-07
6.2392030037322843e-106
1.0834529583608264e-288
1.5267658125871891e-204
5.3717938931000197e-09
7.3024166234177666e-12
2.9303395548933553e-05
6.0581856416754201e-103
1.5367355381204301e-293
6.3668468179396677e-209
0.042512211374276895
1.3910048180243652e-13
0.0027054678675685001
7.1819466316053069e-100
1.7958918138207667e-283
3.3564853520807233e-201
0.014457714042280091
5.1190154808846459e-20
0.0024166186394637954
2.9633751966304275e-102
5.2588746589246828e-291
3.6370435283950063e-223
0.035793607202230529
3.1500776945564412e-18
5.3223359190252333e-06
2.3954798336370345e-99
4.6729178917425078e-281
3.8353657389489871e-213
0.010490422717844092
7.2085250070533211e-22
0.0005076434671469998
1.1020447473647042e-98
5.0468748113272099e-285
2.6913677945789189e-212
0.0084423555400736441
4.578211557092482e-17
8.204705408686741e-07
1.4272939741857066e-106
2.7973215474809491e-293
6.2541737976476134e-197
0.0038426916249246689
1.7709850287314778e-11
3.5723340291471837e-05
8.7903983146699615e-96
2.3148212641225687e-272
8.2782546712988955e-215
0.04925534987832246
6.7934929607626175e-18
0.00036928302792328649
1.9547207728041797e-85
4.3495305400345246e-292
2.31006011334867e-209
0.29376591499681326
9.5195137757020943e-19
8.9365313810324068e-07
3.1815132344099133e-115
1.2605209308761432e-279
1.1511805384747682e-217
