0.000000
0.000023
0.000000
0.000000
0.000000
0.000008
0.000000
0.000014
0.000000
0.000000
0.000000
0.000003
0.000000
0.000000
0.000000
0.000000
0.000000
0.000000
0.000000
0.000000
0.000000
0.000000
0.000000
0.000090
0.000000
0.000000
0.000000
0.000000
0.000000
0.046673
0.000000
0.000000
0.000000
0.000000
0.000000
0.009971
0.000000
0.000000
0.000000
0.000000
0.000000
0.005777
0.000000
0.000000
0.000000
0.000000
0.000000
0.000020
0.000000
0.000000
0.000000
0.000000
0.000000
0.000192
0.000000
0.000000
0.000000
0.000000
0.000000
0.000020
0.000000
0.000025
0.000000
0.000000
0.000000
0.000000
0.000000
0.000077
0.000000
0.000000
0.000000
0.000543
0.000000
0.000036
0.000000
0.000000
0.000000
0.000000
0.000000
0.000000
0.000000
0.000000
0.000000
0.000140
0.000000
0.000024
0.000000
0.000000
0.000000
0.091967
0.000000
0.000000
0.000000
0.000000
0.000000
0.000007
0.000000
0.000005
0.000000
0.000000
