0.000000
0.000000
0.000000
0.000000
0.000435
0.558199
0.000000
0.000000
0.000000
0.000000
0.169572
0.005408
0.000000
0.000000
0.000000
0.000000
0.000712
0.492730
0.000000
0.000000
0.000000
0.000000
0.000756
0.010174
0.000000
0.000000
0.000000
0.000000
0.036434
0.017802
0.000000
0.000000
0.000000
0.000000
0.052006
0.002642
0.000000
0.000000
0.000000
0.000000
0.000061
0.146916
0.000000
0.000000
0.000000
0.000000
0.000000
0.561907
0.000000
0.000000
0.000000
0.000000
0.000010
0.297717
0.000000
0.000000
0.000000
0.000000
0.004252
0.003403
0.000000
0.000000
0.000000
0.000000
0.001457
0.015644
0.000000
0.000000
0.000000
0.000000
0.000732
0.126561
0.000000
0.000000
0.000000
0.000000
0.000000
0.344152
0.000000
0.000000
0.000000
0.000000
0.000324
0.596745
0.000000
0.000000
0.000000
0.000000
0.000000
0.002748
0.000000
0.000000
0.000000
0.000000
0.000009
0.455132
0.000000
0.000000
0.000000
0.000000
