0.015901779037510503
0.001031218873855563
2.9772487508189911e-13
2.1373133808917274e-08
0.63635621387980801
0.72571302141765504
0.20783541329416855
2.0209609856096711e-08
2.2759082975069219e-26
8.0173146831476966e-06
0.17229606501976685
0.22510526852955831
0.072462074471480439
1.2462765425529618e-05
1.7372487025343057e-17
1.3096494573847807e-07
0.70166156263496915
0.36027092610729089
0.6047580964824113
1.6883829601066012e-06
2.7794567604870973e-18
1.0482583269087931e-07
0.1013506596031504
0.41100575682213591
0.0034103273641047679
1.6653998237794546e-06
4.6315716184089968e-21
3.0331807553748853e-08
0.63078317116094218
0.075824045293524253
0.0039508532968742125
4.3259795192693912e-05
2.4135574867553924e-18
1.2637193491456583e-09
0.012004381196146021
0.77887347549694219
0.0011392910829343714
0.00032485604621846124
1.5218860793482403e-17
8.9078515052069459e-07
0.2023610267224886
0.37223105612676161
0.0007697662222086411
0.014894317783442976
1.306996853222389e-16
0.00011719922918719257
0.3858897430739372
0.33605702606059351
0.0042148012263854926
2.1902260012376521e-08
8.0738117110179026e-14
6.6434033910908021e-07
0.22425475564769759
0.60770838795995208
0.02267656085506034
4.3132148610246422e-07
4.8449921433778884e-17
1.6707346502908244e-06
0.62805707674747713
0.067729363013639896
3.071419478440191e-05
0.012275380486173762
1.8340565987487274e-17
0.00084780978376567382
0.00023205236807414308
0.4572591967354338
0.017515168801798986
0.00015596701717288141
1.2565393996315034e-12
2.2067665806342541e-05
0.5022645618787217
0.011181934468231989
0.046145117764762232
8.6720071717174969e-11
2.3766435780187868e-28
0.0026434168073499612
0.077228699180002011
0.12774302842308088
0.049098838202210025
0.00089042577037882435
1.7337598444137857e-15
3.9746513913023351e-07
0.15158948844671788
0.82973542805915124
0.042013220977822265
8.9477940039553249e-06
7.8042223781047961e-21
1.687157442648832e-12
0.95612146527583286
0.48601731907064183
0.087322608211756567
0.00049931530878651606
3.5906968797369829e-14
7.1503981527089355e-06
0.26905389935090052
0.79757171009386907
0.040811323211846121
0.018760281969889651
2.6815955836719604e-19
6.0945112214586132e-10
