4.7036785059575312e-164
3.2884124193398342e-05
4.8412557162417756e-72
1.7260707722793734e-30
1.6952996631700329e-07
0.29176488078186208
3.3234795226258844e-176
0.00037340278735307846
1.7085143388110261e-70
2.7943554683741989e-43
0.0062089529205590875
0.14825841574885823
2.2901559461270178e-178
0.0016834451281576895
4.6961477353276831e-61
6.8260775283290503e-36
0.0003780510934220828
0.2887423939443961
6.3012829594977128e-169
0.017076841691062983
1.1951029004662623e-77
3.5964010094861662e-32
1.7867636665762241e-06
0.8397303424257434
2.2307920466542736e-168
0.0024077546285893908
1.0704978523635686e-81
4.2049343768210283e-32
6.2174010608896842e-08
0.14830489730645002
1.0078848896349494e-156
1.6789140403471708e-05
3.144509306130272e-78
5.2581755748426239e-45
1.3361740371179809e-09
0.34558915647404592
8.5101741664207889e-152
0.019311888768787627
7.4127933399924382e-76
1.2037077159933094e-34
9.0978742814841901e-09
0.70600194881877287
2.6084261505232772e-156
0.0069651008907379531
2.242155994136118e-71
2.8099397930171172e-32
1.418937348196976e-11
0.19483508285902931
2.5288647333844469e-166
7.8132789181688969e-08
2.0671248480863551e-75
1.3385804357836992e-45
0.0073625946234114181
0.14435248343735313
4.5559567472946053e-166
0.0079172822489932283
5.5590908380133975e-82
2.631779306215908e-37
0.0077971099195772659
0.63196868463254008
6.9755424261547202e-172
0.0067674935632484716
4.9388293334506829e-69
1.5979993671988441e-37
1.985284992105312e-07
0.60487606450633646
4.765398217562087e-168
0.013189401160255215
7.2301524795339094e-78
3.6632946999900365e-46
9.8019371019908194e-05
0.46807685057147519
8.2202005831262402e-180
0.0001561698908947103
1.0958046387188823e-72
4.8018155902963899e-41
3.0617919773633784e-08
0.040475896138398908
4.1630517718669742e-155
0.26279362630483066
3.4923119807968207e-80
1.8949163421006394e-35
3.3979990127734475e-05
0.99657308137205003
4.8499857890708264e-169
2.4402569386674929e-11
1.8128379495490448e-69
9.6981513423868766e-40
1.5470765031939002e-05
0.86506476305636792
8.0559015611951204e-162
0.00024890598953293509
1.3039898140008652e-72
9.8318250747759634e-46
1.4043352917832181e-08
0.0093766248660069936
5.8569755047375173e-165
0.00066738910294165683
3.6668520810563626e-73
6.4758797609169772e-39
