5.1588821703625935e-61
4.2945621858356728e-22
3.0904051689150612e-99
2.7899115233857746e-32
1.8016514298137587e-19
7.3041391462513588e-15
2.2379489762596514e-66
3.5771734263034066e-18
1.1581825862421617e-98
3.2892114947384546e-29
1.5972510866431011e-15
5.5889688541536237e-13
1.9900038947222517e-70
2.4043413948696375e-13
1.2575152598773065e-91
3.3117163157632075e-30
1.3551929043794558e-16
2.9002587324470834e-15
1.6023764734632268e-68
5.9514776632818164e-30
6.4299766096620971e-97
2.5781061622951201e-36
7.3185488163275148e-15
2.0229137867500517e-11
1.390227645363434e-57
2.2713387604343976e-21
2.368948144873231e-105
5.0087468800412688e-33
3.6630037668882195e-11
1.1816337266266875e-13
1.3514171916005024e-64
1.3262905647140519e-21
2.9256038929910965e-91
8.4063368991155827e-35
2.0974680018234047e-22
6.9554906806679018e-14
3.4388910066727216e-62
4.6249195482342649e-16
4.0119526376218741e-94
7.708558298002633e-38
1.0674859104464487e-16
2.3791717476396666e-08
8.6322796585953563e-63
7.4715789212769531e-18
2.1852315632890285e-110
8.2622763635123753e-34
1.2649857977366693e-23
2.5207632958260329e-14
1.7803257269215786e-71
4.2869069868177294e-20
1.5862959857047087e-100
1.0027738338667231e-39
1.5771095574428183e-19
3.127959345130373e-13
2.4333742508766585e-66
3.7159540839447612e-23
5.007893451245465e-116
1.9490844600873908e-35
1.0721129985009543e-21
7.0672352433652073e-11
8.1776336454528685e-54
3.6289683406308729e-19
8.1301358966655239e-93
6.7195637942593726e-28
4.6562048773820733e-17
5.1781451384430787e-08
1.0210824489136835e-60
4.9915083643755343e-21
6.0083979062856377e-104
8.0441647733712322e-38
1.8123588878879136e-14
5.6487754763102683e-17
1.7219848548025543e-66
8.3472969960701227e-21
8.0066005779914289e-101
4.6005251773089523e-29
1.5881980360743092e-19
1.1724957246968417e-11
6.9581686053884123e-59
3.3888921910690694e-26
1.2334136155847924e-84
6.4282228086894687e-33
2.9674593786819558e-16
1.6899263035547478e-06
2.5276617079012125e-75
2.1029156513259861e-17
5.6361262463643295e-107
3.5518272883328815e-28
8.8577029454487012e-17
1.0725146071331174e-11
2.9313359112566843e-58
1.8399089211517694e-20
1.8723109502782518e-94
4.1010785478796574e-33
6.8657413884503359e-20
7.6964272373592836e-09
1.5736236588628509e-70
1.0284158430324874e-23
1.3842557178670903e-107
4.0318937793757692e-30
