0.00068911406996896671
6.6766965882963301e-06
5.3731071708814426e-06
5.7008277913008308e-06
0.58066672922673856
0.58347649351329967
0.01679466424568149
5.677939088170769e-07
0.003356997965773973
0.00053142263642546694
0.21760569546611838
0.17004089310118617
0.0059796813817332472
0.0075649677103073526
3.6330721795849186e-06
0.00054880660190335202
0.41594073839632784
0.41070473614643277
0.00090168578395672587
9.0764119947078493e-09
0.018141290215297576
3.5377143080194194e-05
0.033762668737243075
0.10987127273315953
0.07584984698019151
7.6361441722222814e-05
0.00044238862569753729
3.0364682772777515e-06
0.14245507565056412
0.73657941150946349
0.02552882353634912
0.0016294604913299449
3.0093907191965011e-05
1.3308575507521387e-08
0.76087519291800276
0.47434609808695805
0.017654735328686104
0.001096898540663306
8.0173146831477271e-06
0.0012091570518520023
0.50382421036502256
0.37954710333375957
0.0032239200591606728
3.7724861496503929e-06
0.00097019500990864257
0.00019572348418146917
0.63386579182836766
0.066688356017403194
0.08432457535512515
0.00023781443867527046
6.1238516388266239e-05
4.2822681715188509e-05
0.35438614960687842
0.051187655758916831
0.040316379319625624
2.1552922773581745e-05
0.048254718183924551
0.00028373243179810657
0.049307622346579316
0.29593823047282924
0.010934036753733015
7.5715855401409617e-06
0.0014829380870203988
0.00021299080356406962
0.28542851748273529
0.39896834896970812
5.8205385547435453e-06
4.9293996035217368e-05
4.3671956428605427e-09
0.0072619397206709633
0.6044042147692128
0.91911031596786352
0.056356311419917711
1.4406259898323654e-09
0.00041239183823882554
0.0018629369662986469
0.82615079331751251
0.11406564751130778
0.0031657158709358273
6.9068649093483366e-08
2.4402400655996459e-05
0.03228403361349641
0.080543140119483769
0.0015442731081572339
0.5827737562834342
0.00017296972573922157
1.2969801214361518e-05
0.00024183765600004596
0.10357754889602944
0.01727834128230853
0.030888616303846057
1.5614671605595846e-06
0.0013331466213527949
9.838631824736465e-08
0.40361864789768664
0.90709299556579137
0.0011931685877554579
2.52557146298581e-06
0.00020916894747461379
8.9938387328115197e-05
