2.5806613032631731e-190
4.5900262782403243e-09
1.7655788089547152e-111
2.0836449265245314e-26
0.40870125348264891
0.085179806168589584
3.3826772959291771e-186
1.0492332401374613e-08
3.6263615821178097e-101
1.6450445791834569e-34
0.009966840975681188
0.60711815091794818
5.8879520052845241e-188
3.9278364858680735e-08
2.013412365106292e-94
8.5545391776619161e-28
0.072561191772946398
0.44070418460742322
5.6569333818251708e-181
6.0509736949784044e-10
6.8406724421654056e-107
2.4943227259392371e-23
0.026745709748001948
0.37166478348749876
2.0146925992129698e-173
0.00047978852669045626
3.6350050688008384e-98
3.5024064124640644e-24
0.022786679369503716
0.59333432969539557
1.3091486454784092e-187
6.0483288488335022e-06
4.0674849721090196e-96
2.6169510958713674e-29
0.062950768235025073
0.86036261210546783
5.1008258704750745e-147
0.00043124110969764432
7.315345040746153e-106
8.2331856798589848e-25
0.0010648959035576549
0.43757802288850356
1.4489976480552191e-155
0.00015209536062273468
3.5684654983797523e-99
1.4270756131200371e-15
0.018437899513473063
0.47196328763165529
2.9352751056029527e-149
0.0018930521792396616
2.3505527128012893e-113
5.2246790424876407e-18
0.0011051598779476422
0.081584110208048136
6.7267941503512596e-170
0.00061570630721453261
1.2597475546456122e-101
2.6994374899501959e-25
1.529879526393261e-05
0.46786140362661788
1.0311515089798872e-192
7.0847219389650091e-05
1.3551932907719378e-100
8.0966238556695896e-26
0.00052738504025692768
0.1794837393095664
1.0346490966135115e-219
1.2461340140664518e-06
7.0105715296237311e-105
2.2166684286278591e-28
0.0064875630798321418
0.023085661821566392
1.953052090061887e-177
1.9058184283059291e-05
1.1001546548288013e-104
4.2472595307624068e-22
0.014680070494379069
0.86618351401775051
6.7395910813366245e-166
1.1230396169491925e-06
1.3570545351760223e-104
7.5506842782969008e-34
0.0016703046218391328
0.41351930112866242
3.3655750837970396e-205
2.7971033798594822e-09
7.870392408348606e-100
7.1723427437934269e-22
0.0046031718924288293
0.18551162084152933
8.9632229830416385e-161
2.3226702690494951e-05
3.7522151469613756e-99
7.6126957204469846e-23
0.01518075306063868
0.64928752384088395
1.128255625931617e-141
0.017903205394730483
3.9997969205952049e-100
1.3579670357211104e-17
