0
2.0856724686825358e-08
0
1.0512940682356458e-202
1.6942523079895604e-69
1.6897944020705114e-07
0
1.0835231980517182e-07
0
1.8109646936652629e-259
4.4034230732046055e-81
1.6251928335106552e-08
0
7.1592665478460157e-10
0
2.0509941700172112e-252
3.1008532600569065e-77
3.2654325883772204e-06
0
3.980038456285295e-11
0
3.9839377449524095e-223
3.2559022382225136e-66
7.7895415443368223e-06
0
1.0026634808475734e-11
0
9.3735698605130272e-253
8.3795265895536169e-64
0.00047472246506596351
0
8.7840497554521649e-12
0
4.2989545825435178e-220
1.9230612814242929e-72
1.7245114306504036e-05
0
6.265380124618927e-14
0
2.8541623973168183e-260
2.4617848589956769e-73
7.5067719102398767e-05
0
1.445103530418494e-12
0
2.4332307818295116e-237
1.632739395462208e-88
4.7167773875111883e-06
0
1.3763168507188367e-11
0
2.1280184597153138e-268
1.3203416673965305e-79
1.4808051430210492e-06
0
2.743270461559291e-12
0
1.2418604478594156e-238
2.9117348087268809e-68
0.00033472820496966267
0
5.3356485487622575e-13
0
1.6238034169959743e-259
1.6920537454434287e-74
7.5451120214847856e-09
0
9.4840597794262192e-11
0
6.1239907216920359e-271
5.6911720875934765e-83
8.6743354671937513e-06
0
1.8655751170688568e-09
0
3.2003422619669038e-262
3.1599963186955297e-61
1.7528206266624707e-06
0
3.262271539892613e-13
0
3.9775840852967863e-266
2.2784263089475881e-64
0.00024131814627810123
0
2.0314068459575085e-14
0
1.8580452161466564e-241
1.1284141380118292e-68
3.1036375864376678e-09
0
3.6908333560307108e-14
0
9.4605412086237847e-243
1.4746230530289218e-74
0.0005067830732861544
0
3.6944607452792511e-14
0
9.4383695835931508e-227
