0
1.170279543383785e-32
0
7.508759190931489e-256
9.6263201293470294e-21
5.4077479429635073e-19
0
1.1865336802628885e-36
0
4.7322426638067638e-258
1.1651010518097233e-35
2.5227344958155705e-26
0
9.4368518287904451e-38
0
1.9286370831570857e-212
7.3111407025647859e-34
1.508739500422207e-09
0
6.2165121268147425e-21
0
1.7645763870743865e-244
9.8974293625547903e-32
7.179504376956558e-12
0
9.9644844519585896e-23
0
1.0182267862667926e-269
4.4941780672120303e-33
1.5300481495570481e-15
0
6.2834682093316795e-34
0
8.3213897616321499e-235
2.9579394738555328e-34
4.4449742645199358e-11
0
8.1274087792624147e-42
0
1.3777279358649944e-221
4.2533700136470605e-35
8.3367881115443788e-18
0
1.4755346739750121e-29
0
1.2624936821237034e-228
6.8105354533245603e-33
1.8307142125255934e-21
0
1.4475970508663438e-30
0
1.8335436780932036e-232
9.3828589178493773e-42
2.995524536682931e-16
0
1.4009505173327222e-22
0
4.0909108914641707e-218
4.0919376318554588e-30
7.64300809346755e-25
0
1.1955082877047434e-26
0
6.891320111599706e-212
1.0855690707304557e-32
2.1365932999617537e-15
0
9.0340713146274025e-20
0
5.2129969133934204e-224
6.372305078714848e-29
2.1136536167904935e-24
0
4.1867565274330935e-21
0
1.4909647737306011e-218
7.9496103881490861e-27
0.00018688549995722948
0
3.6366970481424136e-33
0
2.4743455212255153e-221
8.6352669688291728e-27
4.0256041625687606e-10
0
2.4592023199930527e-39
0
1.0150566400510981e-206
1.5798285521753358e-34
3.2489858946611401e-18
0
1.4509932016887492e-28
0
2.7166346485868689e-244
2.701015633384282e-24
5.1592203576165689e-12
0
5.5172593948161445e-25
0
0
