1.390629398329235e-31
9.8043708406686925e-225
0
0
5.595376816300378e-114
7.3172917343225472e-162
4.3134918626529858e-34
1.0594186788837775e-229
0
0
5.4415370717676412e-128
6.220726022241083e-147
2.309903259725001e-28
3.0082921588043494e-220
0
0
1.2001233014219769e-125
4.296689716696216e-159
1.82334455031811e-28
1.2439762290226586e-230
0
0
7.3723712576738334e-120
1.6836741648178937e-165
3.8263047935151009e-24
7.9035948293295103e-232
0
0
4.275915469635975e-122
1.8273282062392011e-172
2.532931020723841e-34
7.6470307372471049e-222
0
0
1.1769239773810047e-118
1.4641834315943641e-161
1.428287647643915e-28
1.1096469907750113e-218
0
0
6.6420378067338622e-116
1.2122911450659644e-145
1.8879685614291973e-34
5.3405768193168565e-226
0
0
2.0707216430268595e-112
3.9702297260540386e-146
6.3940041862183864e-27
8.8568173505140674e-231
0
0
5.3608455610576722e-113
8.7775211862604129e-155
1.4375542984210232e-31
9.3798053498756059e-218
0
0
6.8407190790951493e-127
1.7580287964088195e-155
2.9874179830771257e-29
9.354247139029762e-227
0
0
5.3286362973775316e-119
5.1526245344554393e-150
1.6029470620775623e-26
1.7261760152696162e-230
0
0
5.9095029232941154e-120
4.3145609517172682e-150
8.9621713366873023e-37
1.3679224621654832e-223
0
0
2.9409145553961174e-97
3.5507298257898049e-150
9.3334021215365276e-30
2.3178752959272421e-218
0
0
2.7584962710534127e-111
2.337446852474073e-148
8.9319668097512329e-23
3.5508875791716197e-221
0
0
9.0285338286523729e-106
1.0816186990680882e-153
5.1705233531626723e-30
5.3690147605274258e-224
0
0
1.7305232602729065e-125
7.034095237419722e-148
1.9069300724665455e-36
3.6828405424177912e-227
0
0
