0.000207
0.023554
0.000000
0.000000
0.075284
0.001078
0.000002
0.003745
0.000000
0.000000
0.044930
0.000011
0.000000
0.000093
0.000000
0.000000
0.309217
0.000000
0.000003
0.000003
0.000000
0.000000
0.001723
0.000000
0.000013
0.000099
0.000000
0.000000
0.000168
0.000089
0.000001
0.000194
0.000000
0.000000
0.259852
0.000000
0.000030
0.003633
0.000000
0.000000
0.010892
0.000045
0.000097
0.000000
0.000000
0.000000
0.317792
0.000000
0.000174
0.005113
0.000000
0.000000
0.067823
0.000051
0.000048
0.000000
0.000000
0.000000
0.083449
0.000001
0.000000
0.000493
0.000000
0.000000
0.000001
0.000001
0.000027
0.005996
0.000000
0.000000
0.000954
0.000143
0.000003
0.000334
0.000000
0.000000
0.000729
0.000000
0.000019
0.000000
0.000000
0.000000
0.000167
0.000000
0.000000
0.000237
0.000000
0.000000
0.002670
0.000001
0.000112
0.005630
0.000000
0.000000
0.000471
0.000004
0.000380
0.000215
0.000000
0.000000
