7.2413323060332185e-206
6.9261714335035175e-09
9.8292248531741052e-06
5.7752883934255466e-14
9.4036916381199471e-05
0.00013335612067731279
4.2556244750909237e-201
1.8668636353215378e-11
8.9082158614055047e-08
8.6886038120170868e-18
2.5231210514716314e-09
1.707775614523531e-06
9.9836955024996172e-198
6.3153787791618925e-07
0.00019262184748211264
4.5306216577633247e-18
5.6962826250101961e-07
0.0010733695558322028
4.3144980142555482e-199
7.7680189516529225e-07
2.4518507599950744e-13
2.5715762307929013e-21
3.0246493545405607e-08
0.047055295757151332
9.0492645063496572e-200
6.2262214185422407e-11
9.8134115064958459e-14
8.4986564142495666e-20
1.0143408125541692e-06
0.0023189367511693487
3.152305400743988e-197
2.6016404761127426e-12
1.1257209972318425e-07
2.0360138063237857e-17
4.9021710605768232e-08
0.016967289805227975
2.6561848086836375e-207
2.0440516647741402e-10
6.4167899477188178e-06
3.4072904263825556e-16
1.1464428849476103e-06
0.011168981587818066
5.1471115241414553e-178
5.056607627671314e-13
3.5225495753289177e-11
6.2234232256911944e-22
2.2245246625746424e-09
0.0018272631443930526
1.5689607066468856e-205
5.4464705223539648e-06
6.228239989778749e-12
2.2971098174109544e-14
7.4394655007297264e-13
0.019693041653220354
1.4684426210339201e-207
4.1220548539524449e-14
1.0150803087193971e-07
5.5101059298643031e-23
1.338288028635662e-05
0.030284240444808371
1.9672668604069033e-189
1.0242693484154994e-11
9.927029008799141e-07
8.8632653752268531e-13
3.3030149489115809e-05
0.0020051085036762598
5.7347057458144216e-191
6.4639469050603655e-09
1.2418911020824687e-16
5.9106677118306301e-20
0.0016654885969209895
2.0403604087990965e-05
4.7802326211436655e-185
7.0856576682897743e-16
2.2170932151552161e-07
6.3966794322417452e-12
9.0462292591470152e-10
0.04286322908446271
5.3027263809379575e-201
1.5763023516401715e-09
6.4302375918643481e-08
2.1072541612594146e-15
2.0061931108257148e-13
0.00017522874005249163
2.793675864505359e-191
7.217635945549885e-10
1.4592717805191197e-09
1.3398269911379805e-25
1.3204276916761236e-05
0.0028732529933470355
1.516355052010049e-204
1.2105016853881961e-08
6.1933074272453303e-11
7.7985733879905423e-18
1.5394938547945332e-06
0.00017162808949927461
7.4508949210361239e-202
1.7580509919067232e-10
3.4541582309111309e-12
6.8230087519694901e-12
