2.4006937988688822e-179
7.6693023683388159e-16
1.0988336405297558e-203
2.1564627216900543e-123
7.110746792084254e-20
0.00016371964687539323
2.3560426599179021e-150
9.4073483359378042e-16
6.0315907803912208e-213
1.6563010497219713e-128
1.9050309372195835e-23
9.750046768681887e-06
1.0390886050068627e-147
1.4905962595647003e-16
2.4406153588456675e-218
1.97516892141001e-110
1.0014663459824776e-26
0.0099823331415360671
3.2236767939013261e-185
4.2653045614788423e-21
3.9623208238702887e-216
1.5531875087376012e-113
6.6846037623605848e-29
0.00032961488023811758
5.6268784779511611e-164
9.0680781308220775e-23
6.4802539457744909e-199
1.8265754110501266e-121
1.2316714595641991e-14
0.0020525560687177959
1.3165474638088817e-177
2.4323981722096539e-19
1.1383593470966983e-192
1.0936173116378873e-122
4.9358999679678272e-14
0.00050143788535759765
1.6652191141608118e-154
4.9574571049566632e-20
2.2961931918162763e-220
4.407831218075949e-129
8.3191020114200228e-31
0.0015784664025952967
8.9738961692094781e-149
2.7975358671475672e-18
8.8928314213457106e-203
2.6177934007023351e-122
7.4789402211980178e-15
0.00074775491436584486
2.9968488632799104e-138
2.1373052556556452e-21
6.6030129259155886e-216
2.9460028097483855e-128
2.7851265645701503e-17
8.9899089757425668e-05
2.438107300982808e-151
1.9654956683778046e-22
1.4282953554959045e-216
1.0004094297329525e-123
1.0558763553368407e-12
1.1660474985371075e-06
6.0316060529950825e-142
1.5197716924485345e-18
1.956793206012451e-206
5.8320334495924103e-112
3.29513895191784e-19
1.7391798960186879e-07
1.0305302488298215e-143
6.409147158680621e-19
2.0509603631428229e-209
1.3243181516892778e-123
3.7334337947132273e-12
0.00010690770592733247
5.0072267627164962e-149
3.4936243142671641e-10
5.9709254852917623e-219
6.3564864424923766e-127
4.3978525817791559e-25
3.8275998068876808e-05
1.9503494363881689e-167
1.2132303217405502e-20
1.0343413306754094e-199
7.0219578387466241e-121
3.9898440534472332e-18
0.00060513388404058043
1.3537552520011817e-177
1.3017467702454122e-15
1.8655658251227432e-195
6.6965487857808297e-119
8.9476688623597575e-18
0.00012913642770349769
1.4547823915629507e-162
5.2403239150797402e-18
5.2987864486115046e-207
7.4926825981276207e-115
3.0154695062114266e-23
0.00020085782740994265
5.9795580542726566e-170
2.1658710493397628e-19
1.4380908138657535e-214
1.1209386187032522e-118
