0
0.00048655690825310171
1.9693075842573883e-124
1.863487036078843e-17
1.4436145934437285e-18
1.294407592364642e-06
0
0.014848967554627146
3.3808692133263654e-83
1.5253631483684139e-25
1.718701461196367e-27
9.4696302474582046e-05
0
0.10215550293124316
1.8431526190053573e-141
3.710334264808605e-23
1.9052384102274754e-25
0.00081948085049343277
0
1.5730732896209548e-07
3.4838614153330737e-97
8.5616175547124093e-23
2.1362165326209569e-24
0.00093356823136603979
0
2.5477823503277045e-05
3.107987841276957e-109
1.9438372266778617e-30
4.1451155171894368e-19
0.0020026410275588314
0
5.8117243258268752e-05
1.7210800598387066e-122
6.5625772034180264e-16
1.3941960845519591e-26
4.473417667053436e-06
0
0.0027813434165327236
5.4247210425347594e-105
3.301179851184212e-27
8.4952594279631554e-21
0.013825563455700324
0
0.0077088880729943117
6.9655173816650615e-97
3.0525065384997325e-24
2.0290203524935127e-36
0.0037059082716765696
0
0.01017004517304498
1.8212135545307333e-100
1.3329591411382818e-41
3.8138950311310775e-15
1.9274172587288326e-06
0
0.00019690983456167193
1.932720776146959e-95
8.4793688334528211e-16
1.8991515545580458e-21
0.0021755544839232917
0
0.00040732979186330871
7.0006179758508126e-130
2.1870244714554912e-22
9.3429181153295798e-30
7.7288369082462359e-07
0
1.0849914776420334e-05
1.4910445401534303e-91
2.3719744801712371e-29
1.0698249251511898e-27
0.053866090928282956
0
2.4723266478728917e-07
1.7251483980313337e-89
3.3309636338873134e-26
9.6127997544770682e-20
0.00019154359521689221
0
2.9980682212892846e-06
1.6122298570780492e-100
8.7499737432075617e-27
9.6850606560051205e-25
4.417047125366678e-06
0
0.0015398112980387834
1.4771596810713922e-86
3.2202104699319895e-19
4.2238037703180752e-22
6.3258857118466685e-08
0
0.00014621061435293032
6.1671476390701312e-107
6.3157070667763656e-34
1.4245296276824012e-25
0.00024403161989040872
0
8.5628643305596546e-07
4.637680709400104e-119
5.3216551992070263e-23
