7.4758506173491854e-13
1.5974371720719e-139
2.5389567805799891e-232
3.4592501615720755e-204
6.6407917194532761e-77
7.3781818533160076e-88
2.5537722148534134e-16
9.6746957912683118e-148
7.8189397497582161e-213
7.1152236329126825e-219
2.6341404299052471e-87
8.7231795668670353e-94
1.1379102863583346e-09
2.7476653261708815e-146
1.2139022747775795e-232
8.6868516674207082e-210
8.7457950117092948e-73
2.9808631639396298e-99
2.156733884838201e-15
3.1656066292442538e-133
4.0754002353708819e-225
6.8768241287217757e-212
2.9714658033329712e-81
2.2592775192043591e-103
1.7390073097334129e-13
2.4370763712744338e-154
1.7041718185286502e-226
8.0227837593074708e-219
2.903415149280993e-78
2.0636289788563789e-83
4.7740320250712583e-18
1.523661573064764e-144
2.1805436650555732e-218
2.4485395236951947e-220
1.000740086727328e-96
3.4246966821320956e-96
6.1530522919452644e-15
1.998336942508043e-141
1.5598744131501153e-226
8.3771187035059496e-220
1.5226346232649074e-82
1.1590933095042744e-95
2.0656560651366843e-14
8.1540231814100898e-144
3.389262763962685e-241
7.9431191533303756e-221
1.2178132002763997e-79
3.1235868405695756e-68
9.1760175018449089e-14
3.9336340975763918e-150
1.3144918080161436e-226
4.5280502872093819e-225
1.9486078177753323e-85
3.820096558393754e-109
8.9978350523541065e-16
1.7926105022852384e-145
5.4330413151756063e-225
5.3882504621905219e-214
1.5563344574289844e-97
5.5527861483467818e-89
9.415748150208052e-13
2.4310407309038998e-155
1.8934101012374058e-232
4.1042428454547119e-226
1.0373289065680513e-78
1.4792690996219519e-88
5.7337087609115664e-11
2.4455946456880857e-136
1.6151943614144138e-218
3.331703292125635e-221
3.593120090996744e-73
3.2073935285738045e-91
4.6354701947973093e-11
7.0966286143759753e-159
4.8830341818592579e-219
9.1345903547490154e-217
4.0982275898134484e-77
9.244964706233833e-98
5.4638442213236337e-15
5.8370513999225071e-149
3.3389719378866748e-236
5.0016158338159533e-228
5.8807679071843748e-85
1.8794497767148529e-89
2.5737120211328317e-15
1.2305161315374846e-144
2.8607520338809427e-225
9.5155498189023837e-220
2.3199814324845038e-69
4.4965615659527151e-99
1.1201833423325326e-20
4.0724558402881817e-153
1.8650073640661771e-220
4.6228900002698514e-214
6.2964347686932958e-86
4.0796217016063079e-94
2.3706995911694412e-17
1.3146706751137206e-144
9.3585449479244879e-241
2.8368274248010053e-207
