7.4635073412122755e-09
1.4307030738544075e-07
4.7462101255292575e-30
0.0014447686132919107
1.2229376790080386e-16
1.9433135183675761e-06
4.0252210100664817e-06
1.0293400950126035e-06
2.5463492502454179e-22
0.014044032120735501
7.2728426023746164e-20
7.8181722059463531e-07
4.9281241237391797e-09
4.2099597971043805e-08
3.5842486392934279e-27
0.0063129912690215026
3.9288947891225563e-20
5.313160981897469e-08
2.3951682465787422e-12
0.0002167878272023842
1.861382982367717e-30
0.025359289596181309
1.8149265172478573e-16
0.00041204076033753015
3.5180054786321026e-08
1.403374543213647e-09
4.0737690950373808e-26
7.8706505878445286e-06
5.2601905674441314e-16
0.0043417610234130523
9.1777162821649645e-07
1.597390943412679e-07
1.8335761702403101e-28
7.7510432514436601e-06
1.9185582313615956e-16
2.292072010176976e-06
5.8370914633807992e-07
4.07602045344443e-10
1.5369071321582575e-29
0.00025584714629203065
1.0383357856535706e-19
2.3130540654226305e-06
0.0017192165552027579
1.4519662639130805e-06
4.931827033166281e-26
3.380487764170526e-08
2.4572900753173126e-18
1.4657290794885044e-07
1.4806823275533539e-11
3.0219697508255749e-12
1.8060307483456014e-21
0.00011358227700422682
1.3272309089568605e-17
0.00015052109357634514
5.7309459076163836e-11
3.4126919064484605e-09
1.0660872628110297e-29
3.0605419011582398e-05
1.0851098658782162e-16
0.00020497198935886347
1.197999033951507e-06
4.1869785023359083e-12
3.1759065563631143e-26
0.00053345277168377657
1.8316212933815076e-20
0.00030556840558165478
4.9892590279873142e-12
1.8247738887576723e-08
1.7703219779143637e-25
4.6962281632542827e-11
8.0051899921867172e-24
0.013730675552263556
7.1798136264551136e-10
3.1198871823528742e-09
3.2573060213399593e-25
6.5402482168953399e-07
6.5598464439659341e-25
0.00062857895187948547
2.7262432977578811e-06
6.2256459933714032e-06
9.7121631545989026e-26
4.3673181892683843e-07
3.2782778531960879e-18
2.0942657816328101e-06
4.3482898558181742e-08
3.1819312250901266e-08
1.3341153105772706e-22
1.6780571521781062e-07
1.1977187628931565e-16
0.0006487936385742004
5.2312038305771411e-09
2.3680144612044912e-08
1.7744836439572191e-15
6.9211360201626675e-07
1.0170528799093102e-23
0.011506017525289541
1.164391800723675e-13
0.00092733773293498514
2.4993350031186954e-22
7.884235695325656e-05
