0.000000
0.000000
0.000000
0.000000
0.000000
0.008990
0.000000
0.000000
0.000000
0.000000
0.000000
0.019678
0.000000
0.000000
0.000000
0.000000
0.000000
0.469586
0.000000
0.000000
0.000000
0.000000
0.000000
0.001463
0.000000
0.000000
0.000000
0.000000
0.000000
0.000423
0.000000
0.000000
0.000000
0.000000
0.000000
0.000350
0.000000
0.000000
0.000000
0.000000
0.000000
0.023730
0.000000
0.000000
0.000000
0.000000
0.000000
0.004974
0.000000
0.000000
0.000000
0.000000
0.000000
0.375830
0.000000
0.000000
0.000000
0.000000
0.000000
0.000195
0.000000
0.000000
0.000000
0.000000
0.000000
0.003031
0.000000
0.000000
0.000000
0.000000
0.000000
0.012586
0.000000
0.000000
0.000000
0.000000
0.000000
0.007081
0.000000
0.000000
0.000000
0.000000
0.000000
0.100618
0.000000
0.000000
0.000000
0.000000
0.000000
0.294248
0.000000
0.000000
0.000000
0.000000
0.000000
0.002327
0.000000
0.000000
0.000000
0.000000
