0.000000
0.000000
0.000000
0.000000
0.401537
0.000000
0.000000
0.000000
0.000000
0.000000
0.288426
0.000000
0.000000
0.000000
0.000000
0.000000
0.024094
0.000000
0.000000
0.000000
0.000000
0.000000
0.112885
0.000000
0.000000
0.000000
0.000000
0.000000
0.481529
0.000000
0.000000
0.000000
0.000000
0.000000
0.003212
0.000000
0.000000
0.000000
0.000000
0.000000
0.071968
0.000000
0.000000
0.000000
0.000000
0.000000
0.000750
0.000000
0.000000
0.000000
0.000000
0.000000
0.000304
0.000000
0.000000
0.000000
0.000000
0.000000
0.001607
0.000000
0.000000
0.000000
0.000000
0.000000
0.852512
0.000000
0.000000
0.000000
0.000000
0.000000
0.065821
0.000000
0.000000
0.000000
0.000000
0.000000
0.240163
0.000000
0.000000
0.000000
0.000000
0.000000
0.000137
0.000000
0.000000
0.000000
0.000000
0.000000
0.160617
0.000000
0.000000
0.000305
0.000000
0.000000
0.647389
0.000000
0.000000
0.000000
0.000000
0.000000
