6.703711760940365e-05
1.1502835809454188e-18
1.030201825856896e-67
3.7525447692902114e-18
1.7876806309311819e-26
1.4911506979124815e-17
4.8861314431567731e-08
1.0458326005270213e-11
2.4856194856491767e-62
1.0594852815467306e-20
1.8808115427364026e-28
5.0246072191359706e-13
1.4437569405966877e-13
1.4530124116118194e-18
1.8271368407537834e-61
1.038685214332769e-10
2.4908287443996616e-33
1.0855026628674499e-08
5.1660414516496187e-08
2.7119657040316781e-15
3.2434395073103808e-59
1.241575972587493e-13
1.6693847253501911e-32
2.4449757948330795e-07
7.0638893547026108e-06
1.4585354969830109e-21
5.5598277390745998e-58
4.8805020122073913e-15
5.6057693237898796e-34
1.7359490601162524e-08
0.00075090639674396849
2.2999992173251675e-20
1.4129818088361794e-61
6.2618447036147351e-26
1.4111497271197654e-30
1.0599581979212914e-05
0.00031594518925843297
5.1563067707478139e-14
8.6398392387148976e-60
1.0372257289074566e-13
1.1275017941865547e-35
2.3547324354364346e-12
0.0038675145918008777
4.2117621782650895e-16
4.7349094386851532e-63
1.2838772895265664e-19
1.5823749981666297e-31
2.7937713720439618e-11
1.9486411024962445e-06
6.5314745157275724e-22
5.3859009695035517e-56
2.756280254450816e-16
1.636931200018033e-28
2.5737120211328317e-15
0.00057617501158252797
3.7582211310085411e-19
2.5250345710853836e-61
2.843987339823066e-09
3.4167342209824173e-33
1.1788534666094733e-16
2.4941947496156267e-07
3.3425117982902171e-25
1.6031662421493496e-65
1.3637153621665544e-11
2.6431991693985547e-28
8.2525326749927696e-11
2.6744913605168487e-08
1.2434536108241916e-17
8.4240679867135913e-63
4.8372152644585023e-20
7.3999973532151828e-40
3.7251608151813426e-08
4.7134600885028504e-09
3.4322550762779145e-10
4.6225642838298817e-60
1.3078974549425829e-14
3.0856402147540073e-37
1.2087899192924834e-08
2.5883980598955406e-07
1.0156709220140286e-15
8.5230820782718145e-61
2.3023309298250388e-22
1.9929467857281944e-38
3.4585204859542559e-11
0.0010389970687530443
1.3586430475927558e-17
7.3504546816797906e-67
5.4383250849405545e-23
4.4193295552535645e-36
1.4095217279155483e-13
1.7067329649369457e-09
1.056205697234396e-13
7.4241473918439643e-53
7.7608953242793858e-16
6.8471062097319769e-36
5.199204826726526e-11
5.4177773954240702e-09
1.2094422469261744e-14
3.5436000773110148e-69
2.5342391040070592e-19
