0.000000
0.000015
0.000000
0.000016
0.171087
0.000000
0.000000
0.000001
0.000000
0.002703
0.030262
0.000000
0.000000
0.000033
0.000000
0.070360
0.126075
0.000000
0.000000
0.026578
0.000000
0.000013
0.763467
0.000000
0.000000
0.148491
0.000000
0.000048
0.083787
0.000000
0.000000
0.005262
0.000000
0.000116
0.436020
0.000000
0.000000
0.037192
0.000000
0.031252
0.832888
0.000000
0.000000
0.000000
0.000000
0.000009
0.876798
0.000000
0.000000
0.000068
0.000000
0.034083
0.010478
0.000000
0.000000
0.000060
0.000000
0.000031
0.299829
0.000000
0.000000
0.000181
0.000000
0.000000
0.517389
0.000000
0.000000
0.000391
0.000000
0.000194
0.084951
0.000000
0.000000
0.005327
0.000000
0.001567
0.525189
0.000000
0.000000
0.015244
0.000000
0.000069
0.064873
0.000000
0.000000
0.000948
0.000000
0.004078
0.958951
0.000000
0.000000
0.000407
0.000000
0.005156
0.171297
0.000000
0.000000
0.000008
0.000000
0.000010
