0.158983
0.400251
0.000000
0.000000
0.446993
0.010683
0.598158
0.928158
0.000000
0.000000
0.490965
0.003691
0.324548
0.478802
0.000000
0.000000
0.054398
0.002417
0.815769
0.273289
0.000000
0.000000
0.028453
0.811983
0.378687
0.358609
0.000000
0.000000
0.297717
0.017285
0.900581
0.081501
0.000000
0.000000
0.748960
0.003382
0.570043
0.959310
0.000000
0.000000
0.808916
0.126927
0.128563
0.633866
0.000000
0.000000
0.452164
0.005800
0.449627
0.353199
0.000000
0.000000
0.846859
0.242099
0.132946
0.757484
0.000000
0.000000
0.081915
0.000044
0.041773
0.100684
0.000000
0.000000
0.045267
0.008298
0.137892
0.111787
0.000000
0.000000
0.004031
0.010638
0.859984
0.581135
0.000000
0.000000
0.133454
0.002932
0.906697
0.219077
0.000000
0.000000
0.020423
0.042726
0.004905
0.083168
0.000000
0.000000
0.334120
0.000091
0.405309
0.157363
0.000000
0.000000
0.667905
0.000945
0.372798
0.323171
0.000000
0.000000
