1.2351352651636378e-98
9.4360321318073753e-14
1.4299342671386958e-119
1.6944159836356649e-31
0.047306382351287556
1.0050765839985307e-06
5.1318460435121882e-90
2.2201280105053828e-25
1.1343723951100891e-112
8.3361871604345507e-41
0.00031071428477089151
9.9939831126485224e-06
1.5377264120536071e-91
2.1840068970679242e-21
1.0579609348080003e-113
2.7039688741584171e-38
0.018244241694872404
0.0023104209134205281
4.0880995044726396e-83
1.2453117750472502e-17
1.3928523176556564e-113
1.0851110076443954e-37
0.056002627155221807
0.00012986808912961699
1.8154234888289856e-77
1.8856351538243642e-15
7.6417506923654221e-114
1.4299863834703896e-30
0.05333907152927924
0.00039671097517979514
8.4610795250092635e-71
1.374828171915048e-16
3.7084547073941808e-120
3.4944882213846734e-33
0.011707459005870951
0.029162003887320331
1.7379571962153292e-84
1.2907491905609458e-17
1.4682361352620349e-115
9.5587571689243824e-38
0.015472417411800766
8.4928187074643659e-06
9.5002339185627331e-77
4.0307620311646474e-24
5.1056586722034854e-109
1.4660079673352859e-27
0.00012235830218272568
2.1726396608511249e-05
1.1892123501648671e-71
1.3206261009522858e-13
6.8392337584955049e-135
1.9066464572308541e-26
0.011147425293409719
8.541615853512937e-05
2.154916111399179e-84
1.1713605188363643e-11
1.0912563060310848e-110
4.2927745808420178e-30
0.0028814337713301843
0.0023726132355428586
1.5161848611773902e-91
9.6905550140349461e-13
2.9675809432696579e-113
3.1221798370370133e-38
0.01295375708757341
0.039970363336576407
1.1688633217280231e-96
5.4729968608338851e-19
3.2147713129253171e-116
2.4746852121051588e-31
0.0001027488090954621
0.0026145083365942171
9.1405244743126122e-83
1.451562626227779e-18
2.9618547602646968e-129
2.9814603030321106e-31
0.05174979436357037
0.0048778013804792958
2.6190532526060268e-87
4.0541975521096506e-16
5.6670318004804306e-116
3.7969745357722227e-42
0.0085921710109752077
0.077596669648699462
1.3845322723966896e-74
3.4953578602255141e-26
3.1216764171634911e-114
1.5837819166646949e-32
0.00026730442581756101
1.3141119948170409e-06
3.5255209708860478e-91
9.9923342549516276e-24
7.1220413384006309e-121
9.7075255550716039e-35
0.0030659887424174239
0.0010325112803444994
2.4410320557550154e-72
1.9278017345857874e-10
4.4233760001377816e-128
6.5598925029006219e-29
