4.6173219419307818e-67
5.2690358571750704e-45
6.8207742058359978e-247
2.8103313782649099e-159
2.9996126001053997e-29
2.3934771676234289e-09
7.5956822466225558e-64
1.9421039557858999e-43
2.5588192354659912e-243
5.0177560000400053e-149
8.7088189793897295e-25
3.1397142144659867e-07
3.5160598611312636e-86
1.0698210269995227e-50
1.7110130852049052e-245
1.4231946009403919e-157
1.3272625287258607e-40
8.9038810316244792e-05
1.1808133520409828e-81
2.2821212661079246e-45
4.3924185765260372e-257
1.914193237140164e-155
4.0963654274657362e-27
3.5424156029747267e-05
1.0471390181107937e-61
3.2317192312469878e-51
1.1141112742209031e-247
7.1936119640431368e-146
3.0184087371151723e-28
9.1107758869881853e-09
7.2490237529137432e-78
7.4749582044304992e-45
6.6724589008249817e-242
1.6389847372946221e-150
1.1170020312946953e-25
3.5081184607783972e-08
1.6932287943454271e-68
9.4049148934803358e-47
3.2504606780909985e-248
5.3065650270452388e-155
2.6711480823808449e-22
1.2495085283295019e-13
5.085658563247043e-76
1.7177916035220415e-39
1.2266270453080789e-242
7.8928851291540896e-144
1.5077350280451058e-35
1.4420378012687974e-06
7.2740492559756466e-66
6.4692278574112742e-39
4.0951054010244344e-257
6.4097258958295517e-162
6.8413722175050064e-24
1.0668290123251559e-06
3.2731207168283761e-75
6.5592111021145365e-43
4.7877284494227503e-253
1.2415449739000073e-147
8.1564671987904455e-29
5.845164289287215e-07
1.8761659573050969e-57
1.31349627993217e-47
2.0392439418301627e-249
3.1207236170069241e-152
2.1291130871161162e-32
1.1533455543867618e-11
8.816453218904859e-51
1.1045059160478682e-44
4.1506713871161056e-248
1.3573650221506406e-148
1.883493999125346e-24
9.7290251927504764e-11
3.5529712829596964e-82
7.5738841134100875e-42
9.4013976008905192e-260
2.9486248615082653e-152
1.4269725541338471e-32
4.1007285200457928e-06
1.5049925660765461e-79
1.238719520543677e-39
9.4819589229334792e-261
1.5172324285834102e-166
3.7515035299970982e-25
3.4681971638521828e-09
1.0806195809105045e-66
6.5237516318600166e-35
7.1139679364935449e-257
1.2910399239160752e-149
1.2298807242958473e-25
3.4357419799880118e-12
1.8116419428878574e-77
6.8356447934126666e-47
2.2438194294026636e-238
8.8093379806167583e-158
1.932827018685073e-29
1.6991240014471147e-10
5.0720619468847474e-81
1.8834903476706395e-53
3.8392262533448481e-253
3.0085040853467734e-154
