0.108942
0.000000
0.000000
0.000000
0.000000
0.000000
0.001647
0.000000
0.000000
0.000000
0.000000
0.000000
0.000026
0.000000
0.000000
0.000000
0.000000
0.000000
0.000448
0.000000
0.000000
0.000000
0.000000
0.000000
0.000002
0.000000
0.000000
0.000000
0.000000
0.000000
0.001213
0.000000
0.000000
0.000000
0.000000
0.000000
0.043682
0.000000
0.000000
0.000000
0.000000
0.000000
0.009174
0.000000
0.000000
0.000000
0.000000
0.000000
0.032084
0.000000
0.000000
0.000000
0.000000
0.000000
0.004644
0.000000
0.000000
0.000000
0.000000
0.000000
0.000514
0.000000
0.000000
0.000000
0.000000
0.000000
0.003762
0.000000
0.000000
0.000000
0.000000
0.000000
0.018781
0.000000
0.000000
0.000000
0.000000
0.000000
0.000297
0.000000
0.000000
0.000000
0.000000
0.000000
0.001120
0.000000
0.000000
0.000000
0.000000
0.000000
0.000005
0.000000
0.000000
0.000000
0.000000
0.000000
0.000016
0.000000
0.000000
0.000000
