2.9856259365408371e-22
6.128595074639968e-151
0
2.7456701492970696e-280
9.4776898089073352e-29
8.6086655364253593e-26
2.4839227062794913e-21
9.093911390795533e-131
0
1.86029322592778e-253
3.7965352145950558e-26
6.6553835854629054e-35
1.9047044866191212e-20
1.4547823915629507e-162
0
1.7547944625284138e-260
1.2283577795003328e-30
2.1243973826633683e-31
8.5842055070592154e-20
3.7294918204847529e-149
0
8.9895549437855949e-260
3.7317556476592752e-21
6.4479723621655862e-33
8.3309753143008385e-15
1.2236261858346665e-171
0
1.3215714902708541e-260
5.6576868160311584e-27
3.9106070687563678e-35
1.6035766705198877e-15
9.5802522008651395e-154
0
1.1403316719083088e-263
6.7760195931324367e-24
3.1506562002709258e-32
9.2724013627575909e-20
1.6958929397725186e-146
0
2.3009713706608211e-263
5.9927483805326472e-21
3.3603097878308552e-28
4.7478782931825326e-16
3.3659262836932124e-151
0
1.7926485768854293e-254
1.1238771829322414e-34
6.0170135016364848e-31
2.6747411996926865e-15
1.8128746722806234e-150
0
3.2985414156457796e-256
1.2810553647653545e-21
3.6358893404860884e-28
1.0109078650169257e-23
4.0641744801644416e-145
0
6.6433543697695746e-265
3.9999820524436429e-23
3.1303003887797844e-37
1.6457811108722832e-14
1.0715701218179109e-145
0
2.6978313790307649e-264
2.6919427300008395e-26
1.5044925318205793e-27
2.1545649057651086e-21
4.6706476676784097e-150
0
1.2948244628120625e-267
1.2755986017582178e-22
7.6071286392251015e-29
2.3683428452359914e-17
3.9326459977660411e-149
0
1.4402232931667322e-257
9.2854977603981828e-23
1.354903865861186e-23
6.1555867471490124e-17
5.5184087837492542e-160
0
2.5699489449745842e-249
2.1134504723706437e-26
7.8439810239429175e-39
2.90169049569952e-15
1.8555271112822486e-154
0
1.1891053200458084e-254
2.790370558619276e-27
1.6047715407910425e-27
1.0208864949041503e-18
1.016301509551145e-154
0
1.0547056954683306e-260
5.3042677126810334e-21
3.1862544111277975e-36
5.9358602011182338e-22
8.6203198256971731e-154
0
1.6453993777339636e-265
