0.87867922421350075
1.9760909078964373e-07
1.0917816147961844e-131
3.6070903174030443e-64
0.049815560036449172
0.1388998308926194
0.0045300784323487218
4.6224400845730056e-07
1.5435196973707631e-127
7.7319353706688297e-62
0.46624712665300638
0.090174073683361319
0.052465049772146076
2.8440432354477429e-06
8.3269389549030621e-124
1.7925089941406523e-72
0.073083568415097208
0.34603899858496767
0.39229798514331349
2.9881068049404579e-05
3.891474568471979e-118
2.10110937442553e-50
0.039230088256292484
0.18827512240432359
0.77997944515175677
9.8690521303718287e-06
5.0714463322786737e-140
1.0377315949646418e-67
0.28276642157136
0.52916223174072496
0.13754273038800929
1.8470645707934403e-12
7.5589367524337399e-113
2.476985226537431e-61
0.57167447149733386
0.24748588580137232
0.008127893316137929
8.3731359930389752e-10
1.6107727727320744e-120
3.3335995200215217e-61
0.011779890427648414
0.024536478103213178
0.31949276310498276
1.3676823012560101e-11
1.1948391115024273e-124
5.1266336204760624e-63
0.038878732866356305
0.17855834889014341
0.48503047278754563
1.7681724927425969e-05
5.215360195806377e-119
2.3457476979515797e-55
0.50393569325893428
0.27680548097439167
0.8881569311538704
4.5931849057014055e-11
2.1362083522004329e-123
1.7375316995920372e-60
0.47597408591695189
0.094386885452575481
0.36827876529203879
4.2412121541895976e-10
7.3950859844247742e-111
1.0309514875408972e-61
0.15711925551195147
0.0650978368875504
0.5002623686189458
1.0143685721655511e-09
1.6114065430475967e-136
3.6185302688507171e-58
0.17129654310534456
0.014917042236968131
0.3466694382561199
2.174830426829283e-08
2.7797000016369942e-120
2.3033039697745878e-60
0.70729078627281006
0.3687478530167525
0.18305859089249038
1.0518123321057983e-09
5.6193806724448525e-129
4.163198422705938e-61
0.64774509735418095
0.12766123724863687
0.040534047143379486
1.106482042212805e-07
2.0164856913521152e-129
7.0008787100326154e-52
0.75089801591379846
0.0021419547896651342
0.00049973911874624365
6.2287420794769787e-07
2.5767113728690411e-134
1.6729868555546088e-65
0.22165372891747384
0.17769100078998584
0.27642166100735382
2.3499773212527894e-11
4.5011899435925553e-119
1.4072203151162919e-55
