3.5331921764819184e-44
1.014607221674801e-07
2.8108734439880348e-260
2.0837242082133876e-60
0.10581271687990683
8.0569693505984264e-53
4.2778525382489786e-45
2.381995708612155e-11
6.9996803795041503e-303
1.2275887760605724e-67
0.045753060745192947
3.1580453557941528e-60
2.3658145047046869e-22
1.6298269362049611e-12
6.6492259118100753e-289
9.9169617634142828e-71
2.8584103951864643e-05
1.1046174904164932e-41
8.0593012809403306e-49
0.035432420845918411
2.1575056984992478e-305
2.4023251664835952e-65
1.8973251764401086e-13
8.8742306596491032e-50
7.9389952776355756e-34
4.8241717283956976e-09
4.631991716690446e-298
2.1436096335783013e-81
0.22308132002161374
2.5534890777115195e-70
3.5729772693706423e-43
7.6365404562664961e-08
1.4848986121382233e-235
2.0758593752939327e-82
4.1758098230398637e-05
3.0583624214985637e-69
5.7363345770863701e-44
8.879262956151312e-07
0
7.6382341367466477e-69
0.019863887195614841
9.7068480823615255e-54
1.1602350976974984e-20
8.7824851159559089e-10
0
1.3760494124736227e-82
1.5135482929077709e-05
3.1006892909492583e-51
3.5118303743335385e-56
0.00026833922281986773
6.1990738213719165e-269
1.3805244801218701e-64
0.0045976506111571136
8.7972252553646051e-59
1.0806131163654308e-46
6.7450683749116368e-07
1.5603429496508148e-255
1.6583227529087841e-83
0.023310150995362908
2.630976183069162e-57
2.0850230720540322e-40
1.8998772796201042e-05
2.470467432650419e-281
1.3101734473559245e-69
0.10118368997364519
6.9101666129802515e-47
2.6697550148003702e-27
4.1591568693081668e-13
0
8.1260770475458244e-52
0.040665170103021869
2.9914102637188497e-48
4.0093495939740676e-30
0.0010381300045259486
3.3169497227122314e-292
1.3393901500184149e-61
0.69660791375863573
1.8366941533479573e-57
3.684588952600342e-40
1.7038794952640959e-06
0
8.834209294527455e-89
8.8956286537520751e-06
3.2265921769849416e-58
1.0366458463499653e-37
6.3078743143655317e-10
0
1.4456451900276333e-83
0.022837673060840395
2.5730791733318181e-56
7.0095276939529669e-53
6.6626450101064867e-05
0
2.2326239813360731e-63
0.048649260203606035
2.3991620498600155e-71
4.3971922857671215e-42
2.7915007676555249e-06
3.9739275900727618e-257
3.8163805465970677e-87
