0.000000
0.000082
0.000000
0.000000
0.000000
0.000000
0.000000
0.000012
0.000000
0.000000
0.000000
0.000000
0.000000
0.000114
0.000000
0.000000
0.000000
0.000000
0.000000
0.000013
0.000000
0.000000
0.000000
0.000000
0.000000
0.000004
0.000000
0.000000
0.000000
0.000000
0.000000
0.003757
0.000000
0.000000
0.000000
0.000000
0.000000
0.030866
0.000000
0.000000
0.000000
0.000000
0.000000
0.001845
0.000000
0.000000
0.000000
0.000000
0.000000
0.004685
0.000000
0.000000
0.000000
0.000000
0.000000
0.000047
0.000000
0.000000
0.000000
0.000000
0.000000
0.227012
0.000000
0.000000
0.000000
0.000000
0.000000
0.009583
0.000000
0.000000
0.000000
0.000000
0.000000
0.002830
0.000000
0.000000
0.000000
0.000000
0.000000
0.000003
0.000000
0.000000
0.000000
0.000000
0.000000
0.007973
0.000000
0.000000
0.000000
0.000000
0.000000
0.002907
0.000000
0.000000
0.000000
0.000000
0.000000
0.003029
0.000000
0.000000
