0
0.00055230286206891339
0.74679096947636159
0.15301592321357413
4.4081202892463836e-13
0.0074645889541680626
0
0.0021782287968735055
0.50750868778306524
0.02336224734252762
2.3003825168339835e-12
0.0048758543143934486
0
0.023650742460609126
0.67903186520483794
0.00081160691490841095
4.7855891634888439e-14
0.078098579748413555
0
0.024291867657309871
0.0049012247776849711
0.03527866774311357
1.6929175440299883e-12
0.043402532719894228
0
0.045251202324447258
0.071919111377954592
0.64121964636395423
1.0671499502951168e-15
0.0037645926549180549
0
0.20314450034394713
0.11102461946894976
0.85473137965465429
6.9051567629041734e-15
7.9814873386684066e-05
0
0.37687625180654694
0.066550656928719268
0.0012041383393423973
3.0111277010638447e-24
0.012953757087573436
0
0.046046814037933224
0.41351930112866242
0.030922521181881581
1.4937516100472733e-14
0.3806954037074482
0
0.061740750714136865
0.59580411054137361
0.0076126520823976817
6.1506305558368772e-09
0.17393727325600147
0
0.46120720457297681
0.026775336282210717
0.24678111571391623
1.574591990317458e-18
0.0023274830719183254
0
0.034922323108502129
0.097603632867055756
0.98352329032031605
3.1227521569177411e-08
0.098284525774611636
0
0.00013231738649052664
0.084751226137164737
0.12036655266994023
5.5738008335248232e-16
0.00055699848826571622
0
3.3206225173060983e-05
0.49250949925790077
0.50404718671152171
4.5915745460801718e-20
2.1533732594164842e-05
0
0.053395310933742238
0.13080128161365234
0.15116375998539583
1.8248520823112598e-16
0.00079541182724242755
0
0.00043752377926824742
0.16312011770399124
0.84676118392724264
1.4800958242992173e-18
0.094827083293128167
0
0.0084126945239670486
0.40980245345921934
0.099823674418349634
4.0037909020342431e-18
4.8139932439795698e-07
0
0.047105414606961556
0.39513430948580186
0.1465933036236734
