0
3.1641431108357999e-105
1.3838808392712856e-216
1.7333011124642336e-177
6.6114258412842271e-101
4.7545726802850319e-86
0
5.8105614707436656e-109
1.5123972094908643e-192
2.6901754280255269e-190
4.4590908868095087e-110
3.4722777860853924e-86
0
2.538525220537901e-106
7.4302311638426816e-201
1.2365652709326471e-170
2.1832132159905904e-112
1.9727805626386826e-79
0
5.9606168204468e-105
2.2190217187200242e-200
3.3506262697690507e-174
2.3837711933818409e-115
4.311967623250589e-84
0
1.1171958877045904e-113
2.6460412564585896e-205
2.7699177738406416e-174
1.3598983877711903e-104
5.2709899687530967e-82
0
1.5051308293869806e-113
1.5340657269241365e-199
5.2589679937752944e-175
2.5933751278989942e-110
2.3721308254978044e-84
0
9.3133662452059975e-101
4.9211373553808524e-199
1.9794950825717173e-166
1.1232885605232552e-102
3.9369941110037075e-77
0
1.635602177465022e-97
4.0487991721963131e-204
1.4896693532071074e-175
2.3861978437852644e-108
2.8057544593006111e-81
0
6.1359754757116488e-112
5.6283917597787222e-205
7.3366493737252494e-176
3.0745706944349688e-106
1.7801722431515986e-79
0
4.3540643827708279e-91
5.0603218400041672e-199
1.5050805583262371e-169
9.3897387343791356e-111
2.7698402192613129e-83
0
3.1941543093831819e-108
9.6928553729005518e-194
6.66838801805074e-174
9.8842104721580646e-111
1.9851646828659083e-79
0
5.8424705474888411e-111
1.0873624504128715e-216
4.1576811560050617e-169
1.3418242329950341e-105
1.465048572694961e-100
0
2.2599446238445559e-105
1.8065294982537209e-197
7.6006775510719306e-180
1.8669374556492321e-105
6.6686508609450814e-76
0
3.8236956633919783e-97
1.940904578631631e-204
7.5396817669255276e-183
2.3677085704037298e-105
2.4045649643592612e-83
0
3.1128744224097921e-118
1.3987516432057101e-213
2.1483991789502372e-167
1.8154676326274308e-110
1.5825586580769327e-91
0
1.0682504318438531e-108
1.6184704541987782e-201
5.0709286233596503e-161
4.0753873636736775e-102
3.4390109386400561e-70
0
6.0716583531879414e-98
4.5643846749417011e-218
1.298525134937794e-180
