1.2420437421944597e-245
1.3137036986048545e-14
4.4404799740439065e-26
1.1927115704234638e-05
1.6328774549600571e-14
4.5039086840834784e-06
1.0344115765418388e-239
1.1569990178095808e-06
3.5175779697399897e-31
1.7299102295421061e-05
1.6324958822511824e-17
2.3854519413674641e-11
2.5773319185669902e-239
3.3989319695857811e-11
1.9289320283597311e-42
2.6407783893541488e-06
9.2248728579873817e-13
3.4453346277106033e-15
3.1576187218441244e-248
1.0946877550691178e-07
6.5409410588359964e-55
0.00012835302154371142
2.0635928165463528e-16
2.8202750156523682e-08
5.2675303696629969e-250
9.508020851194844e-13
3.17880697750719e-44
7.7117935851996248e-08
9.8073568239670745e-09
2.4732265789285166e-06
3.546345867263735e-241
6.6254725760892657e-11
7.5758738077787076e-45
2.0248710930468064e-11
4.0418772756845661e-14
5.162164047279581e-19
1.5119744579906658e-242
8.2948958731253816e-05
8.6978853338349282e-48
7.4119747649768511e-05
1.7464281558736417e-06
0.0025848532827594654
6.0987672047992772e-246
1.5574862846805161e-05
3.0554227536227823e-30
7.5796950860545774e-08
1.3545664825719799e-05
6.3307640692209087e-09
5.8130695710022959e-240
2.4033381358950368e-12
1.4508490089628876e-38
3.9287651960043723e-05
5.7894736720211558e-18
2.2232720144904609e-07
1.1800969245930199e-248
4.0471770610683273e-06
1.7350195110029766e-34
2.2170932151552036e-07
1.8515763809205294e-11
2.5689489603884511e-12
2.9733590175700238e-243
2.9979138468103118e-09
1.4961886944680628e-35
1.0066176453229646e-12
1.2201804765115304e-07
1.2397636677525996e-10
1.1018237399038086e-237
4.2356831270839045e-08
4.3185296482941271e-36
4.877419605300717e-06
2.5280452625615058e-12
3.5514591492446809e-09
6.7334232564031507e-240
2.4608695003690899e-06
1.6762738539961926e-45
3.2475737073064003e-07
1.6756958195505739e-12
2.4732265789285166e-06
1.7384938171983491e-236
1.0443689596914568e-05
1.0772100640323521e-45
2.3450339648024671e-14
8.5841478300305642e-14
2.8163043873199191e-08
1.1641078576752038e-245
6.0307623446422915e-10
3.3338100993107849e-39
3.1374434983337389e-08
2.3465723315431575e-11
2.4078725130602863e-13
1.4424413439027024e-252
3.5288129853377284e-12
3.966354909258675e-46
3.7922158586575818e-05
1.6917109003354785e-05
1.9280735678888749e-08
9.8235217653809166e-239
5.7530082616205172e-08
3.0566528618603861e-44
2.6166332038395852e-05
