0.000000
0.000000
0.000000
0.000000
0.000006
0.001173
0.000000
0.000000
0.000000
0.000000
0.000000
0.303674
0.000000
0.000000
0.000000
0.000000
0.000000
0.001872
0.000000
0.000000
0.000000
0.000000
0.014447
0.001738
0.000000
0.000000
0.000000
0.000000
0.000000
0.112371
0.000000
0.000000
0.000000
0.000000
0.000011
0.095936
0.000000
0.000000
0.000000
0.000000
0.000000
0.002651
0.000000
0.000000
0.000000
0.000000
0.000000
0.000006
0.000000
0.000000
0.000000
0.000000
0.000000
0.000482
0.000000
0.000000
0.000000
0.000000
0.000001
0.135938
0.000000
0.000000
0.000000
0.000000
0.000068
0.049851
0.000000
0.000000
0.000000
0.000000
0.000432
0.057030
0.000000
0.000000
0.000000
0.000000
0.000023
0.140668
0.000000
0.000000
0.000000
0.000000
0.001134
0.058624
0.000000
0.000000
0.000000
0.000000
0.000001
0.003476
0.000000
0.000000
0.000000
0.000000
0.000002
0.088738
0.000000
0.000000
0.000000
0.000000
