0.043140
0.000000
0.000000
0.000000
0.000217
0.000000
0.001588
0.000000
0.000000
0.000143
0.000001
0.000000
0.888243
0.000000
0.000000
0.000000
0.000673
0.000000
0.520548
0.000000
0.000000
0.000000
0.000133
0.000000
0.014408
0.000000
0.000000
0.000000
0.000017
0.000000
0.037624
0.000000
0.000000
0.000000
0.000183
0.000000
0.069832
0.000000
0.000000
0.000007
0.003704
0.000000
0.773879
0.000000
0.000000
0.000000
0.003318
0.000000
0.040753
0.000000
0.000000
0.000000
0.000001
0.000000
0.101685
0.000000
0.000000
0.000000
0.169884
0.000000
0.033960
0.000000
0.000000
0.000000
0.000003
0.000000
0.880105
0.000000
0.000000
0.000000
0.000069
0.000000
0.228997
0.000000
0.000000
0.000000
0.000358
0.000000
0.105535
0.000000
0.000000
0.000000
0.000001
0.000000
0.129430
0.000000
0.000000
0.000001
0.000161
0.000000
0.036487
0.000000
0.000000
0.000000
0.017923
0.000000
0.214877
0.000000
0.000000
0.000000
