0.000000
0.000000
0.223472
0.000000
0.935279
0.000000
0.000000
0.000000
0.039371
0.000000
0.373933
0.000000
0.000000
0.000000
0.306230
0.000000
0.114623
0.000000
0.000000
0.000000
0.000395
0.000000
0.361196
0.000000
0.000000
0.000000
0.631376
0.000000
0.222237
0.000000
0.000000
0.000000
0.139870
0.000000
0.587345
0.000000
0.000000
0.000000
0.000141
0.000000
0.089364
0.000000
0.000000
0.000000
0.000025
0.000000
0.061016
0.000000
0.000000
0.000000
0.003896
0.000000
0.399856
0.000000
0.000000
0.000000
0.005784
0.000000
0.344421
0.000000
0.000000
0.000000
0.040259
0.000000
0.153494
0.000000
0.000000
0.000000
0.006167
0.000000
0.479892
0.000000
0.000000
0.000000
0.033239
0.000000
0.728031
0.000000
0.000000
0.000000
0.123430
0.000000
0.340400
0.000000
0.000000
0.000000
0.008354
0.000000
0.414527
0.000000
0.000000
0.000000
0.134563
0.000000
0.157266
0.000000
0.000000
0.000000
0.022100
0.000000
