0.099790706025758305
0.0072135284971662174
9.4622956146629376e-102
1.3794194898279247e-26
1.0184915367102013e-21
1.3370185563954284e-31
0.00033919365193088672
0.0079172822489932265
1.4005878479246417e-89
2.4317029329726282e-36
1.3744515755014397e-24
4.2871030876054539e-24
0.11005078809521619
0.0032659390274039786
4.0803634981346207e-92
9.5287636987165147e-27
8.952125636043808e-18
3.6997522527643899e-29
0.29096725781285127
0.21741440890685981
1.6761113235270781e-116
9.0718419080762514e-29
1.3236763188928761e-27
1.1356865927620737e-19
0.16407965528702709
1.4428107815621155e-05
5.5180912884983489e-89
2.087100845818023e-25
1.349842480673987e-21
4.1762480442439782e-26
0.083899846803742198
6.4270446900905367e-05
1.9817326220808273e-93
1.2026187802848839e-28
8.5692233430851167e-29
1.3727838342656999e-16
0.04609594173027224
0.48909343843325781
1.9538539150354139e-97
1.0175660469362216e-25
9.1079329202931817e-27
9.2708519229441623e-19
0.00044351878962897874
0.21092784638073825
5.6430106908535439e-108
4.9093755334962232e-26
4.2889393410508612e-21
4.5868629559845705e-30
0.11839924427322897
0.099790706025758305
9.6293033897907031e-89
2.5516468672856341e-31
4.013760230000753e-29
2.5663660233158558e-28
0.001956316075591916
0.00040959140651681061
1.0606102883830783e-82
1.9446765024329647e-29
1.6665391261712795e-24
2.8627487868754901e-23
0.011816266308930352
0.36696736995478124
1.4513179731308842e-93
8.6617504951055478e-22
1.7488417987716542e-21
1.8780901378850457e-16
0.046573341259800762
0.010361130457677557
3.6398297138160858e-88
3.3579491932198278e-31
3.3049558148317186e-20
3.4133899566738086e-18
0.0052805671682771681
0.01454626954752773
1.1148215634473691e-86
2.3936276392747347e-28
5.4498827443425536e-20
2.0754027163766605e-32
0.050881772547786509
0.31508368388187047
1.3472406079700289e-87
3.0838533061307528e-26
1.0596983583983833e-35
6.3174928552970304e-13
0.010197700337770194
9.7464747966641952e-05
1.1350952529451196e-90
2.1372969401707626e-24
9.9117663879520793e-29
2.4959003352238324e-20
0.1842260048186794
0.0023417949652957716
5.1464187845942671e-91
4.9940161086662424e-21
5.6507752039782768e-21
4.5473508609141002e-12
0.054302565149780033
0.0028662588272844601
9.5696279518105416e-88
2.571004284584862e-23
