6.8650372890371489e-08
2.0839044640755242e-32
8.1239162892715818e-143
4.6230203978728549e-85
1.2948173458067322e-24
3.8621437498808447e-16
2.0819721620779801e-14
1.1077214910777014e-33
1.8379753128856017e-164
1.256843607884724e-85
6.7313546785150088e-25
5.0359765661392615e-16
1.1944395014101668e-13
4.5563252300155152e-38
1.4371527433816987e-141
1.5245258376768897e-77
2.1350006568562992e-26
4.8349917114226939e-15
1.0683018026916409e-12
8.846820729375231e-23
4.7556708690653903e-144
4.6832615880893656e-94
1.4301030043099347e-17
2.489773196368211e-09
4.1024237979292268e-12
2.1775263192301241e-32
3.3486688936089622e-158
9.6255477593836812e-86
5.8911192548445074e-24
1.3133795122467481e-10
7.2002004410103227e-13
7.4891145956768146e-34
1.4927164186970228e-138
7.018750852260024e-92
3.0256916050049106e-29
3.6554719276231217e-15
5.5665944760695942e-14
2.8345526796390229e-31
2.8609952327492369e-143
1.0084220979665066e-69
3.9148654277527747e-29
8.4877606153996198e-16
2.2510266314961394e-11
6.285027600434983e-30
2.8865367283369521e-144
1.6161863436217518e-77
1.7978770370033282e-21
8.056530071059564e-15
1.1747663969642241e-16
3.6195583413251126e-31
4.4106998069559317e-155
1.4516979599589414e-87
2.9417213810167607e-27
9.6435142164015688e-10
2.8513241417174889e-10
2.8856439799998061e-31
8.2688798991671466e-142
2.0711719177233015e-69
1.3823501178280951e-16
1.3985192624150468e-13
7.0171744614041296e-14
4.1751394240986431e-33
1.0160194820421941e-158
1.6206095218398179e-80
3.2140198786678321e-24
1.1999540610763654e-14
8.0133429444206189e-10
1.2365295065619449e-30
3.0563380995246977e-137
7.1450214822777528e-87
1.4453365521927508e-26
5.4677701695677834e-10
1.6211202886392535e-12
4.6008396587513247e-34
1.1697717154858018e-145
2.2037429083235704e-70
5.5863333170680512e-27
4.8765140807569046e-16
9.2469414100829755e-08
5.9119911091670167e-24
1.65718282385788e-144
4.6191918973635219e-82
1.7428762151597726e-30
1.3087087513745081e-06
2.9010840886760265e-13
1.0472045552511953e-26
6.6013732636625409e-154
6.1975494747317372e-94
4.3110799501042831e-17
1.1166925972867337e-17
9.5149943261917971e-14
3.0674366493768169e-35
4.6556953901423076e-137
1.2218810066668225e-88
3.7392197795701761e-26
3.4374121302270411e-12
2.0568940465068462e-13
1.0426194365466386e-25
8.4524269583972031e-149
6.959742973924852e-77
