4.2775667405592444e-08
1.428610547052563e-59
0.00092191937931604276
1.101279336426853e-55
8.1222758200690548e-13
1.9499174748579173e-11
2.7820424581152854e-05
1.8158191231284603e-47
4.9187943244806012e-09
3.7485263600186072e-49
6.5043872437450056e-16
1.7758671854117491e-10
0.11439973286037476
1.1904508856100503e-61
1.4636853871739794e-07
2.9541820419839434e-63
3.7825969827867154e-18
8.5247143108438364e-19
1.1474283270456256e-07
1.5776041637752714e-52
2.7277486627237338e-16
3.1626941726282272e-56
2.2909651625238181e-26
6.9524414441309812e-11
4.1399447646427194e-06
2.4846370342237464e-55
1.3763168507188266e-11
2.1127662072248222e-59
1.8360058373026179e-15
3.6921190340089655e-08
2.7427126362367021e-07
1.7121629876306843e-66
2.8505175329290055e-06
8.4054389678329941e-57
6.7655055408885689e-25
5.6057175416845252e-15
1.2208438373657609e-05
1.0799220099918933e-57
2.9993376107258787e-09
1.7294326787702716e-60
1.2666419057088865e-19
2.084153586507939e-16
0.01639210746282023
2.2113426825117664e-66
1.309834890520432e-23
3.151659080429358e-48
8.6719225035665581e-21
3.2445701987702021e-07
8.4318874901964784e-06
1.2238590366631472e-62
2.3981415927938785e-10
9.7623052723940897e-54
4.5189633364937322e-21
4.2315496632319026e-11
1.0619480676506341e-06
1.5893178981662454e-58
2.6149178543433108e-07
7.9843484463644202e-52
6.1112734557085404e-21
2.3196752063793496e-16
0.014282138847806228
2.3960163555280677e-54
4.4310734494431858e-06
3.0916500216383609e-74
1.8402983001555147e-16
2.7388708272243059e-15
0.016986573944943902
2.7229309241893328e-48
2.9625376081645266e-09
2.5342292789075463e-61
2.5619850612482216e-14
5.4926125433074257e-12
0.21330268139308758
1.408475384558216e-70
0.00063955202515832165
2.3370685398121527e-49
4.0157840897729572e-18
4.3348618039681283e-11
3.2406748624133721e-05
1.6422335441972833e-55
3.703893903056233e-11
8.2286403331784337e-57
1.1831669481352976e-20
2.1460072532998751e-16
4.5753886524373125e-05
3.9068708956674499e-63
1.6727170383857685e-11
1.0186584291780263e-54
6.1830745827451853e-12
5.7417984543671243e-16
4.3220442150291441e-06
2.2326577868696009e-40
1.9195175419269242e-06
1.1954661040641378e-51
1.6387311822646534e-18
5.0929749117262589e-19
5.5709532609197668e-06
4.1603546381120904e-63
1.0050540906416621e-14
3.9663549092587318e-46
