1.2979246831906777e-55
1.5443878445859234e-41
2.8341905223973202e-253
2.8565132427478187e-164
1.1017838141942943e-20
4.9207164358334029e-05
1.3947828554391605e-51
2.3166371694056238e-38
3.5971197660116444e-260
5.8990346893856436e-162
2.3228634518114055e-28
0.0012652014337700488
2.1406698771334685e-64
8.3436416932325935e-42
1.1068213340915708e-266
4.0506007872222547e-163
1.617066191376605e-28
0.018465723255914751
1.1727529726068011e-57
1.2425317252375912e-49
4.1682036126312678e-248
1.9577782493322457e-157
9.253162602810298e-17
0.17720465159445689
6.2191470314507839e-61
4.5423078323865842e-38
9.9831474187038035e-247
8.7122638959211201e-170
1.0342773032121953e-17
0.0035336912194368123
1.4078870774675899e-53
4.7451122716364512e-48
1.3391970629091889e-243
6.2595687978525772e-172
5.1031664052342884e-19
7.9999281947665028e-07
5.2450824511946477e-50
1.3844195861957364e-44
1.1065063516268805e-247
1.0186921354857599e-158
5.9263291663939528e-33
0.017495316278423351
1.5544607781528582e-43
4.9605300393993646e-49
1.3498605306914914e-245
3.0611103551993417e-154
4.1836605707659722e-23
1.4014460664976071e-05
1.0398769575354385e-43
1.9807434791913445e-49
6.9044314741539337e-264
4.9180852655164127e-168
1.4094545848883166e-25
0.0025711960747210392
6.6093837687780537e-51
6.2601256185307887e-42
7.5637742742636316e-263
2.6678090954241294e-157
1.9455383917821803e-21
1.2507528046234596e-05
3.194417369548831e-41
4.3944339315451035e-37
8.026404365042383e-257
1.6185975667178217e-165
7.9797243480027186e-34
0.00047795867154704996
4.6102396041216892e-56
1.9680307724121962e-45
1.6478398609694123e-256
2.7288625879625786e-162
8.1894638090087507e-20
0.00017790094157644527
2.3206717626931739e-57
3.0975722338770035e-39
7.9978012792759263e-261
1.1475770910514174e-167
6.0825802096917051e-23
0.46506509645977068
1.8926455756239958e-68
2.9139339517599356e-42
1.595170007756355e-252
1.1421926994003185e-171
1.568497623560837e-27
1.0399853145712678e-07
1.6960366395616876e-56
5.5015016813077554e-55
2.2801400393687827e-252
1.6968641238693198e-152
2.7412057798315199e-27
0.0065882788670252037
5.704131587125415e-59
2.5333461694235305e-52
3.5723884888345399e-250
6.2322134331086963e-157
7.4210453711089451e-24
1.7783963337276615e-07
1.5563111955467972e-76
5.5285946814422293e-47
4.1628683896816903e-264
3.2804946896166834e-172
