2.2992314535067559e-186
2.4181012218775798e-28
3.7046782288611222e-148
1.7064761203776902e-32
7.4890524211964642e-32
1.3720177429102168e-28
8.3320797532814485e-178
1.0175856978711332e-34
4.0573409425302766e-174
1.4321759525192275e-30
2.9991071753517033e-34
2.8890987097201854e-34
6.7595416136123976e-161
2.6983833007360715e-27
2.3162399797453488e-159
7.5052843338074123e-33
8.9095139875545148e-38
5.9088880561536458e-32
1.2327930924468977e-177
8.2958733266164069e-27
9.4738137952190515e-167
1.0155807334755979e-47
1.6793617076051878e-42
3.8017251154668797e-27
1.6387109863351826e-163
6.6261241581801019e-31
1.1288260385555434e-134
4.741221735071149e-20
2.0613535197864162e-33
1.5573974589669271e-29
2.2512387755086091e-181
3.4057662942453844e-40
1.0891238867225517e-168
2.1773187209407935e-33
2.3835807555484479e-37
2.0172295005284751e-44
1.3996256981328944e-179
9.8477334441032258e-35
4.6245034700401668e-145
1.8998007369721612e-32
4.476947226917204e-35
2.2980974821476555e-42
7.1157398691211954e-147
2.4520523826043127e-31
2.379856418335737e-175
4.5054939689270353e-29
1.1764983436982252e-38
1.9351657850103667e-40
1.1508891025278437e-173
1.389260532899224e-43
6.1092620903305216e-156
1.4439577544623945e-52
7.3375274934631036e-41
4.1319637656240159e-34
1.5755940000555842e-188
2.0588031274866731e-24
9.1762787039935408e-137
3.2895567386478929e-39
2.8846508629985887e-33
9.1788142856153407e-38
9.7120429986656939e-169
2.5544172639324638e-36
6.9991636862084956e-153
1.2813223392693011e-27
6.3937565350619462e-34
1.6165566073922573e-43
1.6866859938286077e-141
1.9880427705941387e-28
1.6393904441823827e-155
2.2042884909145094e-54
2.7085170163996779e-37
3.7638503158824256e-43
1.3950629176943069e-157
5.3615991417517845e-35
1.2995431335655809e-157
5.3206746155265078e-38
4.9563536762856395e-30
1.1817199403592509e-34
6.104788275502309e-185
2.1319510234425873e-35
2.5192488236375624e-140
1.1465492323684075e-34
2.434117575992711e-32
9.5303338492556031e-39
7.9530766583998307e-166
6.5439258753469371e-38
2.9064861250704137e-164
3.4471629961503256e-34
1.621163589347204e-17
2.0815271651381957e-37
1.5099430841885236e-174
3.8669960361852845e-32
5.3475446947445318e-154
1.3519712827575734e-30
2.1900025073624022e-15
1.3877667275671762e-39
1.1217805909253082e-160
1.6385822154636619e-30
5.9042711280645107e-151
1.0866505131879353e-35
