1.1171809462908587e-306
3.0117030788379714e-12
5.1825185562325479e-87
5.3717267837087151e-93
7.5595842717507319e-05
0.034770632567795598
0
4.9236217068920877e-30
1.0408609094493703e-103
1.8899294370043494e-96
0.00012992453947081097
0.0059371689328622593
0
1.5543515654688843e-23
6.5521595246341619e-97
7.5032396327901517e-74
9.6194833348680113e-06
0.44352807306278952
5.0433779751422784e-306
6.9682950591582149e-18
3.5717597797684044e-101
1.4965675224500402e-86
5.316119077541537e-09
0.0078431213842159991
0
3.9135941911007496e-12
1.0283227435117033e-96
1.7318325069146775e-92
0.00010836198296449481
0.017038099965443438
0
5.9780706226923167e-24
8.1132379161748912e-66
2.3743862316824057e-81
2.3760668115162107e-06
0.0072305792966611071
0
1.1823635024327701e-14
1.310459795670541e-88
5.4300535401352118e-71
0.00030439282646860949
0.11619598999869452
1.9020062204534328e-305
1.1485619210857576e-18
1.201369017394606e-98
2.163597588538878e-97
5.0631041712510419e-08
0.00035430289209744954
3.3017140150942797e-310
1.0436697033503965e-15
7.9943696969807347e-91
5.1211770286547398e-80
9.7200771020392835e-08
0.042148768969560733
1.0254055118301136e-302
1.1172988761332177e-12
1.5552375092830316e-106
8.958536019350355e-92
6.1346255619298791e-05
0.026500015723557827
6.8951734242440275e-308
8.337215369616513e-17
8.3435855264203118e-87
1.4547146954474086e-73
2.2460743075990541e-07
0.002680261499656876
1.2653549142716533e-301
3.2739381091022317e-14
4.896211710444421e-109
5.0856022317846385e-73
0.00056268485808292181
0.0071541544228940889
2.1101155002301781e-298
2.5660304350754319e-11
1.777052754548415e-112
9.5019053042484436e-112
0.00082708228281250739
2.9342429490596213e-05
1.6252940454305348e-304
9.313058688537568e-17
3.2191545419497599e-84
1.0551055280939602e-79
5.930473180129106e-05
0.0067514938062150764
0
5.170776995671964e-17
4.3409455844242727e-103
5.7522257708505702e-91
0.00071183000749406168
0.004603171892428831
1.478877371548573e-309
1.856065807583873e-15
8.9339766047935432e-97
1.3121473247742543e-110
0.011294795298937486
0.00010270400373928213
2.4638562370783037e-310
4.7927480768425465e-16
1.376624372258872e-86
1.0874373433238069e-108
