0.022701928222230744
0.00027100160895777184
1.1838705009519158e-19
0.003453301691921859
0.33871134351763105
6.1051386692915836e-21
0.019582370002800258
8.4561166013203556e-05
1.4206754766346712e-12
0.16121515644588927
0.006041606110691565
8.935090661259774e-20
0.37147614872378854
3.8039582898613169e-07
1.1447567720752649e-15
0.18239423674157057
0.033799509829722262
6.9900230234309914e-17
0.64062647973389386
0.035612587820325795
3.5104735979748428e-14
0.34739088420233794
0.062537828759772859
4.9989738225098042e-24
0.66695759268425769
2.9877866787970042e-11
1.0681369315427129e-26
0.22308132002161374
0.27298511086993871
7.6097241658417002e-12
0.030877322402492035
0.0016160631330784732
4.5261924501170924e-17
0.091295028598120831
0.031138061208309455
4.318895234232772e-14
0.22966223318737827
5.5058746487249632e-06
1.2710582538253289e-25
0.09233600701038977
0.072462074471480412
7.8768348809606513e-24
0.36472630373641135
7.4737341890867149e-07
8.6957522821967249e-15
0.24202971065273873
0.0038011519108709008
2.4901728556366568e-21
0.62521344052792693
3.1344997412879668e-08
9.6566605134505497e-17
0.016890360634065869
0.011325366270143584
3.2881845674566261e-17
0.01601087376666651
1.8930097438486222e-08
2.2554366493686006e-19
0.021797206290910198
0.0039050400662174987
5.0892312059665672e-17
0.38569657490155573
4.693401966918599e-09
6.768020047759679e-17
0.05375275804894062
0.7565780877024697
1.171274457283484e-16
0.034207242793353319
5.8760134123008179e-06
6.7735090503996004e-20
0.22740777665848261
0.098382138490919258
1.7524778542519371e-25
0.89004571216318662
3.8570598326980553e-07
9.2881538334873146e-18
0.083000151505073338
0.012644179924437362
6.8836136081058106e-21
0.026246742511148124
2.7541695342479038e-07
1.8375630427404814e-16
0.084041209839081893
0.00010248026542323564
2.057392510084465e-17
0.11672451159378786
4.372060805926089e-05
1.1052162510670332e-11
0.080488683723839563
0.020910904688450693
1.2679646336502009e-14
0.18697379257169319
1.0083094759187115e-06
3.3503876599205978e-16
0.0047699131540623989
0.29860908160883898
1.3820133933173052e-14
0.39493829944731007
0.000517860899592239
2.2162750414977197e-16
0.35383772828905635
