3.188155087533852e-10
0.36724812873884694
7.7496203150949518e-31
1.2361136592679299e-13
2.0536720883280597e-35
2.1817569794602236e-17
4.7775423721077489e-08
0.081915334532458473
5.7246388588282986e-34
8.9149367382223655e-09
2.884375507904648e-30
1.5878370054430591e-29
2.1077686412595361e-07
0.072909066940944581
2.1056639342381197e-28
3.8946270538994516e-12
3.0759003438342831e-32
7.9865858564558029e-26
3.2312128353786066e-10
0.72745216086246911
5.7194918807119314e-36
1.1276937787943124e-12
1.8547504984462764e-30
3.4464979445235942e-31
2.892620236057978e-10
0.0077971099195772494
8.0910901993389169e-41
1.0237377732182807e-15
2.1768186752734997e-30
6.1956727440089233e-20
1.8920479888337303e-10
0.39523233677252828
3.0237444811424877e-35
3.7895148123772862e-15
5.2796058000313797e-33
3.9021784465539313e-28
3.9385705527671575e-06
0.021919659802235984
2.071252965345956e-39
4.8470605267375587e-14
6.5446354804049092e-22
2.9951871219052674e-31
8.7387936580909923e-13
4.6794913577726056e-05
1.9270593759243332e-30
3.9492303345958504e-13
1.5396296882562035e-39
2.1123786877653076e-26
9.0287633784897759e-14
0.013179291107772471
1.6399365334819461e-35
2.0565344061066735e-14
3.1005561459986087e-29
9.5465475696881464e-23
4.0409738470267441e-13
0.13784817533262639
1.1422542266941491e-33
3.4695126180778511e-13
7.124461247663529e-30
1.3786558598699294e-34
3.0992885822068531e-10
0.012894238589776789
6.5562379504160714e-39
4.6663427569006344e-15
2.1980691169455428e-22
1.1020867884419049e-23
6.8808337299613943e-14
0.017031651118300319
3.5795867318967956e-36
1.0377566895938559e-11
3.2959975649651417e-28
2.3106333383775033e-30
1.29926353580307e-11
0.08370229600464546
2.8079326916250747e-39
3.3583562799288722e-08
1.2228828431485448e-24
4.5146083922511548e-31
1.8629498534841265e-05
0.41503173384899589
6.4834783432475226e-30
1.1570569816209189e-09
9.0310345446518171e-33
5.4492057848666742e-30
2.8464945334185318e-16
2.9407600204077172e-05
2.194219481976696e-23
2.670870019909257e-12
6.7263987514899446e-28
1.2497562904078409e-29
4.2245175095723762e-07
0.063300429066319455
1.5264493549339861e-30
1.1667521673120677e-14
1.9256119371400335e-25
5.1116437245138378e-28
5.5008891778048868e-11
0.54711997327015327
5.8262556574304573e-29
3.6131528832904184e-13
