0.62000318848405778
5.9530149051057668e-09
1.818166196399815e-132
1.1477442110382016e-93
7.3034962841735165e-06
0.022232785207709757
0.9003359134199479
9.8951965591682132e-07
5.5199666966487835e-157
7.4339592525108801e-85
2.439669429875656e-06
0.14998649331005678
0.79519263632681647
1.1495996534026781e-06
1.4964809882040265e-136
3.5920490886199916e-84
0.011010403129746448
0.028099467472019371
0.54069063945480855
2.4000573292227686e-07
6.6272737298860424e-135
4.3845877178410588e-84
1.1929291288552648e-08
0.31728283353694847
0.4397650615403681
0.00023587830124724321
6.5279319570929778e-140
2.4287528181858675e-90
1.5377528572993801e-09
0.11645998936042186
0.04438911534067972
1.6464843958416209e-06
1.5433309858204388e-137
2.5635765119674777e-87
2.1455574405900587e-10
0.040840612176246807
0.27207411310982282
1.062945840131617e-10
1.6490100346440135e-149
2.0625796754666881e-89
4.1064113214555953e-12
0.13193274303489738
0.26725390119007303
4.0031514915477805e-11
5.0892264896253835e-127
1.0290784394522638e-84
2.9022296157893306e-08
0.26449669863831438
0.51671243906697295
7.0984977384315363e-07
2.120379374130594e-154
4.5025493948923466e-105
1.5157538462573323e-12
0.0016709937311388293
0.059528903823861432
1.7313385338087599e-06
3.8057945971506413e-129
5.3314393230858301e-94
2.4235363553232739e-07
0.57844461723618501
0.56074767723562435
1.8380645968300291e-06
1.8980044538361223e-135
3.878922584708823e-93
5.4599325020030892e-10
0.00011442623977690707
0.43664254806030012
1.4082524260757665e-07
3.5949054426173293e-154
1.5555048640010606e-91
1.8080778633313898e-05
0.088323172134143299
0.99086154148180472
8.3677990470732076e-05
7.7590129312492606e-149
5.9802865153278355e-89
0.0013409121525073601
0.19635701545701781
0.47001808672544809
1.880497915046155e-06
1.6633992194977583e-143
6.5796435405171461e-83
1.0906377791696513e-08
0.23435903744663364
0.11488380927556971
3.5970506500132526e-07
4.5577199401224001e-143
1.3402458926700271e-90
8.9558462653602968e-06
0.0085553158078196349
0.13034271884485685
4.1063082287712775e-06
8.892039262727597e-136
2.3800367719965418e-96
6.6276424171867308e-05
0.15315918928617356
0.11145985063953893
3.2270462649846521e-08
1.521024164359306e-136
3.0381828061373494e-82
