1.889074604806456e-07
3.0055354960225106e-102
6.0015971939161729e-287
5.9827022099824611e-170
6.8651155680758114e-22
2.8500096432867924e-81
3.7384152855828327e-06
1.2105612829166916e-102
2.0891251150232162e-277
5.4027534511152657e-172
3.2459209580476191e-26
1.5990043889849289e-65
1.4842503680761519e-07
7.5733285641801715e-97
8.9638034920791461e-282
8.5271691876411164e-168
1.0258222631651364e-23
1.4205577053757084e-64
1.5380867989204327e-06
6.3082939478627109e-84
6.2663700697940408e-279
4.5048559801000673e-174
1.2190318915345214e-22
4.9729598443093239e-76
9.3178133232661999e-07
1.017623670406904e-104
6.6124715937388399e-270
2.7579935076471943e-172
5.0011097621177196e-29
1.1278240060015819e-80
6.1252812874608054e-06
6.6440154548308086e-109
1.076697204294124e-279
5.4064756542361766e-174
8.8780955723562763e-23
1.0020747049681161e-70
0.00011002732916518848
3.2247364364622325e-98
3.6089263159375766e-277
1.561616963716274e-174
3.617911040534835e-23
3.0224934382395263e-63
1.0972145253526896e-11
3.0971846436380785e-106
1.0588606627007378e-273
8.4946770332132481e-173
6.1279122373101202e-24
1.2862895245259731e-81
7.2236898755591652e-08
2.0459897785866549e-92
3.3622094261760763e-284
1.5643788515824851e-177
1.4941988641251253e-18
1.0468638020193651e-70
9.3831787284560125e-05
7.4491228754030958e-103
4.0655465739756465e-277
7.2622428071445259e-181
2.4890950642208049e-17
2.1363742257722679e-72
4.9935332430505951e-06
4.1603074657815627e-93
7.3878190096625746e-276
1.2775123663870468e-178
7.6654259264683552e-29
9.6544302142879471e-76
5.3667488994217908e-10
1.0337136146694421e-96
1.3899078419312904e-281
5.6570858012499374e-167
6.5351089714413774e-27
1.0681295801577975e-62
4.7219393770723528e-08
8.1781384173575702e-79
1.6434704258701335e-278
9.3625903970133612e-175
5.9598995960751858e-28
1.7943768915193809e-72
6.8339090771539609e-13
1.2590886524776253e-101
1.0538916660007676e-283
4.0431565900004213e-160
3.5391863363951127e-31
1.9752089194657118e-74
1.8261083124761255e-07
8.0189712221563769e-87
1.8763243967570304e-264
7.9318267313592777e-165
4.4778098329487521e-22
8.7715989041984176e-64
6.3994383392866388e-06
3.1530290228592707e-98
2.9618819698293898e-283
4.3908414606109466e-160
1.6190427792733086e-13
2.6066187711003013e-65
6.1687992910789835e-07
1.008067862943861e-101
4.9885809346971055e-267
2.2394979004289293e-169
