2.0916810638669902e-10
3.0676484159729364e-23
4.9855643965859847e-77
2.2337911821158145e-27
9.0319214142162855e-25
2.0309610812400816e-12
3.2373722797627151e-06
4.3322626740455425e-20
1.0005110297347372e-70
3.4444719399930426e-24
1.3332309682873635e-35
3.5328274345658363e-13
1.2986242236148073e-08
8.1283746816641386e-23
1.1963599939775456e-65
3.1187848290195199e-19
8.231824236242534e-45
2.2683095924718614e-09
4.4879000286837076e-07
2.598836682920329e-25
6.8992643300877774e-71
2.9594540822541732e-34
2.4844865962046278e-29
2.3323459382221684e-10
3.6297765655341135e-06
2.9165301923743443e-26
2.675738148828256e-67
3.9497433370626547e-21
1.4553279223373806e-38
3.6218080598525067e-08
8.3312688854996161e-05
2.8565036040347143e-29
1.7861865469819234e-67
1.7284184054541277e-32
4.9073212444214264e-34
4.2362383669024902e-07
0.00013510520532414888
4.7195684526018563e-15
5.0043578723803964e-68
2.0265820855986149e-29
4.9060276839818915e-38
8.0945893146194691e-13
0.00027545727019226104
4.2490418224080746e-25
8.4117550595675146e-72
8.0124641050649074e-29
1.3674624427758662e-40
1.9046627257094445e-14
5.0753641199263267e-11
1.0111695847508486e-26
4.7401825331161621e-71
7.7090382012647776e-25
2.2530438647740574e-28
1.1944395014101668e-13
3.9526774472449273e-07
7.8149239830283216e-23
8.4103001620051541e-67
5.8445297610567852e-27
2.3170537798353943e-34
1.4620959005714163e-12
2.2097162729788387e-05
1.3780203841018191e-26
9.9784003879624002e-66
7.8487505369612754e-30
8.9499963703102279e-23
1.3103099953266976e-12
1.2529252384251081e-09
3.811522824991607e-22
4.3409058181860427e-73
1.4540661334714331e-34
2.6749603832323088e-38
2.3763679532121786e-14
3.5386923117203704e-06
7.0228374934383463e-16
2.9923242586936648e-67
3.9862005560193958e-22
2.1837713727144693e-31
8.3173644408510159e-10
4.2175836022920566e-06
1.1408152075607807e-19
2.6959189376211009e-71
3.4931819167341935e-32
2.4848111574410615e-31
6.7121314514388678e-10
0.014753033756405513
6.1212017015081964e-19
3.8257254040005774e-77
6.6677727980281392e-34
2.9822020316338577e-35
4.0147581344881076e-11
5.42115188175367e-08
3.7014020974685526e-20
3.4470550545110732e-67
1.9376262124809834e-27
4.7877036606213887e-35
1.138452930708803e-09
1.6419764861925852e-06
9.8769370295545708e-24
2.5862866747401207e-72
2.8533427747671077e-32
