1.0356876853600617e-54
0.014397129798345577
8.4899895159915964e-73
6.5375885788526508e-15
0.039004883008631232
4.867793815666277e-09
7.3611413060451857e-55
0.077939767422766315
3.4698194359335629e-75
5.0764011610259463e-13
0.068832340421149357
7.2432133091393652e-15
4.3750839326173861e-56
0.098252007248275278
9.8345137284908632e-63
5.7080023999207326e-17
0.054953724972960909
1.0004333946486442e-09
2.5797572782939641e-56
0.0038924926172591127
8.4327036116486762e-73
7.1586418238953081e-12
0.20685356733052776
1.5224123646816409e-12
1.9044382625086726e-63
0.016108442955281087
1.4669603839001051e-74
3.2723300703142185e-14
0.096862686991874183
1.6526809883338925e-13
7.3509732972662351e-49
0.041475054157078639
5.3784998668100274e-80
1.0926741901661934e-16
0.00040819819098718627
5.3192528641818516e-18
8.2960402479693676e-52
9.2630381920213373e-06
5.7921444398019329e-61
2.3455863271737344e-15
0.0021675506742366382
2.7707498567659313e-13
5.3561618980424959e-54
0.1761815337362736
9.3975484923836222e-80
5.6639284758285387e-18
0.90984191060126429
1.3413132387928592e-12
5.2999127044977649e-53
0.032686601125733426
1.1588332598159893e-80
1.6011223896957288e-17
0.073033672429120303
5.0452831251179393e-12
5.8177168963452811e-59
0.084922426246331728
7.4893677238953111e-67
6.6706119620698245e-16
0.49615773049636558
7.6178525967897874e-10
4.3654368323749355e-50
0.023223566791719628
1.3397863216527581e-68
7.6113002380573221e-11
0.01321470862136921
6.2082467778849279e-11
1.4600408229556805e-56
0.80423130012768429
8.4688970473989854e-79
9.2158329038806516e-12
0.081254086967374378
1.9156387724013623e-22
1.5874039913294415e-51
0.70869594628691657
3.5388818189008783e-81
1.1589919311239244e-15
4.1414741890587869e-08
1.3846805174636691e-10
2.6474989073627848e-56
0.0030722092900950962
2.5536217691729852e-74
5.1138880506265889e-20
3.269885139291286e-06
2.7392713497724331e-12
1.916617895701054e-46
0.33438332690306061
8.7254292876351547e-81
6.6180115195093241e-16
0.39249319171973168
2.867180568754251e-14
2.2071420266404777e-51
0.18134640714263875
2.1637187611784443e-78
1.7278261574225419e-11
0.1472389482186176
4.0864464101022353e-16
1.4870651438747962e-62
1.162089266056081e-05
7.8441708806452769e-82
3.1463061619265766e-15
