0.000000
0.000000
0.555770
0.000000
0.000151
0.000003
0.000000
0.000000
0.000029
0.000000
0.000002
0.000002
0.000000
0.000000
0.047256
0.000000
0.000044
0.000000
0.000000
0.000000
0.403917
0.000000
0.000240
0.000014
0.000000
0.000000
0.000157
0.000000
0.000002
0.042451
0.000000
0.000000
0.000348
0.000000
0.000000
0.000001
0.000000
0.000000
0.011889
0.000000
0.001332
0.028610
0.000000
0.000000
0.003236
0.000000
0.000072
0.001065
0.000000
0.000000
0.006591
0.000000
0.000001
0.000005
0.000000
0.000000
0.031747
0.000000
0.000000
0.000005
0.000000
0.000000
0.003112
0.000000
0.000079
0.000235
0.000000
0.000000
0.157461
0.000000
0.000535
0.004183
0.000000
0.000000
0.000000
0.000000
0.000024
0.019045
0.000000
0.000000
0.049447
0.000000
0.001052
0.003299
0.000000
0.000000
0.000136
0.000000
0.000000
0.000109
0.000000
0.000000
0.000043
0.000000
0.007211
0.001039
0.000000
0.000000
0.022719
0.000000
