0.000000
0.000000
0.000000
0.000000
0.000145
0.003535
0.000000
0.000000
0.000000
0.000053
0.000002
0.000000
0.000000
0.000000
0.000000
0.000000
0.000001
0.000022
0.000000
0.000099
0.000000
0.000052
0.000089
0.000470
0.000000
0.000251
0.000000
0.000011
0.001124
0.000000
0.000000
0.000000
0.000000
0.000000
0.000000
0.000000
0.000000
0.000043
0.000000
0.004707
0.000000
0.009561
0.000000
0.001508
0.000000
0.000007
0.000000
0.000003
0.000000
0.000019
0.000000
0.000000
0.000024
0.000023
0.000000
0.000005
0.000000
0.000000
0.001529
0.019678
0.000000
0.000958
0.000000
0.000274
0.000013
0.000003
0.000000
0.000000
0.000000
0.000000
0.000000
0.000046
0.000000
0.000011
0.000000
0.000000
0.000047
0.000000
0.000000
0.001249
0.000000
0.000000
0.000003
0.000118
0.000000
0.000007
0.000000
0.000000
0.000133
0.000029
0.000000
0.000000
0.000000
0.000000
0.000000
0.000000
0.000000
0.000000
0.000000
0.000000
