0
1.3947828554391204e-51
6.4904622948501321e-12
4.3980299307936721e-21
5.6766304551014816e-78
1.5206393528340891e-94
0
3.590626504068686e-53
9.2165705261825835e-25
3.4993146781093791e-21
3.4044426845886962e-74
2.5307361033880794e-83
0
7.746953535594033e-51
1.9183435888278456e-21
4.8360305827007517e-21
2.5145249981780289e-75
5.9456404670885976e-73
0
1.1937047146195327e-39
3.8761708218227422e-17
1.4927869447899216e-22
1.3128770019796751e-74
2.00210353839448e-83
0
2.9209356180682666e-50
3.0753824220167647e-21
4.5399071090911251e-19
2.5699468672833189e-78
1.3244226411045235e-81
0
1.4376538098670256e-54
1.089573856285526e-28
3.0563122779004868e-14
9.1591772067952481e-69
3.6257777826350454e-90
0
6.9649925174443183e-45
2.7338285422628416e-25
2.5881249254396843e-18
1.936773035764871e-75
1.5167027251569154e-85
0
7.3487939729584007e-51
3.4760690090409304e-15
1.354407422121022e-14
1.2398560647686453e-69
2.2430896844333401e-92
0
1.9282062637228618e-49
2.1908996302883196e-23
7.6514273462856567e-32
2.7805244773096454e-80
2.7894895202318236e-77
0
4.2117350043210586e-40
1.8809686241431106e-20
5.4104510707487126e-19
2.8547369379634419e-68
1.225076052282854e-88
0
4.9634824554830399e-54
2.2217455399675357e-18
2.5402836099445546e-25
2.6474894639503159e-80
1.042206055781295e-83
0
1.9371158432624761e-48
5.9681350831532908e-18
1.2440746740450976e-18
1.3355166067518845e-67
3.904375927436686e-94
0
1.2524624489861515e-41
1.1405386048781333e-21
3.4521626446348444e-21
4.6321957842314491e-78
1.1644010941604042e-79
0
8.3201867129045199e-51
2.4121163573229614e-11
3.3947200429698979e-18
2.9260037329024407e-72
5.9252140990538319e-79
0
2.1678547031148144e-52
5.8138673026222941e-17
1.323683891102271e-19
6.5467021851997024e-64
3.3727984280003483e-94
0
3.3439763835451581e-51
3.5771506329822624e-25
3.1391012950482193e-18
2.9115899795113196e-59
2.4768978579520712e-77
0
6.5037328504053932e-35
2.7920588649011617e-26
6.3011290616610238e-23
