2.4370954134370792e-09
4.7042571110036583e-22
1.4089066424255589e-127
7.7852796363164939e-75
0.72071743104402786
0.058664584048990658
1.3524547873202355e-10
4.187108037908074e-20
1.0922654398658624e-144
9.0590397981000521e-82
0.019037777277382414
0.017714871543515046
6.754379367510438e-11
1.7753021009862306e-14
1.7151079778645518e-127
2.5753061714451068e-80
0.014017214780870063
0.14444337101301713
1.9046833377256677e-06
5.471930917417467e-15
2.093216756941368e-139
2.792927276892006e-76
0.092120829305051
0.43529325007789699
1.6617528416999417e-05
1.5486204185453063e-16
1.594922257557502e-128
2.4781588560997186e-81
0.20728266469037837
0.10749042633931935
2.0870705699336757e-12
2.216473478573613e-11
6.9471507064718751e-150
2.3303460191312299e-77
0.5095231737021485
0.069759896964801366
4.7224223270865656e-13
2.354251419940649e-17
3.0358327397778603e-136
5.3181068391105913e-92
0.3764956766567864
0.014293052614632538
3.9966821115253562e-09
5.2484107073937012e-17
1.14364712378584e-126
6.2863776247730061e-73
0.0859561343859893
0.6345772901945772
4.2401524896241771e-07
1.0850113060696804e-18
9.238950960636632e-143
1.2762630418433165e-81
0.23961194049893658
0.44888853761346514
1.6960875823345913e-07
1.5779552757001182e-24
9.3856951320231157e-137
1.1147824609789706e-75
0.28120907083117241
0.23039536771749405
1.5015285324547742e-08
3.7509281612687088e-16
2.7188000333433309e-137
1.9191461715609523e-84
0.47369566053547285
0.00034254444391144213
3.3574538199646276e-10
2.3393024365734966e-16
2.3537831493448388e-130
3.107236265693032e-80
0.0081024659510675629
0.0041029516660405262
1.1641168920004522e-07
8.6530676981775828e-16
6.2494288732949754e-137
7.5735274126446044e-78
0.5097472111796848
0.067682785041640742
2.333464963372824e-10
1.541159558649661e-18
5.1256725611918056e-131
1.3195378175379995e-77
0.0055608000977517722
0.23598656742078897
2.4960058300763677e-08
8.0941587756383689e-16
1.6084060121811627e-118
2.1544058606846796e-87
0.88815693115387029
0.0027253548587281174
2.7674791396299947e-06
1.2626191291894369e-10
5.1086613376502874e-154
1.0599137137347223e-76
0.092860442389757269
0.074722023456671324
4.1356558013032087e-08
2.0567221374598775e-24
7.2896846901967774e-132
1.3160290356303026e-83
