1.2210042247419626e-53
2.2348620711750929e-93
7.287522836524074e-288
9.4321334491047641e-198
1.0835231980517182e-07
1.8500274768198317e-30
1.7039352541077225e-38
4.8973682624647533e-98
5.9681427834764967e-292
8.2431273553843773e-202
0.13452006719764659
4.1453559843506228e-33
1.5884921698986678e-42
4.5968978466114476e-88
1.721926139770641e-294
3.1994493311263938e-220
0.23954313825023074
1.0557823308178964e-27
5.1168439749936012e-28
4.7710544352354234e-82
5.5404179983488168e-289
1.4309668008060386e-215
0.0087172587738371353
6.4153279917284628e-32
3.0414037870923167e-40
4.4794222679557165e-84
2.924641258099699e-283
2.8535643765318216e-215
0.014848967554627146
1.572274675223394e-30
1.0583925807896878e-40
3.6239570791441008e-92
3.651245467919086e-296
1.7927196379489303e-224
0.088441555190182583
2.5452843188700474e-27
4.9847524903960535e-38
1.1357245617988504e-88
1.1342806138258985e-284
1.1515291462191616e-203
0.0064339467097724312
5.2186320629417053e-31
3.3721157435484065e-34
2.8843568872056523e-89
1.4630278014420948e-294
9.1289798436487157e-224
0.01092558290522053
3.1907355956211851e-30
7.8189145212941879e-37
2.2012569869515934e-97
2.7109757060773197e-295
6.8474531452946536e-210
0.011391141765211301
4.2581813511583618e-23
8.2961816052838876e-43
1.5287522578899385e-88
1.4086149532224674e-280
2.2993912354602645e-212
1.4609993375889415e-05
8.400127852944669e-31
2.5534776150462524e-30
2.761512756667118e-82
1.1554959663585067e-289
2.0152824210409777e-228
0.44018231501583238
2.6449041607270853e-38
1.4690340158868386e-34
7.605074370195549e-97
1.7754019285154163e-294
6.9240478930577417e-212
0.020240135238541162
1.4872590056312277e-30
1.4994898376180073e-45
1.5682675139433756e-94
1.0505736719329314e-297
1.872813742763381e-224
0.1818972759803755
1.7164082674649108e-33
8.1239279470396403e-34
7.5229637193564271e-99
2.869025032956157e-293
4.9121701543020404e-210
0.014233124919820787
3.8745993098936601e-19
2.5156952491450904e-35
4.5414671710485825e-97
4.914731993713223e-294
7.3245778406120924e-220
0.024875449426549488
1.9391516657473654e-40
1.2951335843869062e-38
8.0556854560253256e-82
4.1280350909927515e-293
5.1730975758696181e-206
0.091112414016099236
3.2844574240296914e-27
2.356491970877863e-39
2.1837010057715267e-100
3.3349670908325496e-298
2.0664574789579886e-215
