0.000000
0.000000
0.000000
0.000000
0.105570
0.037692
0.000000
0.000000
0.000000
0.000000
0.296180
0.400449
0.000000
0.000000
0.000000
0.000000
0.531438
0.418675
0.000000
0.000000
0.000000
0.000000
0.747819
0.000145
0.000000
0.000000
0.000000
0.000000
0.050169
0.016342
0.000000
0.000000
0.000000
0.000000
0.318132
0.023484
0.000000
0.000000
0.000000
0.000000
0.162015
0.014541
0.000000
0.000000
0.000000
0.000000
0.019502
0.005756
0.000000
0.000000
0.000000
0.000000
0.033738
0.181842
0.000000
0.000000
0.000000
0.000000
0.021163
0.094042
0.000000
0.000000
0.000000
0.000000
0.238376
0.246640
0.000000
0.000000
0.000000
0.000000
0.709749
0.249397
0.000000
0.000000
0.000000
0.000000
0.005911
0.044294
0.000000
0.000000
0.000000
0.000000
0.000379
0.000109
0.000000
0.000000
0.000000
0.000000
0.712088
0.000452
0.000000
0.000000
0.000000
0.000000
0.106614
0.035677
0.000000
0.000000
0.000000
0.000000
