0.00013487069612467403
6.041131818325789e-57
2.9752342265399008e-174
5.487480403458101e-117
4.6891026519916868e-06
4.5969123934704343e-07
2.9960707951178005e-05
2.4059951759537913e-61
1.4761244369002478e-185
9.4366895244593883e-103
0.00068621647832856861
5.6853941715890631e-06
4.6877544195052613e-05
1.1727951209219676e-51
2.0893878749597976e-182
1.4134409617144967e-110
2.4597491687563733e-06
1.9406551442105091e-06
3.3128211400051603e-07
2.451499592935893e-63
1.4434722972473448e-186
1.2050626687672866e-117
1.3788084729916918e-06
0.0034869317585886437
7.4805022640717412e-05
5.3324238509178605e-51
6.8330977547931842e-188
4.2484353125084356e-115
5.8231684163538084e-06
4.2539958960499984e-05
0.01541952797906561
9.4581058058615696e-66
6.3696140091968224e-180
9.0501820047993251e-112
8.0173146831476797e-06
0.0040229734194146922
0.013809705581516247
1.1188055749785702e-54
8.3790579695175713e-181
1.3803372994502227e-111
0.00016104772532783278
1.2485126894559054e-05
4.4290669910770883e-06
2.2231210871380957e-56
2.5177685657796046e-177
2.841503860431861e-117
3.6847279408862971e-05
3.0199975622121466e-07
0.00011432663047679733
8.8069668194207119e-57
1.1531790465366772e-183
4.8622532706193793e-127
4.6258501610331402e-06
0.00015381909690509313
0.00073465933635628844
5.1297667216420372e-56
1.3648523519357701e-185
2.9169350553592634e-117
1.1136036448420918e-05
0.0059654780988914443
1.6070728498154364e-07
8.4228851733750225e-60
5.0619437812045389e-196
1.004877454828153e-121
0.00052050171982269162
1.4249877100989822e-06
0.00016132694810677226
6.6672313757010486e-61
6.3613553440698671e-184
4.8775763331795696e-127
0.0047489931876286955
3.3816392655393901e-06
8.3422114030061654e-05
3.1285976758606759e-54
8.2410729132331087e-193
2.9929987028900542e-109
6.1996627205758773e-05
0.001126549017966539
0.0060129491230878056
2.8952252118005639e-65
3.2835283741528194e-176
3.5783164549093621e-117
0.0058044578929641487
0.0017834209612200536
0.0010082238200656798
3.8326954440940744e-60
1.9935544187438012e-176
3.0112247219416584e-115
0.0056409032221755402
0.0001099314913339233
0.0014995955510690474
2.0785673663442493e-51
1.2921319420058376e-195
2.0780911400835623e-110
1.8151159045612035e-07
0.016769232183029958
4.0379187204080722e-05
1.170126116689796e-55
1.6204147515052445e-175
2.6874268974526676e-105
