0.000000
0.000000
0.000000
0.000000
0.001909
0.000000
0.000000
0.000000
0.000000
0.000000
0.005495
0.000000
0.001156
0.000000
0.000000
0.000000
0.015094
0.000000
0.000000
0.000000
0.000000
0.000000
0.078817
0.000000
0.000000
0.000000
0.000000
0.000000
0.215699
0.000000
0.000000
0.000000
0.000000
0.000000
0.000360
0.000000
0.000147
0.000000
0.000000
0.000000
0.000435
0.000000
0.000000
0.000000
0.000000
0.000000
0.000683
0.000000
0.000000
0.000000
0.000000
0.000000
0.000000
0.000000
0.000000
0.000000
0.000000
0.000000
0.042058
0.000000
0.000020
0.000000
0.000000
0.000000
0.022076
0.000000
0.000000
0.000001
0.000000
0.000000
0.000001
0.000000
0.000002
0.000000
0.000000
0.000000
0.019649
0.000000
0.000000
0.000000
0.000000
0.000000
0.000000
0.000000
0.000000
0.000000
0.000000
0.000000
0.046178
0.000000
0.000002
0.000000
0.000000
0.000000
0.501819
0.000000
0.000009
0.000000
0.000000
0.000000
