3.1798390229486007e-11
0.0012443465108699342
1.8898582919663401e-55
0.00011157197007303516
0.81545485499672232
3.5858105314571867e-15
5.060734705660338e-08
0.011057322018048592
6.3913920632070478e-52
4.4848318784571045e-08
0.061526917909921722
6.3411506255547292e-25
2.6076585353129291e-07
0.058623713115405839
2.8386667881655485e-45
0.023960385085456167
0.12934702764086495
4.3184330025004602e-25
2.6467939551866526e-06
0.11131460788501847
8.8657690023893851e-54
0.00032541239053250517
0.094042288851694064
5.6422744339404577e-23
4.5653722027177989e-08
0.43094976734758905
4.5016114383988432e-56
0.045948703513610273
0.33791355339422252
5.4036594272143276e-20
1.8025140209793664e-07
0.5792630507480605
1.2218666537842198e-47
0.031642608770164143
0.0024107057854001286
7.5967678560434451e-20
8.419568441399948e-09
0.21055481671243381
6.3538780711770444e-55
0.0003931761938019315
0.31188894282023533
1.341483921786377e-24
3.5823748262251867e-12
0.73519662983241774
4.2590632712903071e-55
0.0014501621990054812
0.20254161118732311
5.0599666428670509e-24
9.7964483526697897e-15
0.49759820422888923
9.5621045707332502e-71
0.04122314502869822
0.0036129756026741576
2.4481792856123912e-23
4.1644707391952501e-07
0.27237752585732949
9.1077805673746154e-54
4.4511876170137551e-06
0.73161830722967058
5.3698541402797123e-18
5.9841102302107421e-07
0.060320900869315103
1.2102926489832893e-52
0.0010442143195937767
0.61763640286805321
1.4256659118166194e-15
3.6603533590272094e-05
0.0946382045288051
9.1332158766534555e-60
1.3390081028967328e-06
0.63552601928615249
2.6527172133548862e-23
1.6447650791501554e-05
0.72548099595289206
2.500253731199627e-51
9.1966409804297034e-06
0.036197487250962841
1.0452246654433592e-20
2.4878870750040915e-11
0.21111455979567775
1.0675606473475705e-58
1.201296594189599e-06
0.55092047623182738
6.3587926566743884e-35
1.4502643684549874e-09
0.34316681067713212
2.1824916512368055e-52
0.019856430089437715
0.79106425901090927
5.8551868019849134e-14
7.5914924778810062e-07
0.03738069059418539
5.0818936227076129e-52
0.060952934483080833
0.010828811419485917
1.6045743788676601e-26
1.4806823275533642e-11
0.86636960108876737
2.0394551035118244e-55
0.0039334150087714844
