0.000005
0.000105
0.000000
0.000000
0.000000
0.035884
0.000000
0.004113
0.000000
0.000000
0.000000
0.412513
0.000000
0.010225
0.000000
0.000000
0.000002
0.045834
0.000018
0.000001
0.000000
0.000000
0.000000
0.564229
0.000003
0.000000
0.000000
0.000000
0.000000
0.630546
0.000004
0.000011
0.000000
0.000000
0.000000
0.048477
0.000001
0.000015
0.000000
0.000000
0.000000
0.046145
0.000000
0.000104
0.000000
0.000000
0.000000
0.416547
0.000000
0.000003
0.000000
0.000000
0.000000
0.155515
0.000000
0.000030
0.000000
0.000000
0.000000
0.072240
0.000000
0.000046
0.000000
0.000000
0.000004
0.000661
0.000000
0.000270
0.000000
0.000000
0.000000
0.000123
0.000000
0.000000
0.000000
0.000000
0.000000
0.343615
0.000008
0.000000
0.000000
0.000000
0.000000
0.142096
0.000001
0.015591
0.000000
0.000000
0.000000
0.003091
0.000001
0.000077
0.000000
0.000000
0.000000
0.038089
0.000013
0.000000
0.000000
0.000000
