0.007360
0.000000
0.000000
0.000000
0.000000
0.000000
0.381270
0.000000
0.000000
0.000000
0.000000
0.000000
0.088917
0.000000
0.000000
0.000000
0.000000
0.000000
0.019700
0.000000
0.000000
0.000000
0.000000
0.000000
0.372514
0.000000
0.000000
0.000000
0.000000
0.000000
0.003996
0.000000
0.000000
0.000000
0.000000
0.000000
0.079865
0.000000
0.000000
0.000000
0.000000
0.000000
0.484702
0.000000
0.000000
0.000000
0.000000
0.000000
0.004489
0.000000
0.000000
0.000000
0.000000
0.000000
0.057210
0.000000
0.000000
0.000000
0.000000
0.000000
0.639440
0.000000
0.000000
0.000000
0.000453
0.000000
0.010951
0.000000
0.000000
0.000000
0.000000
0.000000
0.260952
0.000000
0.000000
0.000000
0.000000
0.000000
0.068880
0.000000
0.000000
0.000000
0.000000
0.000000
0.148212
0.000000
0.000000
0.000000
0.000000
0.000000
0.007087
0.000000
0.000000
0.000000
0.000000
0.000000
0.295616
0.000000
0.000000
0.000000
