2.0852153694305361e-29
1.2547474962131382e-11
1.3093597799503952e-172
1.579442023305384e-113
4.906346371998643e-32
1.9109497596677709e-15
2.9972156822519166e-43
8.6887192631600482e-11
1.2315428952166609e-183
4.2385086933755536e-124
1.1766584013140611e-33
1.1747065948701788e-13
8.7277427953592856e-31
1.3400069468600175e-12
6.5025070432541504e-197
1.4173519568996571e-130
5.0330093511996574e-18
8.9451878623501061e-22
8.7827161456453269e-39
2.2304464599816271e-11
3.8864017723586953e-183
7.8133628275829163e-122
1.0234140955061159e-24
4.7804386960484973e-13
2.3046450093154343e-35
1.8990505482119266e-14
1.9943211091907041e-188
2.8617655017500594e-116
2.83609200223908e-27
1.6820681927169939e-13
7.4152331786198149e-40
1.4378226205273823e-08
3.6852803033531438e-179
5.2401929482108576e-117
1.5941946624771744e-28
4.1150810339073061e-18
2.3897428631530086e-33
4.7808993561236753e-16
4.7191020082404764e-194
4.9992896681898542e-127
8.1601536767397109e-18
3.3409052260342277e-17
7.3930384523932579e-27
2.7851333763332102e-10
3.8561349627169917e-192
1.0028124043762414e-119
9.8861604421861865e-20
2.9402219476315725e-17
1.3122384263104398e-32
2.1150740945637275e-13
5.6083695701940232e-192
3.1818795784440041e-123
2.2509314551621e-20
4.8061906448349479e-13
2.8282109345396073e-39
1.9543787768597344e-18
7.6323825745467612e-186
1.3801866489712492e-118
1.8242826174187771e-21
7.6158161676236518e-20
1.3350193030492404e-41
6.0407285975885212e-12
9.1848617735754849e-180
4.7786323316510894e-129
3.3481525474975906e-32
1.8158266095326235e-16
8.513416679752945e-27
9.4116950837778059e-10
2.2710933582915565e-180
3.6560240386002254e-117
2.7884239550084888e-24
2.7748177815925349e-13
1.5643912268151286e-41
1.6950491827132855e-10
8.4024778101757754e-178
1.2446605678594449e-116
8.5571235446836681e-24
1.5289013791875197e-18
1.0771071050036191e-34
4.8596447574992608e-16
7.529914158487255e-192
4.7015111578436663e-130
1.0136239385316206e-24
6.0038573978679454e-26
5.3349967203907444e-26
5.0412186860719554e-11
2.1164237728748107e-185
7.9894103076664871e-127
2.1263164224932008e-18
2.6782631041905503e-08
1.7312257623559969e-37
3.8964681307675053e-07
1.320332237715705e-189
1.2705882516197342e-123
2.4715964469300543e-16
7.4608580807678406e-14
1.3913385545829239e-39
2.447222076834446e-08
1.8636247030149124e-180
1.4039432229340207e-119
