0.000000
0.000000
0.022983
0.000000
0.010045
0.000000
0.000000
0.000000
0.000916
0.000000
0.001602
0.000000
0.000000
0.000000
0.047290
0.000000
0.000021
0.000000
0.000000
0.000000
0.009513
0.000099
0.000000
0.000000
0.000000
0.000000
0.014419
0.002112
0.003801
0.000000
0.000000
0.000000
0.385117
0.000000
0.010229
0.000000
0.000000
0.000000
0.000000
0.000000
0.031643
0.000000
0.000000
0.000000
0.289218
0.000000
0.258390
0.000000
0.000000
0.000000
0.011644
0.000000
0.009666
0.000000
0.000000
0.000000
0.020654
0.000000
0.000001
0.000000
0.000000
0.000000
0.092152
0.000000
0.109513
0.000000
0.000000
0.000019
0.378783
0.000000
0.121851
0.000000
0.000000
0.000000
0.005119
0.000000
0.045834
0.000000
0.000000
0.000000
0.000045
0.000000
0.000506
0.000000
0.000000
0.000000
0.545855
0.000000
0.000073
0.000000
0.000000
0.000000
0.001143
0.000045
0.002729
0.000000
0.000000
0.000000
0.004923
0.000000
