0.000000
0.000000
0.000000
0.000000
0.004770
0.023712
0.000000
0.000000
0.000000
0.000000
0.000546
0.000000
0.000000
0.000000
0.000000
0.000000
0.000217
0.003999
0.000000
0.000000
0.000000
0.000000
0.143808
0.000000
0.000000
0.000000
0.000000
0.000000
0.044247
0.000000
0.000000
0.000000
0.000000
0.000000
0.131136
0.000000
0.000000
0.000000
0.000000
0.000000
0.005675
0.000004
0.000000
0.000000
0.000000
0.000000
0.010064
0.000000
0.000000
0.000000
0.000000
0.000000
0.004579
0.000002
0.000000
0.000000
0.000000
0.000000
0.046756
0.000001
0.000000
0.000000
0.000000
0.000000
0.004131
0.000005
0.000000
0.000000
0.000000
0.000000
0.221783
0.000207
0.000000
0.000000
0.000000
0.000000
0.057570
0.000117
0.000000
0.000000
0.000000
0.000000
0.000378
0.000001
0.000000
0.000000
0.000000
0.000000
0.076419
0.000314
0.000000
0.000000
0.000000
0.000000
0.000694
0.000000
0.000000
0.000000
0.000000
0.000000
