1.1215332516145801e-07
0.00054487037051028243
2.4568141454873056e-40
4.5813337155014262e-09
1.4061377746030804e-10
2.3438166605994001e-06
0.0013084817602813099
0.025378074319716785
1.3466099414244901e-31
1.1095795261915514e-07
5.5339132633811566e-08
0.0024493918972328652
0.013809705581516247
0.00019378971553693215
6.9215754742170453e-34
1.7865259606628756e-08
1.448022877429722e-08
3.3027527000734611e-09
0.037651479752041445
0.028620858320116696
6.8635809931912023e-37
4.2515904870442944e-08
6.7402441657031732e-06
5.6269350049578721e-11
0.0039129020761915854
0.0025774906770907394
5.661145599012954e-36
1.3663755357386164e-12
1.3237438622361743e-07
3.2087425412653059e-07
2.5824081878165361e-07
0.15992255512151846
1.2657911419480804e-27
0.003186293088693848
1.4242512346430823e-09
4.0325265514934664e-06
0.077386208202406367
0.00067134007855397006
7.7952565062742497e-29
2.1282853862019047e-08
5.8125135600529657e-08
3.1208830127568044e-07
0.036924499030446305
0.048925473082401992
3.136723732591299e-40
6.8156749824564358e-09
5.6037776179554922e-06
5.6978269542020101e-05
3.494627356869239e-09
0.37954710333375957
1.0139904225350162e-30
5.6295996026907105e-09
0.0010031822098311234
9.3056308814525301e-05
8.8477431928546308e-06
0.003512362157507555
7.2512034962066368e-41
9.033229499267417e-05
1.9289067911078973e-05
3.3908645438813135e-06
2.1799987238514939e-06
0.0012599559720224141
2.8699355991241309e-34
5.6317016008131378e-06
0.00025376688481416291
0.00075534030127597993
0.0026488041573965505
0.037842115376867366
1.6475002655357263e-31
2.0605792763061212e-09
1.0996988782954907e-05
0.0016047597573979634
0.0011941617961045167
0.0015758602588450596
2.1445783086996509e-36
4.0647365119728746e-13
1.0630176245540064e-07
2.4867771794782517e-06
0.00026207635563274838
0.00040698293961151659
5.9803739507971305e-36
6.2640844921008426e-08
1.1378461547213202e-05
3.1568897120690153e-11
1.9134840368100442e-05
0.15668043640210577
3.8470182258661022e-35
1.6226998574709122e-12
3.6847279408862971e-05
1.1612918954363991e-10
0.087527776063749868
0.047005226057663767
7.3469243953681347e-35
6.2652004364777274e-09
0.00013428617422300032
9.1655052670855817e-11
7.6405146738520024e-07
0.29033030731920567
2.371054668783919e-34
2.3570512386980802e-07
