7.248975801520318e-30
1.476676752085131e-07
2.7907156841744524e-75
1.0942834055190128e-05
5.7627097578359752e-25
4.9071567955443561e-09
8.0141221405182559e-36
7.3095032189923182e-12
8.050818326151061e-68
6.2683642262576368e-11
2.4720427687903547e-18
1.3348793154635041e-07
7.2667552577538396e-32
0.00058898481030035109
2.3670756559015929e-77
6.8946458081032931e-05
1.1759326852856848e-16
5.2902308452119352e-11
3.643670838671598e-35
3.7204682803295399e-09
7.4489791685738211e-70
5.184186340384645e-11
3.1893898537280413e-20
1.6769383166361153e-09
3.0788776284276222e-30
1.7563635290635057e-10
3.1974120417873291e-78
6.2651149184949083e-06
4.0844263484235207e-18
1.9029781898732004e-10
8.5983025285451359e-30
1.6749238124903091e-08
3.0717195738395695e-70
5.405953381033669e-08
2.2539408459665799e-16
5.9843118082957988e-13
5.3405191932764174e-32
3.6879899676365495e-05
4.3398224603966126e-62
4.3126296604482118e-05
3.9815967324368955e-17
1.9758322975825499e-08
5.4266044973708939e-39
4.4557078186780671e-11
1.4614399438165675e-84
0.0016758252514441317
4.1536661861534109e-20
1.3473612369496853e-07
2.4343882417755729e-29
1.818598256537629e-05
2.3218024929650636e-92
8.3861232671705798e-05
1.0467098443876781e-17
1.4283668910561501e-08
5.6471214346739941e-30
1.9954475723664806e-07
1.7531239933049355e-65
3.8749233941397761e-07
3.3228187165033496e-21
7.594983688327525e-07
1.8795217983826471e-32
3.8432960514088368e-06
5.9292443698683337e-65
3.2051797787647165e-06
5.7625432761014699e-21
0.0022738686505630115
6.8963831449734023e-27
8.5640170618297062e-09
9.329964218113409e-87
3.1331899227991023e-06
3.7026617161204181e-15
2.7379530077530569e-09
4.5091717134521719e-35
1.0390162951108037e-07
5.7190301445663587e-72
8.0593846804073175e-10
1.3473817006447794e-20
8.4235479718754436e-09
1.879433553563176e-29
0.00011348339108097626
1.0678350790866365e-54
1.9602339284178792e-06
3.214706625781341e-25
2.3278047175320604e-14
1.8300505891722673e-38
0.00034904538944515882
3.6703127420418704e-57
4.3748535385919934e-08
2.125416479208278e-14
7.4152239030389507e-05
7.3709377389953614e-37
1.4988693081399567e-12
3.4773907349385906e-78
5.5634054879305132e-06
6.9002189692549626e-20
8.4048825841689823e-11
1.2036456449691767e-32
8.9719723063218674e-06
4.4965647784937668e-78
9.4783657650056809e-08
