4.8603553467065956e-05
1.0712826221694391e-85
7.501791289063955e-246
3.2088227039127265e-217
6.4484859717982426e-36
9.5562546081478335e-72
8.1756450449067618e-10
3.2904262966002607e-78
6.2214880266082292e-238
9.2266837610923654e-204
1.1364244896701842e-37
2.7689883915961997e-75
2.1722657935730592e-09
1.0140682568765454e-82
1.3609838065614931e-226
1.4446789951237203e-220
3.4842701280143954e-32
1.3651608954841927e-69
3.9116173795309739e-10
4.7847754106571191e-89
1.8269585461535512e-234
7.3468078931234904e-197
1.4250868356772228e-35
4.6028025446179987e-72
1.1684626327117936e-07
9.7874426749261588e-93
1.0460637866938101e-230
6.9264189346391947e-214
1.0447907299160175e-36
1.3162167241585117e-79
5.6674834051024188e-07
2.5145215018326287e-87
5.7331563294747741e-218
2.300602043489553e-212
5.2883265098014842e-31
3.3273599392202262e-69
2.4483724988870653e-08
6.8209973633971678e-79
5.9210971979517172e-233
1.6084699154540499e-199
2.6607613286013215e-23
1.0445534407058172e-65
2.6491791711543083e-11
6.2712383221355446e-83
2.1090683740740007e-245
1.195669775213909e-198
1.3324652079945716e-37
5.33694016589469e-74
2.9728397230968296e-07
6.1769415241822382e-82
4.1755424308655092e-238
1.2306655711027309e-208
2.6686093885901314e-32
4.1581937644341485e-63
0.0003718129571557601
2.2916345305476204e-81
1.5848605894410676e-231
1.1221519607358632e-187
1.0262450762120762e-39
8.3027434533020406e-79
8.2823063482753965e-13
6.7135236143711785e-94
5.8397898734911315e-237
2.5266848425077736e-193
6.5133132306463401e-29
5.9346492166898656e-69
4.8248819163391102e-12
7.2678448299476204e-75
2.0368431967611632e-233
1.4109250091315116e-203
2.9852595877805777e-35
1.0761904196509726e-91
6.3836858204735248e-10
5.5107034733467453e-84
1.0693064339420516e-226
1.3223763036347015e-219
5.7572799136805557e-35
1.4351158687622989e-65
0.00027842777229226587
4.9372483117704892e-90
1.2027948218747949e-229
3.0515192589900162e-201
7.7111586043672351e-27
6.3986200060463831e-80
1.0216521075287141e-09
2.2276230672835031e-87
1.668511492312624e-242
8.935691808519883e-200
2.2440283380148208e-33
4.318080785336425e-66
5.4421913873849733e-12
1.2594361018325856e-84
2.8381609774277622e-239
4.9833872055870523e-215
2.7720823871120941e-39
4.6061943619316003e-69
1.9128383558216085e-15
2.0990930739814205e-86
8.4572008119245644e-254
4.8289123055701421e-218
