0.674800
0.150833
0.413010
0.533938
0.974587
0.286881
0.934705
0.658286
0.281756
0.504232
0.117154
0.643674
0.258477
0.034765
0.961321
0.033413
0.020959
0.710498
0.329532
0.007570
0.319279
0.911344
0.618107
0.606940
0.432350
0.126661
0.603007
0.262457
0.661870
0.249416
0.343547
0.750467
0.662611
0.406485
0.495153
0.061203
0.372898
0.521930
0.950898
0.697207
0.273309
0.926404
0.600296
0.485387
0.381063
0.112195
0.985884
0.242057
0.727175
0.993934
0.962470
0.873609
0.744104
0.936746
0.529602
0.880613
0.866009
0.874458
0.906096
0.664128
0.891909
0.676396
0.590303
0.207819
0.044009
0.240784
0.293251
0.992183
0.069530
0.410073
0.136476
0.921563
0.079879
0.741346
0.133630
0.397981
0.212056
0.066163
0.385378
0.766845
0.731483
0.868951
0.323152
0.058228
0.357476
0.120977
0.437711
0.563279
0.970004
0.838427
0.603284
0.303605
0.856256
0.544604
0.315180
0.058577
0.321811
0.706895
0.527376
0.864180
