0.511824
0.235622
0.435391
0.941010
0.703945
0.314416
0.165137
0.596112
0.536575
0.695058
0.361769
0.109156
0.974472
0.007861
0.061207
0.338063
0.099353
0.367057
0.303950
0.413357
0.808780
0.417940
0.062603
0.504134
0.278365
0.236413
0.776410
0.010229
0.248500
0.631227
0.092957
0.879187
0.576844
0.758082
0.171939
0.876033
0.086162
0.123560
0.119708
0.341097
0.467839
0.543187
0.874457
0.561915
0.163922
0.524776
0.579579
0.708404
0.290968
0.205513
0.024576
0.087266
0.209116
0.031240
0.238797
0.661386
0.393105
0.964904
0.850877
0.638355
0.738380
0.433040
0.528695
0.208392
0.944194
0.310583
0.083988
0.652710
0.328074
0.628386
0.024832
0.495239
0.434215
0.788699
0.804134
0.381030
0.793321
0.407670
0.863438
0.061484
0.357573
0.025483
0.982448
0.876033
0.667196
0.250969
0.801041
0.880765
0.528695
0.759605
0.574116
0.260166
0.354446
0.714365
0.120662
0.422553
0.261862
0.863438
0.899732
0.331051
