0
4.8885117901700687e-147
0
0
0
0
0
6.3852030813934686e-128
0
0
0
0
0
1.645257503115849e-137
0
0
0
0
0
9.2300720291434259e-153
0
0
0
0
0
1.3286926953229538e-153
0
0
0
0
0
4.3747929356240924e-132
0
0
0
0
0
3.1119825076248919e-142
0
0
0
0
0
4.2041022618162314e-126
0
0
0
0
0
1.7484232799562852e-148
0
0
0
0
0
7.9095477186785657e-142
0
0
0
0
0
8.0728427413560645e-131
0
0
0
0
0
1.0331038589196182e-151
0
0
0
0
0
1.3123050319752536e-138
0
0
0
0
0
1.5787740926089484e-130
0
0
0
0
0
3.6715447530692766e-133
0
0
0
0
0
5.1755286666637065e-137
0
0
0
0
0
4.14728528456616e-138
0
0
