0.15625119388314765
0.30380681811147614
0.55982391825292832
0.80907692177275969
0.79835455911989106
0.34051073007321397
0.60337490414875172
0.7144431313271784
0.92355963079236159
0.88384752670278632
0.35982079381934418
0.28595241916680225
0.36390142664884251
0.17626211459168398
0.07276091273079531
0.50049661208215523
0.63806075026444575
0.48071246940263973
0.62820033145642362
0.55685206997143588
0.47444470927519888
0.22676026314999792
0.38956479226030666
0.45085905060336395
0.41817112600464945
0.62974091779457364
0.088541770831204
0.62407214884405415
0.93315013124058932
0.1605893782971447
0.21893995558718679
0.87979925612543242
0.84814044452648352
0.0061602109901268695
0.69826962780351121
0.3465124175830625
0.11696352263723658
0.86288004944905772
0.78387990811252628
0.093785322960350123
0.1035725406342725
0.21361353682857273
0.1730562405293567
0.12868421771367439
0.95367221377720124
0.87858478990253186
0.56345311062110315
0.011767330691195335
0.24711714999689932
0.74530146019192967
0.7237315052392268
0.96555021727517965
0.91667889212329356
0.58240113843852837
0.017213570089357231
0.13840156768191395
0.19339385601514597
0.82238817889336924
0.050321664672732344
0.68836515454514502
0.33067388514888052
0.90610239358360911
0.49205606746573105
0.52291698416365495
0.1454843447562385
0.0042898388912106736
0.74909605669201129
0.92047381942831852
0.36507951856735688
0.29457285038406383
0.3245578934164115
0.99380088784221121
0.18360025009247469
0.26469984862447404
0.76179204741235806
0.97797946061301
0.90785852861588523
0.95568775031264364
0.45718284583662416
0.46681244601436439
0.18282367628918492
0.12203818308378279
0.43059855688032844
0.23722067689934881
0.51760117114304749
0.19540536456160271
0.82029288856604476
0.3245064567199003
0.033287563813981826
0.7523718759542497
0.54852924163387007
0.84140375906379106
0.63482569109867115
0.35522766831323127
0.77431192839600016
0.81873684986966677
0.3662208032450775
0.54867685237262886
0.95489213290753794
0.082008703266795768
