0
0
0
1.4291357737298089e-79
0
0
0
0
0
1.3039788815211208e-129
0
0
0
0
0
2.2755032531754073e-80
0
0
0
0
0
2.2515032080930009e-141
0
0
0
0
0
2.2460338141361e-69
0
0
0
0
0
1.8269349169263858e-138
0
0
0
0
0
1.5053776781816939e-72
0
0
0
0
0
2.3913877578793635e-145
0
0
0
0
0
8.9453096030177541e-91
0
0
0
0
0
6.4032495449553971e-148
0
0
0
0
0
9.6600869919604198e-82
0
0
0
0
0
1.1697976371001787e-128
0
0
0
0
0
1.9636538294091986e-74
0
0
0
0
0
2.6649847252149202e-130
0
0
0
0
0
3.1897747731802896e-82
0
0
0
0
0
1.9191347409199091e-135
0
0
0
0
0
1.2302995037797074e-79
0
0
0
0
0
3.3569756094555686e-131
0
0
0
0
0
2.6509274076969825e-83
0
0
0
0
0
4.3059698186290793e-115
0
0
0
0
0
2.2178890730769938e-67
0
0
0
0
0
1.9195630186456926e-116
0
0
0
0
0
2.3370447449539236e-78
0
0
0
0
0
3.5215699679715217e-125
0
0
0
0
0
1.4433163297487107e-76
0
0
0
0
0
4.6771439094445029e-121
0
0
0
0
0
1.3408717700661045e-76
0
0
0
0
0
2.6256857278301843e-130
0
0
0
0
0
3.5299716046378991e-80
0
0
0
0
0
3.5850999563558538e-112
0
0
0
0
0
7.0439418270538729e-83
0
0
0
0
0
7.6566426523359335e-121
0
0
0
0
0
1.2504575794685134e-60
0
0
0
0
