0.000000
0.258944
0.000000
0.864788
0.790153
0.000000
0.330521
0.000000
0.000000
0.784319
0.779413
0.000000
0.206335
0.000000
0.055948
0.000000
0.000000
0.000000
0.000000
0.335825
0.372396
0.883107
0.000000
0.065206
0.000000
0.000000
0.000000
0.347764
0.000000
0.000000
0.376994
0.000000
0.260670
0.000000
0.000000
0.000000
0.998696
0.034709
0.932987
0.000000
0.181418
0.000000
0.000000
0.000000
0.743570
0.685499
0.949551
0.027542
0.959176
0.978163
0.502045
0.544182
0.000000
0.000000
0.505941
0.000000
0.626968
0.729179
0.000000
0.616284
0.475733
0.000000
0.000000
0.000000
0.644625
0.885469
0.776510
0.000000
0.937993
0.971565
0.000000
0.125343
0.000000
0.000000
0.546219
0.000000
0.324157
0.000000
0.560935
0.057249
0.604588
0.785169
0.951935
0.697892
0.000000
0.720315
0.874564
0.708321
0.000000
0.000000
0.169696
0.883604
0.997889
0.448598
0.546684
0.943499
0.000000
0.207065
0.110998
0.477374
