0
0.68022288786965879
0
0.66377360424731091
0.7368968564482985
0
0.60822498829045823
0
0
0.67528460418965919
0.91780248897996963
0
0.67762407645410661
0
0.090027601646326921
0
0
0
0
0.89151945600757154
0.32017289286558881
0.68291287339667328
0
0.034978980833793458
0
0
0
0.034907846649491259
0
0
0.29350741061080998
0
0.23135815845358315
0
0
0
0.31860437650087076
0.10504236953904567
0.15797246118576658
0
0.31925679054080353
0
0
0
0.51953260102756249
0.62619284672214282
0.82341237528921696
0.22567053637224993
0.92206301371641253
0.13157353593724866
0.48792646697598929
0.86879609164190907
0
0
0.63921982990935378
0
0.99517870060794877
0.59017955162598867
0
0.44058075606970326
0.21634411777908033
0
0
0
0.2637157749126483
0.7730922596682499
0.77361992355076614
0
0.96094443244822669
0.44616433392046795
0
0.20541004391649983
0
0
0.93726020097756801
0
0.9296232162271798
0
0.41724502840113609
0.84076309837536733
0.70286983222778066
0.45543468413066512
0.26632776982233469
0.99190231206966606
0
0.94629821628375277
0.35433787933490046
0.035327633274918301
0
0
0.11534100384223517
0.4313115168222611
0.22409923144236796
0.38224476561567056
0.72632356097824791
0.66302596523060731
0
0.62788211281398798
0.28123321566828818
0.58250797301503776
