0
0.92607488144164374
0
0.18024174067046866
0.68764697534830366
0
0.51052481685659168
0
0
0.18969584921412549
0.16220225240130656
0
0.70395566224834893
0
0.72066783668219836
0
0
0
0
0.39526242912817527
0.39350045606997952
0.99660280027293269
0
0.23184790283279294
0
0
0
0.19454112059117543
0
0
0.24330533939739815
0
0.09974511745803763
0
0
0
0.77280374601424995
0.97528802039548435
0.57185631748180599
0
0.70449248290428623
0
0
0
0.13252776907204469
0.52554721649837977
0.3746814436013356
0.1865795609002171
0.51694275374554199
0.95416273836713206
0.24347386034743701
0.50489212727900568
0
0
0.16285813772013891
0
0.3481824628250948
0.018934389851950985
0
0.31545605639582547
0.10498784349335517
0
0
0
0.2474979028601654
0.85397788813390707
0.25912725947207443
0
0.33367957568286466
0.29536449304845497
0
0.65496752209631592
0
0
0.26247974265532537
0
0.39415742998202691
0
0.062027781081923382
0.16746320012633603
0.55136608641472962
0.22485966820443126
0.19311377873620886
0.15433859567504918
0
0.93108265529668099
0.20821309171268812
0.32295537338051683
0
0
0.39226900038706353
0.37962696298011767
0.81127947539639367
0.15923071872595543
0.5545242627711281
0.87829856681652785
0
0.85904719835879195
0.98422689090456761
0.75938889342891169
