0.000000
0.279823
0.000000
0.835340
0.578653
0.000000
0.388267
0.000000
0.000000
0.032920
0.870349
0.000000
0.155144
0.000000
0.093216
0.000000
0.000000
0.000000
0.000000
0.969718
0.694411
0.679418
0.000000
0.081710
0.000000
0.000000
0.000000
0.131684
0.000000
0.000000
0.992858
0.000000
0.399121
0.000000
0.000000
0.000000
0.804948
0.673940
0.906611
0.000000
0.800673
0.000000
0.000000
0.000000
0.907923
0.209223
0.532051
0.819027
0.125780
0.514141
0.600409
0.507336
0.000000
0.000000
0.455293
0.000000
0.966377
0.778300
0.000000
0.520771
0.977816
0.000000
0.000000
0.000000
0.675603
0.730656
0.806012
0.000000
0.225683
0.901105
0.000000
0.183130
0.000000
0.000000
0.581993
0.000000
0.341509
0.000000
0.755844
0.061074
0.779590
0.858918
0.829864
0.945243
0.000000
0.970246
0.162234
0.285199
0.000000
0.000000
0.058612
0.987089
0.761596
0.619398
0.828793
0.268431
0.000000
0.417100
0.481303
0.391526
