0.000000
0.936243
0.000000
0.808240
0.290326
0.000000
0.604451
0.000000
0.000000
0.462862
0.668709
0.000000
0.794981
0.000000
0.795704
0.000000
0.000000
0.000000
0.000000
0.858755
0.520315
0.269683
0.000000
0.664956
0.000000
0.000000
0.000000
0.681516
0.000000
0.000000
0.509133
0.000000
0.681854
0.000000
0.000000
0.000000
0.235976
0.165489
0.211395
0.000000
0.826510
0.000000
0.000000
0.000000
0.833127
0.685496
0.639780
0.979061
0.942053
0.270446
0.456865
0.683233
0.000000
0.000000
0.121319
0.000000
0.526996
0.886953
0.000000
0.396459
0.950173
0.000000
0.000000
0.000000
0.850698
0.248288
0.209466
0.000000
0.545881
0.950790
0.000000
0.181103
0.000000
0.000000
0.993278
0.000000
0.453790
0.000000
0.662900
0.511172
0.293936
0.686453
0.987732
0.878608
0.000000
0.978032
0.425600
0.749988
0.000000
0.000000
0.051944
0.639572
0.658556
0.659640
0.393267
0.547883
0.000000
0.040220
0.364193
0.087380
