0.000000
0.000000
0.000000
0.000000
0.000000
0.000000
0.000000
0.000000
0.228606
0.695945
0.926075
0.995426
0.936243
0.279823
0.680223
0.258944
0.000000
0.000000
0.000000
0.000000
0.000000
0.000000
0.000000
0.000000
0.044402
0.177871
0.180242
0.763852
0.808240
0.835340
0.663774
0.864788
0.419221
0.041166
0.687647
0.218681
0.290326
0.578653
0.736897
0.790153
0.000000
0.000000
0.000000
0.000000
0.000000
0.000000
0.000000
0.000000
0.369579
0.007579
0.510525
0.167577
0.604451
0.388267
0.608225
0.330521
0.000000
0.000000
0.000000
0.000000
0.000000
0.000000
0.000000
0.000000
0.000000
0.000000
0.000000
0.000000
0.000000
0.000000
0.000000
0.000000
0.949160
0.536335
0.189696
0.954601
0.462862
0.032920
0.675285
0.784319
0.957890
0.900915
0.162202
0.225678
0.668709
0.870349
0.917802
0.779413
0.000000
0.000000
0.000000
0.000000
0.000000
0.000000
0.000000
0.000000
0.659965
0.976390
0.703956
0.894409
0.794981
0.155144
0.677624
0.206335
0.000000
0.000000
0.000000
0.000000
0.000000
0.000000
0.000000
0.000000
0.484303
0.757752
0.720668
0.653074
0.795704
0.093216
0.090028
0.055948
0.000000
0.000000
0.000000
0.000000
0.000000
0.000000
0.000000
0.000000
0.000000
0.000000
0.000000
0.000000
0.000000
0.000000
0.000000
0.000000
0.000000
0.000000
0.000000
0.000000
0.000000
0.000000
0.000000
0.000000
0.000000
0.000000
0.000000
0.000000
0.000000
0.000000
0.000000
0.000000
0.716112
0.745397
0.395262
0.246216
0.858755
0.969718
0.891519
0.335825
0.405924
0.821202
0.393500
0.909452
0.520315
0.694411
0.320173
0.372396
0.730168
0.967803
0.996603
0.423155
0.269683
0.679418
0.682913
0.883107
0.000000
0.000000
0.000000
0.000000
0.000000
0.000000
0.000000
0.000000
0.841186
0.438014
0.231848
0.130623
0.664956
0.081710
0.034979
0.065206
0.000000
0.000000
0.000000
0.000000
0.000000
0.000000
0.000000
0.000000
0.000000
0.000000
0.000000
0.000000
0.000000
0.000000
0.000000
0.000000
0.000000
0.000000
0.000000
0.000000
0.000000
0.000000
0.000000
0.000000
0.148792
0.228495
0.194541
0.421420
0.681516
0.131684
0.034908
0.347764
0.000000
0.000000
0.000000
0.000000
0.000000
0.000000
0.000000
0.000000
0.000000
0.000000
0.000000
0.000000
0.000000
0.000000
0.000000
0.000000
0.527285
0.217892
0.243305
0.701607
0.509133
0.992858
0.293507
0.376994
0.000000
0.000000
0.000000
0.000000
0.000000
0.000000
0.000000
0.000000
0.833866
0.696527
0.099745
0.092373
0.681854
0.399121
0.231358
0.260670
0.000000
0.000000
0.000000
0.000000
0.000000
0.000000
0.000000
0.000000
0.000000
0.000000
0.000000
0.000000
0.000000
0.000000
0.000000
0.000000
0.000000
0.000000
0.000000
0.000000
0.000000
0.000000
0.000000
0.000000
0.195712
0.496207
0.772804
0.091623
0.235976
0.804948
0.318604
0.998696
0.559678
0.056349
0.975288
0.850091
0.165489
0.673940
0.105042
0.034709
0.325910
0.671575
0.571856
0.839812
0.211395
0.906611
0.157972
0.932987
0.000000
0.000000
0.000000
0.000000
0.000000
0.000000
0.000000
0.000000
0.777277
0.881117
0.704492
0.699303
0.826510
0.800673
0.319257
0.181418
0.000000
0.000000
0.000000
0.000000
0.000000
0.000000
0.000000
0.000000
0.000000
0.000000
0.000000
0.000000
0.000000
0.000000
0.000000
0.000000
0.000000
0.000000
0.000000
0.000000
0.000000
0.000000
0.000000
0.000000
0.041322
0.168172
0.132528
0.257889
0.833127
0.907923
0.519533
0.743570
0.936283
0.604647
0.525547
0.934447
0.685496
0.209223
0.626193
0.685499
0.436286
0.245623
0.374681
0.890801
0.639780
0.532051
0.823412
0.949551
0.012493
0.187282
0.186580
0.894878
0.979061
0.819027
0.225671
0.027542
0.842977
0.563396
0.516943
0.975362
0.942053
0.125780
0.922063
0.959176
0.043129
0.184394
0.954163
0.965845
0.270446
0.514141
0.131574
0.978163
0.781492
0.694436
0.243474
0.426152
0.456865
0.600409
0.487926
0.502045
0.416094
0.058007
0.504892
0.909135
0.683233
0.507336
0.868796
0.544182
0.000000
0.000000
0.000000
0.000000
0.000000
0.000000
0.000000
0.000000
0.000000
0.000000
0.000000
0.000000
0.000000
0.000000
0.000000
0.000000
0.353689
0.354439
0.162858
0.408691
0.121319
0.455293
0.639220
0.505941
0.000000
0.000000
0.000000
0.000000
0.000000
0.000000
0.000000
0.000000
0.394798
0.553526
0.348182
0.668804
0.526996
0.966377
0.995179
0.626968
0.590837
0.411314
0.018934
0.371501
0.886953
0.778300
0.590180
0.729179
0.000000
0.000000
0.000000
0.000000
0.000000
0.000000
0.000000
0.000000
0.176276
0.207575
0.315456
0.786647
0.396459
0.520771
0.440581
0.616284
0.278968
0.205715
0.104988
0.828501
0.950173
0.977816
0.216344
0.475733
0.000000
0.000000
0.000000
0.000000
0.000000
0.000000
0.000000
0.000000
0.000000
0.000000
0.000000
0.000000
0.000000
0.000000
0.000000
0.000000
0.000000
0.000000
0.000000
0.000000
0.000000
0.000000
0.000000
0.000000
0.103650
0.061656
0.247498
0.439430
0.850698
0.675603
0.263716
0.644625
0.487462
0.279581
0.853978
0.060394
0.248288
0.730656
0.773092
0.885469
0.447356
0.363497
0.259127
0.243965
0.209466
0.806012
0.773620
0.776510
0.000000
0.000000
0.000000
0.000000
0.000000
0.000000
0.000000
0.000000
0.002276
0.850581
0.333680
0.370047
0.545881
0.225683
0.960944
0.937993
0.455325
0.747915
0.295364
0.696149
0.950790
0.901105
0.446164
0.971565
0.000000
0.000000
0.000000
0.000000
0.000000
0.000000
0.000000
0.000000
0.736253
0.403054
0.654968
0.064378
0.181103
0.183130
0.205410
0.125343
0.000000
0.000000
0.000000
0.000000
0.000000
0.000000
0.000000
0.000000
0.000000
0.000000
0.000000
0.000000
0.000000
0.000000
0.000000
0.000000
0.461065
0.658589
0.262480
0.544690
0.993278
0.581993
0.937260
0.546219
0.000000
0.000000
0.000000
0.000000
0.000000
0.000000
0.000000
0.000000
0.007711
0.345314
0.394157
0.109851
0.453790
0.341509
0.929623
0.324157
0.000000
0.000000
0.000000
0.000000
0.000000
0.000000
0.000000
0.000000
0.063802
0.486617
0.062028
0.180933
0.662900
0.755844
0.417245
0.560935
0.228614
0.254521
0.167463
0.909044
0.511172
0.061074
0.840763
0.057249
0.993754
0.923513
0.551366
0.037953
0.293936
0.779590
0.702870
0.604588
0.986439
0.917282
0.224860
0.433462
0.686453
0.858918
0.455435
0.785169
0.929235
0.995723
0.193114
0.513931
0.987732
0.829864
0.266328
0.951935
0.090347
0.081689
0.154339
0.707506
0.878608
0.945243
0.991902
0.697892
0.000000
0.000000
0.000000
0.000000
0.000000
0.000000
0.000000
0.000000
0.758121
0.467299
0.931083
0.497788
0.978032
0.970246
0.946298
0.720315
0.976157
0.644307
0.208213
0.627958
0.425600
0.162234
0.354338
0.874564
0.852315
0.668900
0.322955
0.264756
0.749988
0.285199
0.035328
0.708321
0.000000
0.000000
0.000000
0.000000
0.000000
0.000000
0.000000
0.000000
0.000000
0.000000
0.000000
0.000000
0.000000
0.000000
0.000000
0.000000
0.188905
0.227484
0.392269
0.523377
0.051944
0.058612
0.115341
0.169696
0.336066
0.809432
0.379627
0.235841
0.639572
0.987089
0.431312
0.883604
0.423523
0.160951
0.811279
0.729604
0.658556
0.761596
0.224099
0.997889
0.393508
0.773776
0.159231
0.806485
0.659640
0.619398
0.382245
0.448598
0.746997
0.753946
0.554524
0.355484
0.393267
0.828793
0.726324
0.546684
0.427200
0.592712
0.878299
0.263892
0.547883
0.268431
0.663026
0.943499
0.000000
0.000000
0.000000
0.000000
0.000000
0.000000
0.000000
0.000000
0.989331
0.785228
0.859047
0.232988
0.040220
0.417100
0.627882
0.207065
0.562344
0.964086
0.984227
0.565828
0.364193
0.481303
0.281233
0.110998
0.542509
0.742745
0.759389
0.214140
0.087380
0.391526
0.582508
0.477374
