0.32942369623183088
0.67722851165519304
0.7991060871143072
0.92821034277142456
0.860298469899764
0.71951974485983339
0.10058994017399515
0.13586415480006675
0.27610841222272248
0.41606358725102621
0.67678976937567414
0.20625618708803908
0.0231257729875914
0.02886039336362748
0.33028667202905143
0.39825374615278197
0.85564992967829179
0.69279369394640666
0.22321172210323578
0.34318526819839146
0.16096944668354651
0.59602874032022224
0.95344676100706482
0.6107107922795656
0.63597002057763641
0.52082180360045371
0.44956754286593603
0.40509480462148989
0.69074591989739276
0.85412341998827623
0.85225040031445654
0.049704773504372864
0.28235274880328592
0.17243641077729929
0.43384719846294428
0.75524199104542311
0.8688143452641317
0.8997445279835361
0.24381884334883139
0.073638568489741291
0.85131149737413669
0.040270252662228244
0.47310915940867937
0.86136820719162277
0.37559977900989289
0.88174536572466045
0.49397250916354141
0.17948712865601266
0.56478296341725609
0.13668233908192964
0.89959914240134164
0.22398903928065153
0.37590075452070981
0.38624087186853684
0.059641591990880267
0.38107322548984485
0.8315607872311026
0.6043159340716644
0.11356366557647654
0.52176972214089945
0.40374744841262933
0.59754887002943669
0.52060107898444219
0.38954768246594468
0.68079785930705961
0.43672946606452645
0.43211021134124805
0.080407374666992035
0.20026918523402715
0.49990417285198208
0.051546526546393585
0.61150470023558867
0.2462916506106419
0.49027121924719164
0.96150268782594972
0.25576620993424071
0.068759979796760171
0.6897437669242017
0.31924442455954638
0.21440506302626061
0.96940213011098064
0.65300227211360107
0.4859629017711774
0.71655023414998431
0.0010938703417165559
0.12035904899931037
0.65539428854921233
0.53792225110659109
0.56772661790252199
0.68343950476806548
0.46812639062561345
0.27706806554411206
0.98933304638127528
0.60746982516742665
0.070541216926977499
0.64480577939332773
0.65655790432895955
0.40484756860211185
0.33153125537000838
0.70706222996053403
