0.31450274404814271
0.10111047325788498
0.82618392662965745
0.38099499948634891
0.44088436179393009
0.75696058652094922
0.22613719477552482
0.1358361486400689
0.87252558548250914
0.52469559907938956
0.36187720708208571
0.98273610146028523
0.38327629213411291
0.40901881292664377
0.3229396954309241
0.928845396790973
0.43458926544510618
0.25884757523139162
0.85450250668897199
0.76786388969422181
0.022612672680112657
0.6116487313913912
0.25900831509528077
0.79691729237347153
0.83112996299983499
0.012957763929160031
0.071967655727534302
0.57146470934386606
0.16104349054165984
0.25924952323626521
0.14822036462118832
0.55291200181128985
0.78642882903417954
0.80404023744832909
0.18975984557855757
0.0077094970677069391
0.9419004485938145
0.52609012827722101
0.55835255305215625
0.75632940926579217
0.47804071891713185
0.66729241847366794
0.83660961827427838
0.26215319943253707
0.55627639909674564
0.40853438273991655
0.25373172789696968
0.24311985371641667
0.37597238915626796
0.10717395544899519
0.62017512421332865
0.19847765966882258
0.41873701356492588
0.48959606385987564
0.60596744277099623
0.66179955966073667
0.81203365968142938
0.81936058009754598
0.35092197750710613
0.94541722497602765
0.12612009981297367
0.24906377143323349
0.59735661326999978
0.59045453082254729
0.99547403217662256
0.86884538853791204
0.13909563951813805
0.56319103776037305
0.059822338374677687
0.7969885561327168
0.57441264133801961
0.98953395322647175
0.52778312387103865
0.8339786857711069
0.5767681740284214
0.29551769887714124
0.8651480568996408
0.52359972101056318
0.63148738806548566
0.0062982452733764431
0.89914580092104512
0.2988744230689333
0.5561774985308956
0.12926823120827682
0.80236135678215625
0.7505298870279975
0.35119897385369192
0.29483133127162336
0.23564803183137045
0.78517908143032666
0.46154528417876045
0.51113829340989581
0.35110663270235798
0.54240158817360407
0.60972537835108698
0.30068917960099284
0.28487988739877784
0.027349859908939532
0.52917703776714131
0.53564451076125907
