0.64673611619859339
0.87373603077651252
0.58476487143926081
0.13451250026402134
0.10129714867578239
0.36423002892065981
0.079821494031508552
0.11001639671527255
0.83732068368094992
0.71870638750761939
0.64330816824156578
0.37550163850946483
0.1722602520587779
0.29111669527984979
0.60155731124847966
0.20151362255886848
0.20824329478444054
0.96346110707359089
0.57148100517904654
0.67057793725275217
0.85990496913803482
0.80480945717799357
0.34194397939801613
0.64168626863707101
0.53869125521789596
0.85567378306495345
0.05934784737332946
0.47554241375723705
0.62111693715595506
0.49666006708795774
0.4322766558615545
0.033170080480259004
0.14649134043276116
0.17004023663188392
0.81859666944592813
0.07446588472033791
0.39616681374402718
0.52915734426932826
0.11776872946354079
0.14920197359900869
0.13876503613410623
0.53714273114464617
0.86323183928809621
0.33466312042045671
0.6900146692635184
0.60872937431632534
0.87799928959251861
0.80393284120147501
0.034276105872758082
0.20544101796084521
0.85096366810974777
0.86993250091773788
0.012937241368773564
0.95590794886861474
0.45241355465498301
0.71232157654891493
0.11623877825686452
0.64697005765241833
0.059012611060523766
0.75227896726013033
0.04774702304784887
0.67813069050193153
0.84813158655829135
0.68305893233394088
0.092870648090025001
0.54567348229540791
0.28378532352876573
0.076264097010144083
0.36004609412454719
0.67689160399465309
0.99867808155834159
0.459985513690021
0.65052274742097049
0.24914639939219929
0.40735385566453142
0.80383601362714541
0.38189512423852923
0.014944833892354407
0.72688480872886807
0.58779962088068927
0.46548724397823826
0.79601627561279087
0.18267649341879275
0.3559080485086335
0.75208896548203863
0.11116270119237606
0.63000473001864776
0.2577102136400749
0.32339158167678506
0.19273411116227651
0.97064036859634872
0.53550928381311169
0.57122811887225422
0.20895292128646348
0.283986608358271
0.86222514172910758
0.96274559230873324
0.78602738589051624
0.50530263208274251
0.93274433253957512
