0.20729694008866933
0.55900937567843656
0.7969685755598841
0.096354535677466852
0.68617667372919144
0.74394564170034094
0.92635252967127868
0.42026656827505415
0.95720417410669756
0.24081396451439266
0.12149883484300987
0.38863112014907625
0.36314206995127585
0.27916743637032071
0.84405831715754887
0.48027122743536949
0.11168953875292813
0.15805419462210035
0.920946310757635
0.54603936345606319
0.80525253364488503
0.72249550092518688
0.017562765385328732
0.68630552945230161
0.20305167436210469
0.65208966432530691
0.25528953177171476
0.61772067463286073
0.068699140866840022
0.43345415157002887
0.97133284848198043
0.88134331873874083
0.0140649649876919
0.7922544603679611
0.87864021738064757
0.16540720805627848
0.63305796229531697
0.70279857349236241
0.34129851999851629
0.040888016592712552
0.4946313892273046
0.41307288347387855
0.097554284940721825
0.90948419522173596
0.38110585707769568
0.38697038554952679
0.77473994095444931
0.99651841092661453
0.042870146244147742
0.34315478848962078
0.60625380096550163
0.67147514670723041
0.12946290173767941
0.82760052038638887
0.49744753989625212
0.73782075758680632
0.9756324640172005
0.27650787699623469
0.98870790566421396
0.18157653730885578
0.041519090141125939
0.95469384187760975
0.88407518196232526
0.67801422901108288
0.060421013666161615
0.96255258475510241
0.60883335824681639
0.49621994513900608
0.32289192995649002
0.51795428155194156
0.55428619473999907
0.47810847036555276
0.73520730618139674
0.99606081017368409
0.12612305597748819
0.85089499763195675
0.65383260847637681
0.78048883211260023
0.20137845242410829
0.98584538687582834
0.7324012806756921
0.22935883431629517
0.6051369033216859
0.70531053269414168
0.15104685931487852
0.3634131083357594
0.82825136444195402
0.69182498199969111
0.80207521325095743
0.60499723182360743
0.59202316414451994
0.01654581394964966
0.60401916491766361
0.92129608275622887
0.86704634318344664
0.23896696745801235
0.18247936184198213
0.083980059359518772
0.11465045192802663
0.95937781819684298
