0.313271
0.720137
0.531412
0.129498
0.747443
0.528458
0.965209
0.375924
0.986445
0.218361
0.407238
0.467853
0.727265
0.193052
0.978757
0.696170
0.100741
0.331035
0.839205
0.427901
0.670595
0.750796
0.286131
0.569315
0.258849
0.186488
0.117255
0.569315
0.162833
0.632868
0.756547
0.882360
0.088620
0.368191
0.681204
0.433529
0.943047
0.750388
0.181741
0.000965
0.371761
0.103231
0.076853
0.657118
0.563569
0.629095
0.866360
0.842883
0.023052
0.538130
0.269108
0.449883
0.236515
0.781181
0.099090
0.002248
0.869826
0.341567
0.848388
0.373308
0.033992
0.988079
0.381173
0.516933
0.313904
0.872962
0.301514
0.433730
0.245896
0.526827
0.578156
0.664912
0.531922
0.977501
0.352035
0.979523
0.799459
0.503966
0.542095
0.918081
0.252125
0.684221
0.190894
0.475694
0.223278
0.156765
0.375633
0.299915
0.412008
0.445937
0.534060
0.008534
0.903638
0.773132
0.797579
0.204496
0.094944
0.110297
0.837819
0.761510
