0
0
0
0
7.8304443315444462e-37
0
0
0
0
0
4.590804120412881e-42
0
0
0
0
0
1.8209918044395671e-47
0
0
0
0
0
7.0430542303345994e-49
0
0
0
0
0
6.3840151339450353e-37
0
0
0
0
0
1.4529060128169267e-57
0
0
0
0
0
2.5752908342917167e-49
0
0
0
0
0
7.6951682283119107e-49
0
0
0
0
0
1.0197472638814135e-59
0
0
0
0
0
2.0359233203593439e-33
0
0
0
0
0
1.0249488959270447e-49
0
0
0
0
0
2.1759310780401025e-37
0
0
0
0
0
2.1653162558558507e-41
0
0
0
0
0
1.0962025887571747e-48
0
0
0
0
0
1.2891162979758405e-38
0
0
0
0
0
9.9310828989183009e-45
0
0
0
0
0
