0.772640
0.572737
0.119050
0.280927
0.111482
0.120746
0.417318
0.214056
0.308884
0.700644
0.516981
0.000004
0.743943
0.024722
0.000000
0.000000
0.000000
0.819789
0.000000
0.000000
0.928527
0.806047
0.970726
0.480065
0.245691
0.622553
0.780385
0.669218
0.029508
0.723777
0.683968
0.786866
0.700083
0.457440
0.679619
0.621275
0.995383
0.495794
0.640442
0.000000
0.783052
0.667000
0.000000
0.019371
0.924200
0.885960
0.000000
0.409153
0.289704
0.000000
0.714011
0.996183
0.651096
0.590903
0.262728
0.384679
0.656831
0.004345
0.829764
0.371401
0.118096
0.086702
0.122471
0.422296
0.900279
0.084247
0.515460
0.000000
0.344027
0.416070
0.551128
0.000000
0.000000
0.249054
0.000000
0.333494
0.000831
0.872900
0.609781
0.000000
0.000000
0.000000
0.000000
0.119281
0.000000
0.901533
0.477744
0.992511
0.000000
0.218580
0.122187
0.435859
0.532894
0.000000
0.553683
0.646707
0.434119
0.381562
0.000000
0.855631
