0.32047901387520683
0.75235029750570526
0.786302310283303
0.24712306618559285
0.044227730214868789
0.12037149647295495
0.77701834476548015
0.63675444049682173
0.88293382583131885
0.74284123999098084
0.95700361504471887
0.57976379961555247
0.2117939727057695
0.16186636137556046
0.31772871251853513
0.2298448889696835
0.28231199174467536
0.013124145722874708
0.66095797916219046
0.51845063111104084
0.62159311263987505
0.21706051113162547
0.03390637337227994
0.033680654696641568
0.67018109501979861
0.26115052251244097
0.33206824871067864
0.97230138350475326
0.38311779542934271
0.92850896671466654
0.76672694726063795
0.85444774355374609
0.029998064078123183
0.29448493966387862
0.17592611502028696
0.41700132011527291
0.76380360055554086
0.17672338437426646
0.38143994027637879
0.9058502330520174
0.23173015004431333
0.037797149815841646
0.71677603270251178
0.33490410778092738
0.48030166379985995
0.2969009236588197
0.73158350117751758
0.24467722214578652
0.29024981957178186
0.091425744474529447
0.10642418548480957
0.36002494487934766
0.84142598244582312
0.58417320564888797
0.4409364202382059
0.19140965896037326
0.22072284064571859
0.52277867080312768
0.53021099907351643
0.06565123129682611
0.044927282500593961
0.86969914615389476
0.32153961798822162
0.16772065679554304
0.23349900850679001
0.78989120683871161
0.42822693532971068
0.21683997669166266
0.73800043030421425
0.17945114445018615
0.11950010139991846
0.98611148940569127
0.76155179088813985
0.57340972327100159
0.15671979400938635
0.33257913561386676
0.5082435723974672
0.15976296744791571
0.82151682980062102
0.40247688088400135
0.40790355634475506
0.54963683352019843
0.30098768690664934
0.80628231679566753
0.96062937836336748
0.10809566812482115
0.28169093969051096
0.49189097349058775
0.035989533992955125
0.83867974057349104
0.63277275335481309
0.43855824708316704
0.12799873491764607
0.87130636372093362
0.64862409049449088
0.8880590330890975
0.44601371358066921
0.84262072082447392
0.83551367983542701
0.31329749833240184
