0.805081
0.094488
0.844157
0.643326
0.147864
0.576112
0.420265
0.833818
0.777981
0.156774
0.837510
0.962901
0.682494
0.304213
0.396116
0.686027
0.001174
0.447108
0.152676
0.399474
0.245385
0.604505
0.562017
0.940553
0.377580
0.738450
0.284258
0.767267
0.323772
0.620342
0.761940
0.861419
0.055407
0.982700
0.152619
0.357868
0.438114
0.872074
0.532268
0.133197
0.597127
0.144535
0.822680
0.938246
0.466850
0.571154
0.432023
0.599351
0.142307
0.706977
0.321112
0.824135
0.552153
0.343814
0.483318
0.212194
0.423731
0.215492
0.188802
0.876002
0.544864
0.005001
0.512174
0.545739
0.150132
0.598282
0.196824
0.260187
0.004365
0.427772
0.272262
0.611947
0.718509
0.754589
0.001863
0.143820
0.888322
0.040789
0.963301
0.869682
0.441247
0.044434
0.702843
0.188727
0.345930
0.960607
0.673783
0.487889
0.119786
0.960500
0.168645
0.636984
0.691564
0.070954
0.922133
0.255395
0.858531
0.539327
0.731517
0.048721
