0.34286828551518578
0.64749857661234178
0.47726919651311339
0.16787806578266709
0.28880289325089148
0.82859695541051526
0.43555115395366678
0.096477013602210504
0.94009831928717325
0.0052411570078200933
0.85613903245017675
0.30643682322019317
0.31450443275274759
0.18546680347225747
0.14353645939489026
0.4758795085515114
0.041112821832823901
0.2645650057333459
0.24050239218283037
0.21480468161907487
0.85455904763548995
0.94477632563347724
0.45330672562957275
0.2062318852776196
0.054028304836228738
0.44142099990014577
0.8124599933881802
0.17442903783565059
0.78077359977214877
0.10100022787464785
0.02111417280036049
0.56059047416120833
0.54986251015286625
0.8921550960401724
0.1197066433973912
0.75884921749988343
0.55477966159273762
0.50805057995581904
0.028338178377809432
0.005223262772798133
0.2536426800613435
0.61699554640788778
0.58101760028086513
0.53275951911562203
0.88076628444590377
0.44641921299180681
0.051668928310890178
0.60976974311828436
0.13506724280045793
0.54196668009787463
0.20854346433000875
0.80420310008451201
0.1364306954327513
0.20058622196927439
0.37787485404377419
0.25593591529002241
0.35185721640079981
0.89193567633834914
0.60321618588721138
0.29541403966564661
0.21300506500034488
0.46898433721317878
0.272802030136235
0.070322872822276644
0.04396428111585008
0.10688608981999355
0.046303612497458249
0.55523913542878489
0.30312261297038395
0.10525232201568988
0.85313680429584948
0.96718715395939903
0.35894539709440576
0.62433820980202093
0.2713704549476651
0.99811315089480246
0.2590566192172799
0.83991196692786296
0.9691401495826405
0.1281135198539865
0.12322284224153453
0.19566900987708513
0.43534403148465367
0.62823313917577894
0.071283963950995163
0.78694082503019813
0.73206600763551399
0.37349280494182518
0.16171879417494078
0.49644660539964136
0.48392926153415272
0.14411663614888401
0.9355284719845135
0.87615991083328026
0.41108867574871544
0.67374894683686848
0.21434483367034424
0.41103719883263112
0.83637587148528802
0.60722288017760839
