0.26877233820059399
0.99411541682210736
0.10306945896339403
0.0046227541955481399
0.3271810226311036
0.020994748280515507
0.52637829106852152
0.35972598224557473
0.024352142337017879
0.34630799549695968
0.8890736861535764
0.030448511708509818
0.67455099629660875
0.073957245343987177
0.73271740263256757
0.77192876323846527
0.39526883616132835
0.26207505161846156
0.14498889156849981
0.20159312584132927
0.36102345840733818
0.2896566879568363
0.63747451810628486
0.63105300597626046
0.37352013652935412
0.64391829805885648
0.16869437692567946
0.52637829106852152
0.32899683479018949
0.11724866039350323
0.36954040008593303
0.30026941267369445
0.053795291234297826
0.13449979729176498
0.91026080758899086
0.59127970453963319
0.67922222625262552
0.79034222511209218
0.97402487658624448
0.55875972411817987
0.48788919881905524
0.72708349622964663
0.17159272057567332
0.11539213923674718
0.94255528309063963
0.50896065856285477
0.82891168737772869
0.8750523920604758
0.94142125797779763
0.96232006184712215
0.78942728576762455
0.51060433765062574
0.88136007867412114
0.25103625593696943
0.11022200486547651
0.55962626407095906
0.99949251210166734
0.93316834568211116
0.46272667402358092
0.91979678510794516
0.79217007778207371
0.14090189209069059
0.036747385912787367
0.29857437894059125
0.46118275849383839
0.55875972411817987
0.91779382292609513
0.019932390126553123
0.83414696800713095
0.66058008090912423
0.22592869960854212
0.17939260870371609
0.66988646416814235
0.48549371815552611
0.30026941267369445
0.086559527514104451
0.77839918097128336
0.11671571183656848
0.94588852092374198
0.014901329026115739
0.70829060481286543
0.75238860800849006
0.078797080355475835
0.086352701098067142
0.56658409388632336
0.84873680647622618
0.89210340952218603
0.53394896837525163
0.25801827025885671
0.10820873257167718
0.75332267804323649
0.7205068912576873
0.0087989849135998721
0.76357550219514203
0.36102345840733818
0.82891168737772869
0.4339779966153603
0.49754565283797936
0.6726843427330893
0.54158173991627567
