0.268772
0.193828
0.994115
0.747714
0.103069
0.286365
0.004623
0.001900
0.327181
0.176762
0.020995
0.035003
0.526378
0.538182
0.359726
0.784843
0.024352
0.008662
0.346308
0.346308
0.889074
0.969889
0.030449
0.024909
0.674551
0.876640
0.073957
0.053383
0.732717
0.768221
0.771929
0.986713
0.395269
0.461954
0.262075
0.266181
0.144989
0.357141
0.201593
0.182822
0.361023
0.159547
0.289657
0.151466
0.637475
0.484697
0.631053
0.616466
0.373520
0.423700
0.643918
0.270336
0.168694
0.116185
0.526378
0.853792
0.328997
0.331430
0.117249
0.296326
0.369540
0.256008
0.300269
0.465825
0.053795
0.199526
0.134500
0.130658
0.910261
0.589499
0.591280
0.573586
0.679222
0.537334
0.790342
0.758920
0.974025
0.824518
0.558760
0.374186
0.487889
0.459642
0.727083
0.775629
0.171593
0.079180
0.115392
0.577104
0.942555
0.868630
0.508961
0.405062
0.828912
0.697022
0.875052
0.384284
0.941421
0.647610
0.962320
0.996798
0.789427
0.802172
0.510604
0.659651
0.881360
0.551853
0.251036
0.028099
0.110222
0.299139
0.559626
0.358432
0.999493
0.997696
0.933168
0.957206
0.462727
0.774705
0.919797
0.769148
0.792170
0.610127
0.140902
0.274013
0.036747
0.046780
0.298574
0.085120
0.461183
0.895844
0.558760
0.827157
0.917794
0.788512
0.019932
0.033422
0.834147
0.959576
0.660580
0.939699
0.225929
0.144989
0.179393
0.252520
0.669886
0.832407
0.485494
0.913034
0.300269
0.153121
0.086560
0.137214
0.778399
0.841918
0.116716
0.118590
0.945889
0.746778
0.014901
0.252025
0.708291
0.332040
0.752389
0.422972
0.078797
0.251530
0.086353
0.069031
0.566584
0.457338
0.848737
0.628308
0.892103
0.934381
0.533949
0.577104
0.258018
0.445178
0.108209
0.324772
0.753323
0.457338
0.720507
0.388377
0.008799
0.010316
0.763576
0.454277
0.361023
0.260548
0.828912
0.603815
0.433978
0.330820
0.497546
0.451991
0.672684
0.492703
0.541582
0.606517
